interv day time team
1 65 0 1
2 53 90 1
3 1 0 1
4 65 15 2
5 1 15 2
6 65 30 3
7 65 75 4
8 1 30 3
9 66 0 1
10 1 75 4
11 66 45 2
12 66 60 3
13 66 75 4
14 66 90 5
15 2 0 1
16 44 0 1
17 53 105 5
18 54 0 1
19 54 15 2
20 2 45 2
21 1 90 7
22 54 30 3
23 54 45 4
24 54 60 5
25 1 105 8
26 2 90 3
27 65 90 6
28 2 105 4
29 3 0 1
30 44 15 2
31 44 30 2
32 3 45 2
33 44 75 3
34 3 90 3
35 44 90 1
36 45 0 1
37 4 0 1
38 3 105 5
39 45 45 2
40 54 75 6
41 65 105 7
42 66 105 6
43 67 0 1
44 67 15 2
45 4 45 2
46 54 90 7
47 54 105 8
48 55 0 1
49 4 60 3
50 55 15 2
51 4 75 4
52 5 0 1
53 67 30 3
54 5 15 2
55 44 105 5
56 5 30 3
57 5 45 4
58 5 60 5
59 5 75 6
60 55 30 3
61 6 0 1
62 5 90 1
63 5 105 7
64 6 45 2
65 6 90 1
66 6 105 3
67 7 0 1
68 45 90 3
69 46 0 1
70 55 45 1
71 55 60 4
72 67 45 4
73 67 90 5
74 67 105 6
75 7 45 2
76 68 0 1
77 68 15 2
78 7 90 3
79 7 105 4
80 68 30 3
81 68 45 4
82 8 0 1
83 8 45 2
84 8 60 3
85 9 0 1
86 68 60 5
87 9 45 2
88 9 90 3
89 8 105 6
90 9 105 4
91 10 0 1
92 10 15 2
93 10 30 3
94 10 75 2
95 10 90 4
96 11 0 1
97 10 105 6
98 11 45 2
99 45 105 5
100 46 45 1
101 11 90 3
102 11 105 4
103 68 105 6
104 12 0 1
105 46 60 2
106 69 0 1
107 69 15 2
108 69 30 3
109 12 15 2
110 46 105 3
111 12 30 3
112 47 0 1
113 47 15 2
114 12 75 4
115 12 90 5
116 12 105 2
117 69 45 4
118 69 60 3
119 69 105 1
120 13 0 1
121 47 30 3
122 13 15 2
123 13 30 3
124 47 45 4
125 70 0 1
126 13 45 4
127 13 60 5
128 13 75 6
129 47 60 5
130 70 15 2
131 13 90 7
132 70 60 1
133 14 0 1
134 70 75 3
135 71 0 1
136 71 15 2
137 47 75 6
138 47 90 7
139 13 105 9
140 14 45 2
141 14 60 3
142 71 30 3
143 14 75 4
144 71 75 4
145 72 0 1
146 72 45 2
147 73 0 1
148 73 45 2
149 14 90 5
150 14 105 6
151 15 0 1
152 15 15 2
153 15 30 1
154 15 45 3
155 15 90 4
156 73 60 3
157 47 105 8
158 55 75 5
159 55 90 6
160 15 105 5
161 16 0 1
162 71 90 7
163 16 45 2
164 71 105 8
165 16 60 3
166 16 75 1
167 72 90 4
168 16 90 4
169 72 105 5
170 73 105 4
171 16 105 5
172 17 0 1
173 17 15 2
174 74 0 1
175 17 60 3
176 74 45 2
177 74 90 3
178 17 105 4
179 18 0 1
180 18 15 2
181 18 30 3
182 55 105 7
183 18 45 4
184 56 0 1
185 74 105 4
186 75 0 1
187 75 45 2
188 75 60 3
189 48 0 1
190 18 60 5
191 18 75 6
192 19 0 1
193 19 15 2
194 75 75 4
195 76 0 1
196 76 15 2
197 76 30 3
198 76 45 4
199 76 60 5
200 19 30 3
201 76 75 6
202 19 75 4
203 19 90 5
204 19 105 6
205 48 45 2
206 48 60 3
207 48 75 4
208 48 90 5
209 20 0 1
210 48 105 6
211 76 90 4
212 20 45 2
213 76 105 7
214 77 0 1
215 20 60 3
216 20 105 4
217 77 15 2
218 77 30 3
219 77 75 4
220 77 90 5
221 77 105 6
222 78 0 1
223 78 15 2
224 21 0 1
225 21 15 2
226 21 30 3
227 21 45 4
228 78 60 3
229 78 75 4
230 21 60 5
231 49 0 1
232 78 90 5
233 78 105 6
234 22 0 1
235 21 105 6
236 79 0 1
237 79 15 2
238 22 45 2
239 49 15 2
240 49 30 3
241 22 60 3
242 22 75 4
243 79 30 3
244 22 90 5
245 79 45 4
246 79 90 5
247 79 105 6
248 80 0 1
249 56 15 2
250 22 105 6
251 49 45 4
252 23 0 1
253 23 15 2
254 56 30 3
255 56 75 4
256 23 30 3
257 23 45 4
258 56 90 5
259 23 90 2
260 23 105 5
261 24 0 1
262 24 15 2
263 24 60 3
264 56 105 6
265 24 75 4
266 57 0 1
267 57 15 2
268 57 30 3
269 25 0 1
270 57 75 4
271 57 90 3
272 57 105 5
273 58 0 1
274 25 15 2
275 25 30 3
276 58 15 2
277 58 30 3
278 25 45 4
279 58 75 4
280 25 90 5
281 25 105 6
282 49 60 5
283 49 105 6
284 58 90 5
285 26 0 1
286 80 15 2
287 26 15 2
288 80 30 3
289 26 30 3
290 26 45 4
291 50 0 1
292 50 15 2
293 50 30 3
294 26 90 5
295 27 0 1
296 58 105 1
297 59 0 1
298 59 15 2
299 59 30 3
300 26 105 6
301 27 45 2
302 27 60 3
303 27 75 4
304 28 0 1
305 28 15 2
306 28 30 3
307 28 75 4
308 50 45 4
309 51 0 1
310 28 90 5
311 29 0 1
312 29 45 2
313 28 105 7
314 29 90 3
315 50 90 6
316 80 45 1
317 80 60 4
318 80 75 5
319 81 0 1
320 81 15 2
321 29 105 4
322 30 0 1
323 50 105 7
324 51 45 2
325 81 30 2
326 30 15 2
327 30 30 3
328 30 45 4
329 81 45 3
330 81 60 4
331 30 60 5
332 81 75 5
333 59 45 4
334 82 0 1
335 82 45 2
336 52 0 1
337 82 60 3
338 82 75 4
339 31 0 1
340 31 45 2
341 31 90 3
342 30 105 8
343 51 90 4
344 59 90 5
345 51 105 5
346 83 0 1
347 31 105 4
348 83 45 2
349 32 0 1
350 83 60 3
351 32 45 2
352 84 0 1
353 84 45 2
354 84 60 3
355 84 75 4
356 81 90 8
357 84 90 5
358 84 105 3
359 85 0 1
360 85 15 2
361 85 30 3
362 32 60 3
363 81 105 9
364 85 45 4
365 85 90 5
366 52 45 2
367 59 105 6
368 52 90 3
369 60 0 1
370 32 75 4
371 32 90 5
372 82 90 7
373 60 15 2
374 82 105 8
375 83 105 6
376 85 105 6
377 52 105 4
378 53 0 1
379 32 105 6
380 33 0 1
381 33 45 2
382 86 0 1
383 33 60 3
384 33 75 4
385 86 15 2
386 33 90 5
387 33 105 6
388 34 0 1
389 60 30 3
390 86 30 3
391 86 45 4
392 86 60 5
393 86 75 6
394 87 0 1
395 87 45 2
396 87 60 3
397 87 105 4
398 88 0 1
399 53 15 2
400 53 30 1
401 34 15 2
402 34 30 3
403 34 45 4
404 34 90 5
405 35 0 1
406 53 45 3
407 60 75 4
408 61 0 1
409 61 45 2
410 61 60 3
411 34 105 7
412 35 45 2
413 35 60 3
414 35 75 4
415 35 90 5
416 35 105 6
417 36 0 1
418 60 90 7
419 60 105 8
420 61 105 4
421 86 90 8
422 86 105 9
423 88 15 2
424 36 15 2
425 36 30 3
426 36 45 4
427 36 60 1
428 36 75 5
429 36 90 6
430 36 105 7
431 37 0 1
432 37 15 2
433 37 30 3
434 37 45 4
435 37 60 5
436 37 75 6
437 37 90 4
438 37 105 7
439 88 30 3
440 38 0 1
441 38 45 2
442 38 60 3
443 38 105 4
444 88 45 4
445 39 0 1
446 39 15 2
447 39 30 3
448 62 0 1
449 62 45 2
450 62 60 3
451 62 75 4
452 63 0 1
453 63 45 2
454 88 60 5
455 39 75 4
456 40 0 1
457 39 90 6
458 39 105 3
459 40 45 2
460 40 60 3
461 40 105 3
462 41 0 1
463 41 15 2
464 88 105 5
465 89 0 1
466 89 15 2
467 41 30 3
468 53 60 4
469 41 45 1
470 53 75 3
471 41 60 4
472 41 75 5
473 41 90 6
474 41 105 7
475 42 0 1
476 89 30 3
477 42 15 2
478 42 30 3
479 42 45 4
480 42 60 4
481 89 45 4
482 42 75 5
483 63 60 3
484 42 90 6
485 42 105 7
486 63 75 4
487 64 0 1
488 43 0 1
489 43 15 2
490 43 60 3
491 64 45 2
492 43 75 4
493 64 60 3
494 64 75 4
495 89 60 5
496 89 75 6
497 89 90 7
498 90 0 1
499 43 90 5
500 43 105 6
