day not_working team1 team2 team3 team4 team5 team6 team7 team8 team9 team10 team11 team12 team13 team14 team15 team16 team17 team18 team19 team20 team21 team22 team23 team24 team25 team26 team27 team28 team29 team30 team31 team32 team33 team34 team35 team36 team37 team38 team39 team40 team41 team42 team43 team44 team45 team46 team47 team48 team49 team50 team51 team52 team53 team54 team55 team56 team57 team58 team59 team60 team61 team62 team63 team64 team65 team66 team67 team68 team69 team70 team71 team72
1 [] [2 6 7] [1 3 5] [1 2 3 6] [3 5 6 7] [1 3] [2 3 5 7] [2 3 5] [3 5 6] [1 2 3 4 5 6 7 11] [2 6] [3 5] [1 2 3 6 7] [3 4 5] [3 4] [1 2 3] [1 2 3 4 5 6 7 8 11] [2 6 7 8 11 15] [2 6 7 8] [1] [1 2] [1 2 3 5] [1 2 3 5 6 7 8] [2 3 4 5 6 7] [2] [1 2 3 4 5 8 9] [3 4 5 6 8] [3 4 5 8 9] [3 4 5 8] [1 2 3 5 7] [2 3 5 7 8] [1 3 5 6] [2 6 11] [3] [1 2 3 4 5 6 8 9] [3 4 5 6] [1 2 3 5 6] [2 6 7 8 11 15 16 17] [3 4 5 6 7 8 9] [2 6 7 8 9 11 15] [1 3 5 6 8] [3 5 6 7 8] [1 2 3 4 5 6 7 8] [2 6 11 15] [1 2 3 4 5 6 7 8 9 11] [2 3] [1 2 3 4 5 6 7 8 9 11 15] [2 3 5 7 8 10] [2 3 4 5 6] [1 2 3 4 5 8] [2 6 7 11 15 16] [1 2 3 5 6 7 8 9] [1 2 3 4 5 6 7] [1 3 4] [1 2 3 4 5 6 7 8 11 15] [2 6 7 11 15] [1 2 3 5 6 7 8 11 15] [1 2 3 4 5 6 8] [2 6 7 8 9 11 15 16 17] [1 2 3 4 5 6] [2 6 7 11] [1 3 5 6 8 9] [1 2 3 4 5 7 8] [1 3 5 6 7 8] [1 3 5 6 8 9 11] [2 6 7 8 9] [] [] [] [] [] [] []
2 [3] [1 5] [2 5 7 8] [1 2 4 5 6 7 8 11] [5 6 7] [2 6] [5] [2 5 7] [1 2 6 7 8] [5 6 7 8] [4 5 6] [4 5] [1 2 5] [1 2 4 5 6 7 8 9 11] [2 6 7 8 11 15] [5 6] [2 6 7 8] [4 5 8] [1] [1 2] [2 6 7] [1 2 5 6] [1 2 5 6 7 8 10] [2 4 5 6 7 8] [2] [1 2 4 5 6 8 9 10] [1 2 6] [4 5 6 8 10] [4 5 8 9 10] [4 5 8 9] [1 2 5 6 7] [2 5 7 8 10] [1 5 6 8] [2 6 11] [4] [4 5 6 8] [2 6 7 8 11 15 16 17] [4 5 6 7 8 9 10] [2 6 7 8 9 11 15] [1 2 6 7] [1 5 6 8 9] [5 6 7 8 9] [1 2 4 5 6 7 8 10] [1 5 8] [2 6 11 15] [2 5] [1 2 5 7 8] [1 2 4 5 6 7 8 9 10 11 15] [2 5 7 8 10 12] [2 4 5 6 8] [1 2 5 6 7 8] [1 2 4 5 8 9] [2 6 7 11 15 16] [1 2 5 6 7 8 9] [1 5 6] [1 2 4 5 6 7] [1 4 5] [1 2 4 5 6 7 8 9 10] [1 2 4 5 6 7 8] [2 6 7 11 15] [1 2 5 6 7 8 9 11 15] [1 2 4 5 6 8 9] [2 6 7 8 9 11 15 16 17] [1 2 4 5 6 7 8 9] [2 6 7 11] [1 5 6 8 9 11] [1 2 4 5 7 8 10] [2 5 8] [1 2 4 5 6 8 10] [1 5 6 7 8 9] [1 2 5 6 7 8 10 11 15] [1 5 6 8 9 11 14] [2 6 7 8 9]
3 [] [2 6] [3 5] [2 3 5] [1 2 3 6 7] [3 5 6 7] [3 4 5] [3 4] [1 2 3] [1 2 3 4 5 6 7 8 11] [2 6 7 8 11 15] [3 5 6] [2 6 7 8] [1] [1 2] [1 3] [2 6 7] [1 2 3 5] [1 2 3 5 6 7 8] [2 3 4 5 6 7] [2] [1 2 3 4 5 8 9] [3 4 5 6 8] [3 4 5 8 9] [3 4 5 8] [1 2 3 5 7] [2 3 5 7 8] [1 3 5 6] [2 6 11] [3] [1 2 3 4 5 6 8 9] [3 4 5 6] [1 2 3 5 6] [2 6 7 8 11 15 16 17] [3 4 5 6 7 8 9] [2 6 7 8 9 11 15] [1 2 3 6] [1 3 5 6 8] [2 3 5 7] [3 5 6 7 8] [1 2 3 4 5 6 7 8] [2 6 11 15] [1 2 3 4 5 6 7 8 9 11] [2 3] [1 2 3 4 5 6 7 8 9 11 15] [2 3 5 7 8 10] [2 3 4 5 6] [1 2 3 4 5 8] [2 6 7 11 15 16] [1 2 3 5 6 7 8 9] [1 3 5] [1 2 3 4 5 6 7] [1 3 4] [1 2 3 4 5 6 7 8 11 15] [2 6 7 11 15] [1 2 3 5 6 7 8 11 15] [1 2 3 4 5 6 8] [2 6 7 8 9 11 15 16 17] [1 2 3 4 5 6] [2 6 7 11] [1 3 5 6 8 9] [1 2 3 4 5 7 8] [1 3 5 6 7 8] [1 3 5 6 8 9 11] [2 6 7 8 9] [] [] [] [] [] [] [] []
4 [] [1 2 3 6 7] [3 4 5] [3 4] [2 3 5] [3 5 6] [1 2 3] [1 2 3 4 5 6 7 8 11] [2 6 7 8 11 15] [3 5 6 7] [2 6 7 8] [3 5] [1] [1 2] [1 3] [2 6 7] [1 2 3 5] [1 2 3 5 6 7 8] [2 3 4 5 6 7] [2] [1 2 3 4 5 8 9] [3 4 5 6 8] [3 4 5 8 9] [3 4 5 8] [1 2 3 5 7] [2 3 5 7 8] [1 3 5 6] [2 6 11] [3] [1 2 3 4 5 6 8 9] [3 4 5 6] [1 2 3 5 6] [2 6 7 8 11 15 16 17] [3 4 5 6 7 8 9] [2 6 7 8 9 11 15] [1 2 3 6] [1 3 5 6 8] [2 3 5 7] [3 5 6 7 8] [1 2 3 4 5 6 7 8] [2 6 11 15] [1 2 3 4 5 6 7 8 9 11] [2 3] [1 2 3 4 5 6 7 8 9 11 15] [2 3 5 7 8 10] [2 3 4 5 6] [1 2 3 4 5 8] [2 6 7 11 15 16] [1 2 3 5 6 7 8 9] [1 3 5] [1 2 3 4 5 6 7] [1 3 4] [1 2 3 4 5 6 7 8 11 15] [2 6 7 11 15] [1 2 3 5 6 7 8 11 15] [1 2 3 4 5 6 8] [2 6 7 8 9 11 15 16 17] [1 2 3 4 5 6] [2 6 7 11] [2 6] [1 3 5 6 8 9] [1 2 3 4 5 7 8] [1 3 5 6 7 8] [1 3 5 6 8 9 11] [2 6 7 8 9] [] [] [] [] [] [] [] []
5 [] [3 5 6] [1 2 3] [1 2 3 4 5 6 7 8 11] [2 6 7 8 11 15] [3 5 6 7] [2 6 7 11] [2 6 7 8] [3 4] [3 5] [1] [1 2] [1 3] [2 6 7] [1 2 3 5] [1 2 3 5 6 7 8] [2 3 4 5 6 7] [2] [1 2 3 4 5 8 9] [3 4 5 6 8] [2 3 5] [3 4 5 8 9] [3 4 5 8] [3 4 5] [1 2 3 5 7] [2 3 5 7 8] [1 3 5 6] [2 6 11] [3] [1 2 3 4 5 6 8 9] [3 4 5 6] [1 2 3 5 6] [2 6 7 8 11 15 16 17] [3 4 5 6 7 8 9] [2 6 7 8 9 11 15] [1 2 3 6] [1 3 5 6 8] [2 3 5 7] [3 5 6 7 8] [1 2 3 4 5 6 7 8] [2 6 11 15] [1 2 3 4 5 6 7 8 9 11] [2 3] [1 2 3 4 5 6 7 8 9 11 15] [2 3 5 7 8 10] [2 3 4 5 6] [1 2 3 6 7] [1 2 3 4 5 8] [2 6 7 11 15 16] [1 2 3 5 6 7 8 9] [1 3 5] [1 2 3 4 5 6 7] [1 3 4] [1 2 3 4 5 6 7 8 11 15] [2 6 7 11 15] [1 2 3 5 6 7 8 11 15] [1 2 3 4 5 6 8] [2 6 7 8 9 11 15 16 17] [1 2 3 4 5 6] [2 6] [1 3 5 6 8 9] [1 2 3 4 5 7 8] [1 3 5 6 7 8] [1 3 5 6 8 9 11] [2 6 7 8 9] [] [] [] [] [] [] [] []
6 [2 26] [3 5 6 7] [3 4] [3 5] [1] [1 3] [3 5 6] [6 7 8] [1 3 5 6] [1 3 5 6 7 8 10] [3 4 5 6 7 8] [3] [1 3 4 5 8 9] [1 3 4 5 6 7 8 11] [1 3 6] [3 4 5 6 8] [3 5 7] [3 4 5 8 9] [3 4 5 8] [6 7 8 9 11 15] [3 4 5] [1 3 5 6 7 9] [3 5 7 8 10] [6 7 11] [3 5 7 8] [1 3 5] [1 3 4 5 6 7 8 9] [3 4 5 6] [1 3 5 6 7] [6 7 8 9 11 15 16 17] [3 4 5 6 7 8 9] [6 7 8 9 10 11 15] [1 3 6 7] [1 3 5 6 8] [3 5 6 7 8] [1 3 4 5 6 7 8 10] [6 7 11 15] [1 3 4 5 6 7 8 9 10 11] [1 3 5 7 8] [1 3 4 5 6 7 8 9 11 15] [3 5 7 8 10 12] [1 3 5 6 7 8] [1 3 4 5 8] [6 7 8 11 15 16] [1 3 5 6 7 8 9 10] [1 3 4 5 6 7] [1 3 4] [6 7 8 9] [1 3 4 5 6 7 8 9 10] [1 3 4 5 6 7 8 9 10 11 15] [6 7 8 11 15] [1 3 5 6 7 8 9 11 15] [1 3 4 5 6 8] [6 7 8 9 10 11 15 16 17] [1 3 4 5 6] [6] [6 7 8 11] [1 3 4 5 6 7 8] [6 7] [1 3 5 6 8 9] [1 3 4 5 7 8 10] [3 5 8] [1 3 5 6 7 8 10 11 15] [1 3 5 6 8 9 11] [6 7 8 9 10] [1 3 4 5 6 7 8 9 11] [] [] [] [] [] [] []
7 [12 15] [1] [1 2] [1 3] [3 5 6] [2 6 7] [1 2 3 5] [1 2 3 5 6 7 8] [2 3 4 5 6 7] [2] [1 2 3 4 5 8 9] [1 2 3 4 5 6 7 8 11] [3 5 6 7] [1 2 3] [3 4 5 6 8] [2 3 5] [3 4 5 8 9] [3 4 5 8] [2 6 7 8 11 16] [3 4 5] [3 4] [1 2 3 5 7] [2 3 5 7 8] [1 3 5 6] [2 6 11] [3] [1 2 3 4 5 6 8 9] [3 4 5 6] [1 2 3 5 6] [2 6 7 8 11 16 17 19] [3 5] [3 4 5 6 7 8 9] [2 6 7 8 9 11 16] [1 2 3 6] [1 3 5 6 8] [2 3 5 7] [3 5 6 7 8] [1 2 3 4 5 6 7 8] [2 6 11 16] [1 2 3 4 5 6 7 8 9 11] [2 3] [1 2 3 4 5 6 7 8 9 11 16] [2 3 5 7 8 10] [2 3 4 5 6] [1 2 3 6 7] [1 2 3 4 5 8] [2 6 7 11 16 17] [1 2 3 5 6 7 8 9] [1 3 5] [1 2 3 4 5 6 7] [1 3 4] [2 6 7 8] [1 2 3 4 5 6 7 8 11 16] [2 6 7 11 16] [1 2 3 5 6 7 8 11 16] [1 2 3 4 5 6 8] [2 6 7 8 9 11 16 17 19] [1 2 3 4 5 6] [2 6 7 11] [2 6] [1 3 5 6 8 9] [1 2 3 4 5 7 8] [1 3 5 6 7 8] [1 3 5 6 8 9 11] [2 6 7 8 9] [] [] [] [] [] [] [] []
8 [20] [1 2] [2 6 7] [1 2 3 5] [1] [1 2 3 5 6 7 8] [2 3 4 5 6 7] [2] [1 2 3 4 5 8 9] [1 2 3 4 5 6 7 8 11] [3 5 6 7] [1 2 3] [3 5 6] [3 4 5 6 8] [2 3 5] [3 4 5 8 9] [3 4 5 8] [2 6 7 8 11 15] [3 4 5] [3 4] [1 2 3 5 7] [2 3 5 7 8] [1 3 5 6] [2 6 11] [3] [1 2 3 4 5 6 8 9] [3 4 5 6] [1 2 3 5 6] [2 6 7 8 11 15 16 17] [3 5] [3 4 5 6 7 8 9] [2 6 7 8 9 11 15] [1 2 3 6] [1 3 5 6 8] [2 3 5 7] [3 5 6 7 8] [1 2 3 4 5 6 7 8] [1 3] [2 6 11 15] [1 2 3 4 5 6 7 8 9 11] [2 3] [1 2 3 4 5 6 7 8 9 11 15] [2 3 5 7 8 10] [2 3 4 5 6] [1 2 3 6 7] [1 2 3 4 5 8] [2 6 7 11 15 16] [1 2 3 5 6 7 8 9] [1 3 5] [1 2 3 4 5 6 7] [1 3 4] [2 6 7 8] [1 2 3 4 5 6 7 8 11 15] [2 6 7 11 15] [1 2 3 5 6 7 8 11 15] [1 2 3 4 5 6 8] [2 6 7 8 9 11 15 16 17] [1 2 3 4 5 6] [2 6 7 11] [2 6] [1 3 5 6 8 9] [1 2 3 4 5 7 8] [1 3 5 6 7 8] [1 3 5 6 8 9 11] [2 6 7 8 9] [] [] [] [] [] [] [] []
9 [] [1] [1 2 3 5 6 7 8] [1 2 3 5 6] [2 6 7] [2] [1 2 3 4 5 8 9] [1 2 3 4 5 6 7 8 11] [3 5 6 7] [1 2 3] [3 5 6] [3 4 5 6 8] [2 3 5] [3 4 5 8 9] [3 4 5 8] [2 6 7 8 11 15] [3 4 5] [3 4] [1 2 3 5 7] [1 2 3 5] [2 3 5 7 8] [1 3 5 6] [2 6 11] [3] [1 2] [1 2 3 4 5 6 8 9] [3 4 5 6] [2 6 7 8 11 15 16 17] [3 5] [3 4 5 6 7 8 9] [2 6 7 8 9 11 15] [1 2 3 6] [1 3 5 6 8] [2 3 5 7] [3 5 6 7 8] [1 2 3 4 5 6 7 8] [1 3] [2 6 11 15] [1 2 3 4 5 6 7 8 9 11] [2 3] [1 2 3 4 5 6 7 8 9 11 15] [2 3 5 7 8 10] [2 3 4 5 6] [1 2 3 6 7] [1 2 3 4 5 8] [2 6 7 11 15 16] [1 2 3 5 6 7 8 9] [1 3 5] [1 2 3 4 5 6 7] [1 3 4] [2 6 7 8] [1 2 3 4 5 6 7 8 11 15] [2 6 7 11 15] [1 2 3 5 6 7 8 11 15] [1 2 3 4 5 6 8] [2 6 7 8 9 11 15 16 17] [1 2 3 4 5 6] [2 6 7 11] [2 6] [1 3 5 6 8 9] [1 2 3 4 5 7 8] [1 3 5 6 7 8] [1 3 5 6 8 9 11] [2 6 7 8 9] [] [] [] [] [] [] [] [] []
10 [9] [2] [3 4 5 6] [1 2 3] [1 2] [1 2 3 4 5 8 10] [1 2 3 4 5 6 7 8 11] [2 3 5 7 8 10] [3 5 6 7] [3 5 6] [3 4 5 6 8] [2 3 5] [3 4 5 8 10] [3 4 5 8] [2 6 7] [2 6 7 8 11 15] [3 4 5] [3 4] [1 2 3 5 7] [1 2 3 5] [2 3 5 7 8] [1 3 5 6] [2 6 11] [3] [1 2 3 4 5 6 8 10] [1 2 3 5 6] [2 6 7 8 11 15 16 17] [3 5] [3 4 5 6 7 8 10] [2 6 7 8 10 11 15] [1 2 3 6] [1 3 5 6 8] [2 3 5 7] [3 5 6 7 8] [1] [1 2 3 4 5 6 7 8] [1 3] [2 6 11 15] [1 2 3 4 5 6 7 8 10 11] [2 3] [1 2 3 4 5 6 7 8 10 11 15] [2 3 4 5 6] [1 2 3 6 7] [1 2 3 4 5 8] [2 6 7 11 15 16] [1 2 3 5 6 7 8 10] [1 3 5] [1 2 3 4 5 6 7] [1 3 4] [2 6 7 8] [1 2 3 4 5 6 7 8 11 15] [2 6 7 11 15] [1 2 3 5 6 7 8 11 15] [1 2 3 4 5 6 8] [1 2 3 5 6 7 8] [2 6 7 8 10 11 15 16 17] [1 2 3 4 5 6] [2 6 7 11] [2 6] [1 3 5 6 8 11] [1 2 3 4 5 7 8] [1 3 5 6 7 8] [1 3 5 6 8 11 14] [2 6 7 8 10] [] [] [] [] [] [] [] [] []
11 [1] [2 3 4 5 6 8 9] [2 3 5 7 8 10] [3 5 6 7] [3 4 5 6] [2 3 6] [3 5 6] [3 4 5 6 8] [2 3 5] [3 4 5 8 9] [3 4 5 8] [2 6 7] [2 6 7 8 11 15] [3 4 5] [3 4] [2 3 5 6 7 9] [2 3 5 6] [2 3 5 7 8] [3 5 6 8] [2 6 11] [3] [2 3] [2 3 5 6 7] [2 6 7 8 11 15 16 17] [3 5] [3 4 5 6 7 8 9] [2 6 7 8 9 11 15] [2 3 6 7] [3 5 6 8 9] [2 3 5 7] [3 5 6 7 8] [2] [2 3 4 5 6 7 8] [3 5 8] [2 6 11 15] [2 3 4 5 6 7 8 9 11] [2 3 4 5 6 7 8 9 11 15] [2 3 4 5 6] [2 3 6 7 8] [2 3 4 5 8] [2 6 7 11 15 16] [2 3 5 6 7 8 9] [2 3 4 5 6 7] [2 6 7 8] [2 3 4 5 6 7 8 11 15] [2 6 7 11 15] [2 3 5 6 7 8 9 11 15] [2 3 4 5 6 8] [2 6 7 8 9 11 15 16 17] [2 3 4 5 6 7 8 9] [2 6 7 11] [2 6] [3 5 6 8 9 11] [2 3 4 5 7 8] [3 5 6 7 8 9] [2 3 5 6 7 8 11 15] [3 5 6 8 9 11 14] [2 6 7 8 9] [2 3 4 5 6 7 8 11] [] [] [] [] [] [] [] [] [] [] [] [] [] []
12 [7] [1 2 3] [3 5 6] [3 4 5 6 8] [2 3 5] [3 4 5 8 9] [3 4 5 8] [2 6 8] [2 6 8 9 11 15] [3 4 5] [3 4] [1 2 3 5 9] [1 2 3 5] [2 3 5 8 10] [1 3 5 6] [2 6 11] [3] [1 2] [1 2 3 4 5 6 8 9] [3 4 5 6] [1 2 3 5 6] [2 6 8 9 11 15 16 17] [3 5] [3 4 5 6 8 9] [2 6 8 9 10 11 15] [1 2 3 6] [1 3 5 6 8] [2 3 5 8] [3 5 6 8 9] [1] [1 2 3 4 5 6 8 10] [1 3] [2 6 11 15] [1 2 3 4 5 6 8 9 10 11] [2 3] [1 2 3 5 8] [1 2 3 4 5 6 8 9 11 15] [3 5 6 8] [2 3 4 5 6] [1 2 3 6 8] [1 2 3 4 5 8] [2 6 8 11 15 16] [1 2 3 5 6 8 9 10] [1 3 5] [1 2 3 4 5 6 8] [1 3 4] [2 6 8 9] [2 6 8 11 15] [1 2 3 5 6 8 9 11 15] [1 2 3 5 6 8] [2 6 8 9 10 11 15 16 17] [1 2 3 4 5 6] [2] [2 6 8 11] [2 6] [1 3 5 6 8 9] [1 2 3 4 5 8 10] [1 2 3 5 6 8 11 15] [1 3 5 6 8 9 11] [2 6 8 9 10] [1 2 3 4 5 6 8 9 11] [] [] [] [] [] [] [] [] [] [] [] []
13 [] [3 4 5 8] [2 6 7] [2 6 7 8 9 11 15 16] [2 6 7 8 11 15] [3 4 5] [3 4] [1 2 3 5 7] [1 2 3 5] [2 3 5 7 8] [1 3 5 6] [2 6 11] [3] [2 3 5] [1 2] [1 2 3] [1 2 3 4 5 6 8 9] [3 4 5 6] [3 5 6] [1 2 3 5 6] [2 6 7 8 11 15 16 17] [3 5] [3 4 5 6 7 8 9] [2 6 7 8 9 11 15] [1 2 3 6] [1 3 5 6 8] [2 3 5 7] [3 5 6 7 8] [1] [1 2 3 4 5 6 7 8] [1 3] [2 6 11 15] [1 2 3 4 5 6 7 8 9 11] [2 3] [1 2 3 4 5 6 7 8 9 11 15] [3 4 5 6 8] [3 5 6 7] [2 3 5 7 8 10] [2 3 4 5 6] [1 2 3 6 7] [1 2 3 4 5 8] [2 6 7 11 15 16] [3 4 5 8 9] [1 2 3 5 6 7 8 9] [1 3 5] [1 2 3 4 5 6 7] [1 3 4] [2 6 7 8] [1 2 3 4 5 6 7 8 11 15] [2 6 7 11 15] [1 2 3 5 6 7 8 11 15] [1 2 3 4 5 6 8] [1 2 3 5 6 7 8] [2 6 7 8 9 11 15 16 17] [1 2 3 4 5 6] [2] [2 6 7 11] [2 6] [1 3 5 6 8 9] [1 2 3 4 5 7 8] [1 3 5 6 7 8] [1 3 5 6 8 9 11] [2 6 7 8 9] [1 2 3 4 5 6 7 8 11] [] [] [] [] [] [] [] [] []
14 [] [1 2 3 5] [1 3 5 6] [2 6 11] [3] [2 3 5] [1 2 3 5 7] [3 4 5] [1 2] [1 2 3] [1 2 3 4 5 6 8 9] [3 4 5 6] [3 4] [3 5 6] [1 2 3 5 6] [2 6 7 8 11 15 16 17] [3 5] [3 4 5 6 7 8 9] [2 6 7 8 9 11 15] [1 2 3 6] [1 3 5 6 8] [2 3 5 7] [3 5 6 7 8] [1] [1 2 3 4 5 6 7 8] [1 3] [2 6 11 15] [1 2 3 4 5 6 7 8 9 11] [2 3] [1 2 3 4 5 6 7 8 9 11 15] [3 4 5 6 8] [3 5 6 7] [2 3 5 7 8 10] [2 3 4 5 6] [2 3 5 7 8] [1 2 3 6 7] [1 2 3 4 5 8] [2 6 7 11 15 16] [3 4 5 8 9] [1 2 3 5 6 7 8 9] [1 3 5] [1 2 3 4 5 6 7] [1 3 4] [3 4 5 8] [2 6 7 8] [1 2 3 4 5 6 7 8 11 15] [2 6 7] [2 6 7 11 15] [1 2 3 5 6 7 8 11 15] [1 2 3 4 5 6 8] [1 2 3 5 6 7 8] [2 6 7 8 9 11 15 16 17] [1 2 3 4 5 6] [2] [2 6 7 11] [2 6] [1 3 5 6 8 9] [1 2 3 4 5 7 8] [2 6 7 8 11 15] [1 3 5 6 7 8] [1 3 5 6 8 9 11] [2 6 7 8 9] [1 2 3 4 5 6 7 8 11] [] [] [] [] [] [] [] [] [] []
15 [] [3 4 5] [1 2 3 5] [1 2 3 4 5 6 7 8 11] [1 2] [1 3 5 6] [1 2 3] [1 2 3 4 5 6 8 9] [3 4 5 6] [3 4] [3 5 6] [1 2 3 5 6] [3] [2 6 7 8 11 15 16 17] [3 5] [2 3 5] [3 4 5 6 7 8 9] [2 6 7 8 9 11 15] [1 2 3 6] [1 3 5 6 8] [2 3 5 7] [3 5 6 7 8] [1] [1 2 3 4 5 6 7 8] [1 3] [2 6 11 15] [1 2 3 4 5 6 7 8 9 11] [2 3] [1 2 3 5 7] [1 2 3 4 5 6 7 8 9 11 15] [3 4 5 6 8] [3 5 6 7] [2 3 5 7 8 10] [2 3 4 5 6] [2 3 5 7 8] [1 2 3 6 7] [1 2 3 4 5 8] [2 6 7 11 15 16] [3 4 5 8 9] [1 2 3 5 6 7 8 9] [1 3 5] [1 2 3 4 5 6 7] [1 3 4] [3 4 5 8] [2 6 7 8] [1 2 3 4 5 6 7 8 11 15] [2 6 7] [2 6 7 11 15] [1 2 3 5 6 7 8 11 15] [1 2 3 4 5 6 8] [1 2 3 5 6 7 8] [2 6 7 8 9 11 15 16 17] [1 2 3 4 5 6] [2] [2 6 7 11] [2 6] [1 3 5 6 8 9] [1 2 3 4 5 7 8] [2 6 7 8 11 15] [1 3 5 6 7 8] [1 3 5 6 8 9 11] [2 6 7 8 9] [2 6 11] [] [] [] [] [] [] [] [] [] []
16 [20] [1 2] [3 4 5] [1 2 3] [1 2 3 4 5 6 8 9] [1 3 5 6] [3 4 5 6] [3 4] [3 5 6] [1 2 3 5 6] [3] [2 6 7 8 11 15 16 17] [3 5] [2 3 5] [3 4 5 6 7 8 9] [2 6 7 8 9 11 15] [1 2 3 6] [1 3 5 6 8] [2 3 5 7] [3 5 6 7 8] [1] [1 2 3 4 5 6 7 8] [1 3] [2 6 11 15] [1 2 3 4 5 6 7 8 9 11] [2 3] [1 2 3 5 7] [1 2 3 4 5 6 7 8 9 11 15] [3 4 5 6 8] [3 5 6 7] [2 3 5 7 8 10] [2 3 4 5 6] [2 3 5 7 8] [1 2 3 6 7] [1 2 3 4 5 8] [2 6 7 11 15 16] [3 4 5 8 9] [1 2 3 5 6 7 8 9] [1 3 5] [1 2 3 4 5 6 7] [1 3 4] [3 4 5 8] [2 6 7 8] [1 2 3 4 5 6 7 8 11 15] [1 2 3 5] [2 6 7] [2 6 7 11 15] [1 2 3 5 6 7 8 11 15] [1 2 3 4 5 6 8] [1 2 3 5 6 7 8] [2 6 7 8 9 11 15 16 17] [1 2 3 4 5 6] [2] [2 6 7 11] [2 6] [1 3 5 6 8 9] [1 2 3 4 5 7 8] [2 6 7 8 11 15] [1 3 5 6 7 8] [1 3 5 6 8 9 11] [2 6 7 8 9] [2 6 11] [1 2 3 4 5 6 7 8 11] [] [] [] [] [] [] [] [] [] []
17 [] [3 4 5 6] [1 2 3] [3 4 5] [3 4] [3 5 6] [1 2 3 5 6] [1 3 5 6] [3] [2 6 7 8 11 15 16 17] [3 5] [2 3 5] [3 4 5 6 7 8 9] [2 6 7 8 9 11 15] [1 2 3 6] [1 3 5 6 8] [2 3 5 7] [3 5 6 7 8] [1] [1 2 3 4 5 6 7 8] [1 3] [2 6 11 15] [1 2 3 4 5 6 7 8 9 11] [2 3] [1 2 3 5 7] [1 2 3 4 5 6 7 8 9 11 15] [3 4 5 6 8] [3 5 6 7] [2 3 5 7 8 10] [2 3 4 5 6] [2 3 5 7 8] [1 2 3 6 7] [1 2 3 4 5 8] [2 6 7 11 15 16] [3 4 5 8 9] [1 2 3 5 6 7 8 9] [1 2] [1 3 5] [1 2 3 4 5 6 7] [1 3 4] [3 4 5 8] [2 6 7 8] [1 2 3 4 5 6 7 8 11 15] [1 2 3 5] [2 6 7] [2 6 7 11 15] [1 2 3 5 6 7 8 11 15] [1 2 3 4 5 6 8] [1 2 3 5 6 7 8] [2 6 7 8 9 11 15 16 17] [1 2 3 4 5 6] [2] [2 6 7 11] [2 6] [1 3 5 6 8 9] [1 2 3 4 5 7 8] [2 6 7 8 11 15] [1 3 5 6 7 8] [1 3 5 6 8 9 11] [2 6 7 8 9] [2 6 11] [1 2 3 4 5 6 7 8 11] [] [] [] [] [] [] [] [] [] [] []
18 [] [3 4] [3 5 6] [1 2 3 5] [3 4 5 6] [1 2 3 5 6] [1 3 5 6] [3] [2 6 7 8 11 15 16 17] [3 5] [2 3 5] [3 4 5 6 7 8 9] [2 6 7 8 9 11 15] [1 2 3 6] [1 2 3] [1 3 5 6 8] [2 3 5 7] [3 5 6 7 8] [1] [1 2 3 4 5 6 7 8] [1 3] [2 6 11 15] [1 2 3 4 5 6 7 8 9 11] [2 3] [1 2 3 5 7] [1 2 3 4 5 6 7 8 9 11 15] [3 4 5 6 8] [3 5 6 7] [2 3 5 7 8 10] [2 3 4 5 6] [2 3 5 7 8] [1 2 3 6 7] [1 2 3 4 5 8] [2 6 7 11 15 16] [3 4 5 8 9] [1 2 3 5 6 7 8 9] [1 2] [3 4 5] [1 3 5] [1 2 3 4 5 6 7] [1 3 4] [3 4 5 8] [2 6 7 8] [1 2 3 4 5 6 7 8 11 15] [2 6 7] [2 6 7 11 15] [1 2 3 5 6 7 8 11 15] [1 2 3 4 5 6 8] [1 2 3 5 6 7 8] [2 6 7 8 9 11 15 16 17] [1 2 3 4 5 6] [2] [2 6 7 11] [2 6] [1 3 5 6 8 9] [1 2 3 4 5 7 8] [2 6 7 8 11 15] [1 3 5 6 7 8] [1 3 5 6 8 9 11] [2 6 7 8 9] [2 6 11] [1 2 3 4 5 6 7 8 11] [] [] [] [] [] [] [] [] [] [] []
19 [] [3] [2 6 7 8 11 15 16 17] [3 5] [3 4] [2 3 5] [1 2 3] [3 4 5 6 7 8 9] [2 6 7 8 9 11 15] [1 2 3 6] [3 5 6] [1 3 5 6 8] [2 3 5 7] [3 5 6 7 8] [1] [1 2 3 4 5 6 7 8] [1 3] [2 6 11 15] [1 2 3 4 5 6 7 8 9 11] [2 3] [1 2 3 5 7] [1 2 3 4 5 6 7 8 9 11 15] [3 4 5 6 8] [1 2 3 5 6] [3 5 6 7] [2 3 5 7 8 10] [2 3 4 5 6] [2 3 5 7 8] [1 2 3 6 7] [1 2 3 4 5 8] [3 4 5 6] [1 3 5 6] [2 6 7 11 15 16] [3 4 5 8 9] [1 2 3 5 6 7 8 9] [1 2] [3 4 5] [1 3 5] [1 2 3 4 5 6 7] [1 3 4] [3 4 5 8] [2 6 7 8] [1 2 3 4 5 6 7 8 11 15] [1 2 3 5] [2 6 7] [2 6 7 11 15] [1 2 3 5 6 7 8 11 15] [1 2 3 4 5 6 8] [1 2 3 5 6 7 8] [2 6 7 8 9 11 15 16 17] [1 2 3 4 5 6] [2] [2 6 7 11] [2 6] [1 3 5 6 8 9] [1 2 3 4 5 7 8] [2 6 7 8 11 15] [1 3 5 6 7 8] [1 3 5 6 8 9 11] [2 6 7 8 9] [2 6 11] [1 2 3 4 5 6 7 8 11] [] [] [] [] [] [] [] [] [] [] []
20 [] [3 4 5 6 7 8 9] [2 6 7 8 9 11 15] [1 2 3 6] [3 4 5] [1 2 3] [3 5 6] [1 3 5 6 8] [2 3 5 7] [2 3 5] [3 5 6 7 8] [1] [1 2 3 4 5 6 7 8] [1 3] [2 6 11 15] [3] [1 2 3 4 5 6 7 8 9 11] [2 3] [1 2 3 5 7] [1 2 3 4 5 6 7 8 9 11 15] [3 4 5 6 8] [1 2 3 5 6] [3 5 6 7] [2 3 5 7 8 10] [3 4] [2 3 4 5 6] [2 3 5 7 8] [1 2 3 6 7] [1 2 3 4 5 8] [3 4 5 6] [1 3 5 6] [2 6 7 11 15 16] [3 4 5 8 9] [1 2 3 5 6 7 8 9] [1 2] [1 3 5] [1 2 3 4 5 6 7] [1 3 4] [3 4 5 8] [2 6 7 8] [1 2 3 4 5 6 7 8 11 15] [1 2 3 5] [2 6 7] [2 6 7 11 15] [1 2 3 5 6 7 8 11 15] [1 2 3 4 5 6 8] [1 2 3 5 6 7 8] [2 6 7 8 9 11 15 16 17] [1 2 3 4 5 6] [2] [3 5] [2 6 7 11] [2 6] [1 3 5 6 8 9] [1 2 3 4 5 7 8] [2 6 7 8 11 15] [1 3 5 6 7 8] [1 3 5 6 8 9 11] [2 6 7 8 9] [2 6 11] [1 2 3 4 5 6 7 8 11] [] [] [] [] [] [] [] [] [] [] [] []
21 [] [1 2 3] [3 5 6] [1 3 5 6 8] [2 3 5 7] [2 3 5] [1 2 3 6] [3 5 6 7 8] [1] [1 2 3 4 5 6 7 8] [1 3] [2 6 11 15] [3] [1 2 3 4 5 6 7 8 9 11] [2 3] [1 2 3 5 7] [1 2 3 4 5 6 7 8 9 11 15] [3 4 5 6 8] [1 2 3 5 6] [3 5 6 7] [2 3 5 7 8 10] [3 4] [2 3 4 5 6] [2 3 5 7 8] [1 2 3 6 7] [1 2 3 4 5 8] [3 4 5 6] [1 3 5 6] [2 6 7 11 15 16] [3 4 5 8 9] [1 2 3 5 6 7 8 9] [1 2] [3 4 5] [1 3 5] [1 2 3 4 5 6 7] [1 3 4] [3 4 5 8] [2 6 7 8] [1 2 3 4 5 6 7 8 11 15] [1 2 3 5] [2 6 7] [2 6 7 11 15] [1 2 3 5 6 7 8 11 15] [1 2 3 4 5 6 8] [1 2 3 5 6 7 8] [2 6 7 8 9 11 15 16 17] [1 2 3 4 5 6] [2] [3 5] [2 6 7 11] [2 6] [1 3 5 6 8 9] [1 2 3 4 5 7 8] [2 6 7 8 11 15] [1 3 5 6 7 8] [1 3 5 6 8 9 11] [2 6 7 8 9] [2 6 11] [1 2 3 4 5 6 7 8 11] [] [] [] [] [] [] [] [] [] [] [] [] [] []
22 [13] [3 5 6] [3 5 6 7 8] [1] [1 2 3 4 5 6 7 8] [1 2 3 6] [1 3] [2 6 11 15] [3] [1 2 3] [1 2 3 4 5 6 7 8 9 11] [2 3] [1 2 3 5 7] [1 2 3 4 5 6 7 8 9 11 15] [3 4 5 6 8] [1 2 3 5 6] [3 5 6 7] [1 3 5 6 8] [2 3 5 7 8 10] [3 4] [2 3 4 5 6] [2 3 5 7 8] [1 2 3 6 7] [1 2 3 4 5 8] [3 4 5 6] [1 3 5 6] [2 6 7 11 15 16] [3 4 5 8 9] [1 2 3 5 6 7 8 9] [2 3 5] [1 2] [3 4 5] [2 3 5 7] [1 3 5] [1 2 3 4 5 6 7] [1 3 4] [3 4 5 8] [2 6 7 8] [1 2 3 4 5 6 7 8 11 15] [1 2 3 5] [2 6 7] [2 6 7 11 15] [1 2 3 5 6 7 8 11 15] [1 2 3 4 5 6 8] [1 2 3 5 6 7 8] [2 6 7 8 9 11 15 16 17] [1 2 3 4 5 6] [2] [3 5] [2 6 7 11] [2 6] [1 3 5 6 8 9] [1 2 3 4 5 7 8] [2 6 7 8 11 15] [1 3 5 6 7 8] [1 3 5 6 8 9 11] [2 6 7 8 9] [2 6 11] [1 2 3 4 5 6 7 8 11] [] [] [] [] [] [] [] [] [] [] [] [] [] []
23 [13] [2 6 11 15] [3] [1 2 3] [1 2 3 4 5 6 7 8 9 11] [3 5 6] [1 2] [2 3] [1 2 3 5 7] [1 2 3 4 5 6 7 8 9 11 15] [3 4 5 6 8] [1 2 3 5 6] [3 5 6 7] [1 3 5 6 8] [2 3 5 7 8 10] [3 4] [2 3 4 5 6] [2 3 5 7 8] [1 2 3 6 7] [1 2 3 4 5 8] [3 4 5 6] [1] [1 3 5 6] [1 2 3 6] [1 3] [2 6 7 11 15 16] [3 4 5 8 9] [1 2 3 5 6 7 8 9] [2 3 5] [3 4 5] [2 3 5 7] [1 3 5] [1 2 3 4 5 6 7] [1 3 4] [3 4 5 8] [2 6 7 8] [1 2 3 4 5 6 7 8] [1 2 3 4 5 6 7 8 11 15] [1 2 3 5] [2 6 7] [2 6 7 11 15] [1 2 3 5 6 7 8 11 15] [1 2 3 4 5 6 8] [3 5 6 7 8] [1 2 3 5 6 7 8] [2 6 7 8 9 11 15 16 17] [1 2 3 4 5 6] [2] [3 5] [2 6 7 11] [2 6] [1 3 5 6 8 9] [1 2 3 4 5 7 8] [2 6 7 8 11 15] [1 3 5 6 7 8] [1 3 5 6 8 9 11] [2 6 7 8 9] [2 6 11] [1 2 3 4 5 6 7 8 11] [] [] [] [] [] [] [] [] [] [] [] [] [] []
24 [24] [1 2] [1 2 3] [1] [2 3] [1 2 3 5 7] [3 5 6] [1 2 3 4 5 6 7 8 9 11 15] [3 4 5 6 8] [1 2 3 5 6] [3 5 6 7] [1 3 5 6 8] [2 3 5 7 8 10] [3 4] [2 3 4 5 6] [2 3 5 7 8] [1 2 3 6 7] [1 2 3 4 5 8] [3 4 5 6] [3] [1 3 5 6] [1 2 3 6] [1 3] [2 6 7 11 15 16] [3 4 5 8 9] [1 2 3 5 6 7 8 9] [2 3 5] [3 4 5] [2 3 5 7] [1 3 5] [1 2 3 4 5 6 7] [1 3 4] [3 4 5 8] [2 6 7 8] [1 2 3 4 5 6 7 8] [1 2 3 4 5 6 7 8 11 15] [1 2 3 5] [2 6 7] [2 6 7 11 15] [1 2 3 5 6 7 8 11 15] [1 2 3 4 5 6 8] [3 5 6 7 8] [1 2 3 5 6 7 8] [2 6 7 8 9 11 15 16 17] [1 2 3 4 5 6] [2] [3 5] [2 6 7 11] [2 6] [1 3 5 6 8 9] [1 2 3 4 5 7 8] [2 6 7 8 11 15] [1 3 5 6 7 8] [1 3 5 6 8 9 11] [2 6 7 8 9] [2 6 11 15] [2 6 11] [1 2 3 4 5 6 7 8 11] [] [] [] [] [] [] [] [] [] [] [] [] [] [] []
25 [] [1 2 3 5 7] [3 5 6] [1 2 3 4 5 6 7 8 9 11 15] [3 4 5 6 8] [1 2 3 5 6] [3 5 6 7] [1 3 5 6 8] [2 3] [2 3 5 7 8 10] [3 4] [2 3 4 5 6] [2 3 5 7 8] [1 2 3 6 7] [1 2 3 4 5 8] [3 4 5 6] [3] [1] [1 3 5 6] [1 2 3 6] [1 3] [2 6 7 11 15 16] [3 4 5 8 9] [1 2 3 5 6 7 8 9] [2 3 5] [1 2] [3 4 5] [2 3 5 7] [1 3 5] [1 2 3 4 5 6 7] [1 3 4] [3 4 5 8] [2 6 7 8] [1 2 3] [1 2 3 4 5 6 7 8] [1 2 3 4 5 6 7 8 11 15] [1 2 3 5] [2 6 7] [2 6 7 11 15] [1 2 3 5 6 7 8 11 15] [1 2 3 4 5 6 8] [3 5 6 7 8] [1 2 3 5 6 7 8] [2 6 7 8 9 11 15 16 17] [1 2 3 4 5 6] [2] [3 5] [2 6 7 11] [2 6] [1 3 5 6 8 9] [1 2 3 4 5 7 8] [2 6 7 8 11 15] [1 3 5 6 7 8] [1 3 5 6 8 9 11] [2 6 7 8 9] [2 6 11 15] [2 6 11] [1 2 3 4 5 6 7 8 11] [] [] [] [] [] [] [] [] [] [] [] [] [] [] []
26 [] [1 3 5 6 8] [2 3] [2 3 5 7 8 10] [3 4] [2 3 4 5 6] [2 3 5 7 8] [1 3 5 6] [1 2 3 6 7] [1 2 3 4 5 8] [3 4 5 6] [3] [1] [1 2 3 6] [1 3] [2 6 7 11 15 16] [3 4 5 8 9] [1 2 3 5 6 7 8 9] [2 3 5] [1 2 3 5 6] [1 2] [3 4 5] [3 5 6] [2 3 5 7] [1 3 5] [1 2 3 4 5 6 7] [1 3 4] [3 4 5 8] [2 6 7 8] [1 2 3] [1 2 3 4 5 6 7 8] [1 2 3 4 5 6 7 8 11 15] [1 2 3 5] [2 6 7] [2 6 7 11 15] [3 5 6 7] [1 2 3 5 6 7 8 11 15] [1 2 3 4 5 6 8] [3 5 6 7 8] [3 4 5 6 8] [1 2 3 5 6 7 8] [2 6 7 8 9 11 15 16 17] [1 2 3 4 5 6] [2] [3 5] [2 6 7 11] [2 6] [1 3 5 6 8 9] [1 2 3 4 5 7 8] [2 6 7 8 11 15] [1 3 5 6 7 8] [1 3 5 6 8 9 11] [2 6 7 8 9] [2 6 11 15] [2 6 11] [1 2 3 4 5 6 7 8 11] [] [] [] [] [] [] [] [] [] [] [] [] [] [] [] [] []
27 [] [3 4] [1 3 5 6] [1 2 3 6 7] [1 2 3 5 6] [1 2 3 4 5 8] [3 4 5 6] [3] [1] [2 3] [1 2 3 6] [1 3] [2 6 7 11 15 16] [3 4 5 8 9] [1 2 3 5 6 7 8 9] [2 3 5] [1 2] [3 4 5] [3 5 6] [2 3 5 7] [1 3 5 6 8] [1 3 5] [1 2 3 4 5 6 7] [1 3 4] [3 4 5 8] [2 6 7 8] [1 2 3] [1 2 3 4 5 6 7 8] [1 2 3 4 5 6 7 8 11 15] [1 2 3 5] [2 6 7] [2 6 7 11 15] [3 5 6 7] [1 2 3 5 6 7 8 11 15] [1 2 3 4 5 6 8] [3 5 6 7 8] [3 4 5 6 8] [1 2 3 5 6 7 8] [2 6 7 8 9 11 15 16 17] [1 2 3 4 5 6] [2] [3 5] [2 6 7 11] [2 6] [1 3 5 6 8 9] [1 2 3 4 5 7 8] [2 6 7 8 11 15] [2 3 5 7 8] [1 3 5 6 7 8] [1 3 5 6 8 9 11] [2 6 7 8 9] [2 6 11 15] [2 6 11] [1 2 3 4 5 6 7 8 11] [] [] [] [] [] [] [] [] [] [] [] [] [] [] [] [] [] [] []
28 [] [1 2 3 4 5 8] [1] [3 4 5 6] [3] [3 4] [2 3] [1 3 5 6] [2] [1 2 3 6] [1 3] [2 6 7 11 15 16] [3 4 5 8 9] [1 2 3 5 6 7 8 9] [2 3 5] [1 2 3 5 6] [1 2] [3 4 5] [3 5 6] [2 3 5 7] [1 3 5 6 8] [1 3 5] [1 2 3 4 5 6 7] [1 3 4] [3 4 5 8] [2 6 7 8] [1 2 3] [1 2 3 4 5 6 7 8] [1 2 3 4 5 6 7 8 11 15] [1 2 3 5] [2 6 7] [2 6 7 11 15] [3 5 6 7] [1 2 3 5 6 7 8 11 15] [1 2 3 4 5 6 8] [3 5 6 7 8] [3 4 5 6 8] [1 2 3 5 6 7 8] [2 6 7 8 9 11 15 16 17] [1 2 3 4 5 6] [3 5] [2 6 7 11] [2 6] [1 3 5 6 8 9] [1 2 3 4 5 7 8] [2 6 7 8 11 15] [2 3 5 7 8] [1 3 5 6 7 8] [1 3 5 6 8 9 11] [2 6 7 8 9] [2 6 11 15] [2 6 11] [1 2 3 4 5 6 7 8 11] [] [] [] [] [] [] [] [] [] [] [] [] [] [] [] [] [] [] [] []
29 [10 13] [1] [2 3] [2] [1 2 3 6] [1 3] [2 6 7 11 15 16] [3 4 5 8 9] [1 2 3 5 6 7 8 9] [2 3 5] [1 2 3 5 6] [1 2] [3 4 5] [3 5 6] [2 3 5 7] [1 3 5 6 8] [1 3 5] [1 2 3 4 5 6 7] [1 3 4] [3 4 5 8] [2 6 7 8] [1 2 3] [3 4] [1 2 3 4 5 6 7 8] [1 2 3 4 5 6 7 8 11 15] [1 2 3 5] [3 4 5 6] [2 6 7] [2 6 7 11 15] [3 5 6 7] [1 2 3 5 6 7 8 11 15] [1 2 3 4 5 6 8] [3 5 6 7 8] [3 4 5 6 8] [1 2 3 5 6 7 8] [2 6 7 8 9 11 15 16 17] [1 2 3 4 5 6] [3] [1 3 5 6] [3 5] [2 6 7 11] [1 2 3 4 5 8] [2 6] [1 3 5 6 8 9] [1 2 3 4 5 7 8] [2 6 7 8 11 15] [2 3 5 7 8] [1 3 5 6 7 8] [1 3 5 6 8 9 11] [2 6 7 8 9] [2 6 11 15] [2 6 11] [1 2 3 4 5 6 7 8 11] [] [] [] [] [] [] [] [] [] [] [] [] [] [] [] [] [] [] [] []
30 [] [1 3] [1] [2 6 7 11 15] [2 6 7 11 15 16] [3 4 5 8 9] [1 2 3 5 6 7 8 9] [2 3 5] [1 2 3 5 6] [1 2 3 6] [1 2] [3 4 5] [3 5 6] [2 3 5 7] [1 3 5 6 8] [1 3 5] [1 2 3 4 5 6 7] [1 3 4] [3 4 5 8] [2 6 7 8] [1 2 3] [3 4] [1 2 3 4 5 6 7 8] [1 2 3 4 5 6 7 8 11 15] [1 2 3 5] [3 4 5 6] [2 6 7] [2 3] [3 5 6 7] [1 2 3 5 6 7 8 11 15] [1 2 3 4 5 6 8] [3 5 6 7 8] [3 4 5 6 8] [1 2 3 5 6 7 8] [2 6 7 8 9 11 15 16 17] [1 2 3 4 5 6] [3] [2] [1 3 5 6] [3 5] [2 6 7 11] [1 2 3 4 5 8] [2 6] [1 3 5 6 8 9] [1 2 3 4 5 7 8] [2 6 7 8 11 15] [2 3 5 7 8] [1 3 5 6 7 8] [1 3 5 6 8 9 11] [2 6 7 8 9] [2 6 11 15] [2 6 11] [1 2 3 4 5 6 7 8 11] [] [] [] [] [] [] [] [] [] [] [] [] [] [] [] [] [] [] [] []
31 [] [1 2 3 5 6 7 8 9] [2 3 5] [3 4 5 8] [1 2 3 6] [1 2] [3 4 5] [3 5 6] [2 3 5 7] [1 3 5 6 8] [1 3 5] [1 2 3 4 5 6 7] [1 3 4] [1 3] [2 6 7 8] [1 2 3] [3 4] [1 2 3 4 5 6 7 8] [1 2 3 4 5 6 7 8 11 15] [1 2 3 5] [3 4 5 6] [2 6 7] [2 6 7 11 15] [2 3] [3 5 6 7] [1 2 3 5 6 7 8 11 15] [1 2 3 4 5 6 8] [3 5 6 7 8] [3 4 5 6 8] [1 2 3 5 6 7 8] [2 6 7 8 9 11 15 16 17] [1 2 3 4 5 6] [3 4 5 8 9] [3] [1] [2] [1 3 5 6] [3 5] [2 6 7 11] [1 2 3 4 5 8] [2 6] [1 3 5 6 8 9] [1 2 3 5 6] [1 2 3 4 5 7 8] [2 6 7 8 11 15] [2 3 5 7 8] [1 3 5 6 7 8] [1 3 5 6 8 9 11] [2 6 7 8 9] [2 6 11 15] [2 6 11] [1 2 3 4 5 6 7 8 11] [] [] [] [] [] [] [] [] [] [] [] [] [] [] [] [] [] [] [] [] []
32 [] [1 2] [3 4 5] [3 5 6] [2 3 5] [2 3 5 7] [1 3 5 6 8] [1 3 5] [1 2 3 4 5 6 7] [1 3 4] [3 4 5 8] [1 3] [2 6 7 8] [1 2 3] [1 2 3 6] [3 4] [1 2 3 4 5 6 7 8] [1 2 3 4 5 6 7 8 11 15] [1 2 3 5] [3 4 5 6] [2 6 7] [2 6 7 11 15] [2 3] [3 5 6 7] [1 2 3 5 6 7 8 11 15] [1 2 3 4 5 6 8] [3 5 6 7 8] [3 4 5 6 8] [1 2 3 5 6 7 8] [2 6 7 8 9 11 15 16 17] [1 2 3 4 5 6] [3 4 5 8 9] [3] [1] [2] [1 3 5 6] [3 5] [2 6 7 11] [1 2 3 4 5 8] [2 6] [1 3 5 6 8 9] [1 2 3 5 6] [1 2 3 4 5 7 8] [2 6 7 8 11 15] [2 3 5 7 8] [1 3 5 6 7 8] [1 3 5 6 8 9 11] [2 6 7 8 9] [2 6 11 15] [2 6 11] [1 2 3 4 5 6 7 8 11] [] [] [] [] [] [] [] [] [] [] [] [] [] [] [] [] [] [] [] [] [] []
33 [16] [1 3 5] [1 2 3 4 5 6 7] [1 3 4] [3 4 5 8] [1 3] [3 4 5] [1 2] [2 6 7 8] [1 2 3] [1 2 3 6] [3 4] [1 2 3 4 5 6 7 8] [1 2 3 4 5 6 7 8 11 15] [1 2 3 5] [3 4 5 6] [2 6 7] [2 6 7 11 15] [2 3] [2 3 5 7] [3 5 6 7] [1 2 3 5 6 7 8 11 15] [1 2 3 4 5 6 8] [3 5 6 7 8] [3 4 5 6 8] [2 3 5] [1 2 3 5 6 7 8] [2 6 7 8 9 11 15 17 19] [1 2 3 4 5 6] [3 4 5 8 9] [3] [1] [2] [1 3 5 6] [3 5] [2 6 7 11] [1 2 3 4 5 8] [2 6] [1 3 5 6 8 9] [1 2 3 5 6] [1 2 3 4 5 7 8] [2 6 7 8 11 15] [2 3 5 7 8] [1 3 5 6 7 8] [1 3 5 6 8 9 11] [2 6 7 8 9] [3 5 6] [2 6 11 15] [2 6 11] [1 2 3 4 5 6 7 8 11] [1 2 3 4 5 8 9] [1 3 5 6 8] [] [] [] [] [] [] [] [] [] [] [] [] [] [] [] [] [] [] [] [] []
34 [] [1 2] [2 6 7 8] [1 3] [1 3 5] [1 2 3 5 6 7 8] [1 2 3 4 5 6 7] [1 2 3] [3 4 5] [1 2 3 6] [3 4] [1 2 3 4 5 6 7 8] [1 2 3 4 5 6 7 8 11 15] [1 2 3 5] [3 4 5 6] [2 6 7] [2 6 7 11 15] [2 3] [2 3 5 7] [3 5 6 7] [1 2 3 5 6 7 8 11 15] [1 2 3 4 5 6 8] [3 5 6 7 8] [3 4 5 6 8] [3 4 5 8] [2 3 5] [2 6 7 8 9 11 15 16 17] [1 2 3 4 5 6] [3 4 5 8 9] [3] [1] [2] [1 3 5 6] [3 5] [2 6 7 11] [1 2 3 4 5 8] [2 6] [1 3 5 6 8 9] [1 2 3 5 6] [1 2 3 4 5 7 8] [2 6 7 8 11 15] [2 3 5 7 8] [1 3 5 6 7 8] [1 3 5 6 8 9 11] [2 6 7 8 9] [3 5 6] [2 6 11 15] [2 6 11] [1 2 3 4 5 6 7 8 11] [1 2 3 4 5 8 9] [1 3 5 6 8] [] [] [] [] [] [] [] [] [] [] [] [] [] [] [] [] [] [] [] [] [] []
35 [] [1 2 3 4 5 6 7] [3 4 5] [3 4 5 6] [1 2 3 6] [1 2 3 5] [3 4] [1 2 3 4 5 6 7 8] [1 2 3 4 5 6 7 8 11 15] [1 2] [1 2 3] [2 6 7] [2 6 7 11 15] [2 3] [2 3 5 7] [3 5 6 7] [1 2 3 5 6 7 8 11 15] [1 2 3 4 5 6 8] [3 5 6 7 8] [3 4 5 6 8] [3 4 5 8] [2 3 5] [1 2 3 5 6 7 8] [2 6 7 8 9 11 15 16 17] [1 2 3 4 5 6] [3 4 5 8 9] [2 6 7 8] [3] [1] [2] [1 3 5 6] [3 5] [2 6 7 11] [1 2 3 4 5 8] [2 6] [1 3 5 6 8 9] [1 3] [1 2 3 5 6] [1 2 3 4 5 7 8] [2 6 7 8 11 15] [2 3 5 7 8] [1 3 5 6 7 8] [1 3 5 6 8 9 11] [2 6 7 8 9] [3 5 6] [2 6 11 15] [2 6 11] [1 2 3 4 5 6 7 8 11] [1 3 5] [1 2 3 4 5 8 9] [1 3 5 6 8] [] [] [] [] [] [] [] [] [] [] [] [] [] [] [] [] [] [] [] [] [] []
36 [] [1 2 3 4 5 6 7 8] [1 2 3 4 5 6 7 8 11 15] [1 2 3] [1 2 3 6 7] [3 4 5] [3 4 5 6] [1 3] [1 2 3 5] [3 4] [1 2] [2 6 7] [2 6 7 11 15] [2 3] [2 3 5 7] [3 5 6 7] [1 2 3 5 6 7 8 11 15] [1 2 3 4 5 6 8] [1 2 3 6] [3 5 6 7 8] [3 4 5 6 8] [3 4 5 8] [2 3 5] [1 2 3 5 6 7 8] [2 6 7 8 9 11 15 16 17] [1 2 3 4 5 6] [3 4 5 8 9] [2 6 7 8] [3] [1] [2] [1 3 5 6] [3 5] [2 6 7 11] [1 2 3 4 5 6 7] [1 2 3 4 5 8] [2 6] [1 3 5 6 8 9] [1 2 3 5 6] [1 2 3 4 5 7 8] [2 6 7 8 11 15] [2 3 5 7 8] [1 3 5 6 7 8] [1 3 5 6 8 9 11] [2 6 7 8 9] [3 5 6] [2 6 11 15] [2 6 11] [1 2 3 4 5 6 7 8 11] [1 3 5] [1 2 3 4 5 8 9] [1 3 5 6 8] [] [] [] [] [] [] [] [] [] [] [] [] [] [] [] [] [] [] [] [] []
37 [] [1 2 3 5] [3 4] [1 2] [3 4 5 6] [1 2 3 4 5 6 7 8 11 15 16] [3 5] [3 4 5] [1 2 3] [2 6 7] [2 6 7 11 15] [2 3] [2 3 5 7] [3 5 6 7] [1 2 3 5 6 7 8 11 15] [1 2 3 4 5 6 8] [1 2 3 6] [3 5 6 7 8] [3 4 5 6 8] [3 4 5 8] [2 3 5] [1 2 3 5 6 7 8] [2 6 7 8 9 11 15 16 17] [1 2 3 4 5 6] [3 4 5 8 9] [2 6 7 8] [3] [1] [2] [1 3 5 6] [1 2 3 4 5 6 7 8] [2 6 7 11] [1 2 3 4 5 6 7] [1 2 3 4 5 8] [2 6] [1 3 5 6 8 9] [1 3] [1 2 3 5 6] [1 2 3 4 5 7 8] [2 6 7 8 11 15] [2 3 5 7 8] [1 3 5 6 7 8] [1 3 5 6 8 9 11] [2 6 7 8 9] [3 5 6] [2 6 11 15] [2 6 11] [1 2 3 4 5 6 7 8 11] [1 3 5] [1 2 3 4 5 8 9] [1 3 5 6 8] [] [] [] [] [] [] [] [] [] [] [] [] [] [] [] [] [] [] [] [] [] []
38 [27] [1 2 3 5] [1 2 3] [2 6 7] [1 2 3 4 5 6 7 8] [3 4 5 6] [2 6 7 11 15] [2 3] [2 3 5 7] [3 5 6 7] [1 2 3 5 6 7 8 11 15] [3 4 5] [1 2 3 4 5 6 8] [1 2 3 6] [3 5 6 7 8] [3 4 5 6 8] [3 4 5 8] [3 4] [2 3 5] [1 2 3 5 6 7 8] [2 6 7 8 9 11 15 16 17] [1 2 3 4 5 6] [3 4 5 8 9] [2 6 7 8] [3] [1] [2] [1 3 5 6] [3 5] [2 6 7 11] [1 2 3 4 5 6 7] [1 2 3 4 5 8] [2 6] [1 3 5 6 8 9] [1 2] [1 3] [1 2 3 5 6] [1 2 3 4 5 7 8] [2 6 7 8 11 15] [2 3 5 7 8] [1 3 5 6 7 8] [1 3 5 6 8 9 11] [2 6 7 8 9] [3 5 6] [2 6 11 15] [2 6 11] [1 2 3 4 5 6 7 8 11] [1 3 5] [1 2 3 4 5 8 9] [1 3 5 6 8] [] [] [] [] [] [] [] [] [] [] [] [] [] [] [] [] [] [] [] [] [] [] []
39 [] [3 4 5 6] [2 6 7 11 15] [1 2 3] [2 3] [2 3 5 7] [3 5 6 7] [1 2 3 5 6 7 8 11 15] [3 4 5] [2 6 7] [1 2 3 4 5 6 8] [1 2 3 6] [3 5 6 7 8] [3 4 5 6 8] [3 4 5 8] [3 4] [2 3 5] [1 2 3 5 6 7 8] [2 6 7 8 9 11 15 16 17] [1 2 3 4 5 6] [3 4 5 8 9] [2 6 7 8] [3] [1] [2] [1 3 5 6] [3 5] [1 2 3 5] [1 2 3 4 5 6 7 8] [2 6 7 11] [1 2 3 4 5 6 7] [1 2 3 4 5 8] [2 6] [1 3 5 6 8 9] [1 2] [1 3] [1 2 3 5 6] [1 2 3 4 5 7 8] [2 6 7 8 11 15] [2 3 5 7 8] [1 3 5 6 7 8] [1 3 5 6 8 9 11] [2 6 7 11 15 16] [2 6 7 8 9] [3 5 6] [2 6 11 15] [2 6 11] [1 2 3 4 5 6 7 8 11] [1 3 5] [1 2 3 4 5 8 9] [1 3 5 6 8] [] [] [] [] [] [] [] [] [] [] [] [] [] [] [] [] [] [] [] [] [] []
40 [] [2 3 5 7] [1 2 3 5 6 7 8 11 15] [3 4 5] [2 6 7] [1 2 3 4 5 6 8] [1 2 3 6] [1 2 3] [3 5 6 7 8] [3 4 5 6 8] [3 4 5 6] [3 4 5 8] [3 4] [2 3 5] [1 2 3 5 6 7 8] [2 6 7 8 9 11 15 16 17] [1 2 3 4 5 6] [3 4 5 8 9] [2 6 7 8] [3] [1] [2] [1 3 5 6] [3 5] [1 2 3 5] [1 2 3 4 5 6 7 8] [2 6 7 11] [1 2 3 4 5 6 7] [1 2 3 4 5 8] [2 6] [1 3 5 6 8 9] [1 2] [1 3] [1 2 3 5 6] [1 2 3 4 5 7 8] [2 3] [2 6 7 11 15] [2 6 7 8 11 15] [2 3 5 7 8] [1 3 5 6 7 8] [1 3 5 6 8 9 11] [2 6 7 11 15 16] [3 5 6 7] [2 6 7 8 9] [3 5 6] [2 6 11 15] [2 6 11] [1 2 3 4 5 6 7 8 11] [1 3 5] [1 2 3 4 5 8 9] [1 3 5 6 8] [] [] [] [] [] [] [] [] [] [] [] [] [] [] [] [] [] [] [] [] [] []
41 [] [2 6 7] [1 2 3 4 5 6 8] [1 2 3 6] [1 2 3] [3 5 6 7 8] [3 4 5 6 8] [1 3] [1 2 3 4 5 6 7 8 9] [3 4 5] [3 4 5 6] [3 4 5 8] [3 4] [2 3 5] [1 2 3 5 6 7 8] [2 6 7 8 9 11 15 16 17] [1 2 3 4 5 6] [3 4 5 8 9] [2 6 7 8] [3] [1] [2] [1 3 5 6] [3 5] [1 2 3 5] [1 2 3 4 5 6 7 8] [2 6 7 11] [1 2 3 4 5 6 7] [1 2 3 4 5 8] [2 6] [1 3 5 6 8 9] [1 2] [1 2 3 5 6] [1 2 3 4 5 7 8] [2 3] [2 6 7 11 15] [2 6 7 8 11 15] [2 3 5 7] [2 3 5 7 8] [1 3 5 6 7 8] [1 2 3 5 6 7 8 11 15] [1 3 5 6 8 9 11] [2 6 7 11 15 16] [3 5 6 7] [2 6 7 8 9] [3 5 6] [2 6 11 15] [2 6 11] [1 2 3 4 5 6 7 8 11] [1 3 5] [1 2 3 4 5 8 9] [1 3 5 6 8] [] [] [] [] [] [] [] [] [] [] [] [] [] [] [] [] [] [] [] [] []
42 [] [1 2 3 4 5 6 7 8 9] [3 4 5] [1 3 5] [3 4 5 6] [3 4 5 8] [3 4] [2 3 5] [1 2 3 5 6 7 8] [2 6 7 8 9 11 15 16 17] [1 2 3 4 5 6] [3 4 5 8 9] [2 6 7 8] [3] [1] [1 2 3 6] [2] [1 3 5 6] [3 5] [1 2 3] [1 2 3 5] [1 2 3 4 5 6 7 8] [2 6 7 11] [2 6 7] [3 5 6 7 8] [1 2 3 4 5 6 7] [1 2 3 4 5 8] [2 6] [1 3 5 6 8 9] [1 2] [1 3] [1 2 3 5 6] [1 2 3 4 5 7 8] [2 3] [2 6 7 11 15] [2 6 7 8 11 15] [2 3 5 7] [1 2 3 4 5 6 8] [2 3 5 7 8] [1 3 5 6 7 8] [1 2 3 5 6 7 8 11 15] [1 3 5 6 8 9 11] [2 6 7 11 15 16] [3 5 6 7] [2 6 7 8 9] [3 5 6] [2 6 11 15] [2 6 11] [1 2 3 4 5 6 7 8 11] [1 2 3 4 5 8 9] [1 3 5 6 8] [] [] [] [] [] [] [] [] [] [] [] [] [] [] [] [] [] [] [] [] [] []
43 [] [1 2 3 5 6 7 8] [2 6 7 8 9 11 15 16 17] [3 4 5] [1 2 3 4 5 6] [3 4 5 8 9] [2 6 7 8] [3] [1] [1 2 3 6] [3 4 5 6] [2] [1 3 5 6] [3 5] [1 2 3] [1 2 3 5] [1 2 3 4 5 6 7 8] [2 6 7 11] [2 6 7] [3 5 6 7 8] [1 2 3 4 5 6 7] [1 2 3 4 5 8] [2 6] [3 4] [1 3 5 6 8 9] [1 2] [1 3] [1 2 3 5 6] [1 2 3 4 5 7 8] [2 3] [2 6 7 11 15] [2 6 7 8 11 15] [2 3 5 7] [1 2 3 4 5 6 8] [2 3 5 7 8] [1 3 5 6 7 8] [1 2 3 5 6 7 8 11 15] [1 3 5 6 8 9 11] [2 6 7 11 15 16] [3 5 6 7] [2 6 7 8 9] [3 5 6] [2 6 11 15] [2 6 11] [1 2 3 4 5 6 7 8 11] [1 3 5] [1 2 3 4 5 8 9] [1 3 5 6 8] [] [] [] [] [] [] [] [] [] [] [] [] [] [] [] [] [] [] [] [] [] [] [] [] []
44 [] [3] [1] [1 3 4 5 6 7] [1 3] [1 2 3 6] [3 4 5 6] [2] [1 3 5 6] [3 5] [1 2 3] [1 2 3 5] [1 2 3 4 5 6 7 8] [3 4 5] [2 6 7 11] [2 6 7] [2 6 7 8] [3 5 6 7 8] [1 2 3 4 5 6 7] [1 2 3 4 5 8] [2 6] [3 4] [1 3 5 6 8 9] [1 2] [1 2 3 5 6] [1 2 3 4 5 7 8] [2 3] [1 2 3 5 6 7 8 9] [2 6 7 11 15] [2 6 7 8 11 15] [2 3 5 7] [1 2 3 4 5 6 8] [2 3 5 7 8] [1 3 5 6 7 8] [1 2 3 5 6 7 8 11 15] [1 3 5 6 8 9 11] [2 6 7 11 15 16] [3 5 6 7] [2 6 7 8 9] [3 5 6] [2 6 11 15] [2 6 11] [1 2 3 4 5 6 7 8 11] [1 3 5] [1 2 3 4 5 8 9] [1 3 5 6 8] [] [] [] [] [] [] [] [] [] [] [] [] [] [] [] [] [] [] [] [] [] [] [] [] [] [] []
45 [] [1 3] [2 3 5 7] [3 4 5 6] [2 3] [2] [1 3 5 6] [3 5] [1 2 3] [1 2 3 5] [1 2 3 4 5 6 7 8] [1 2 3 6] [3 4 5] [2 6 7 11] [3] [2 6 7] [2 6 7 8] [3 5 6 7 8] [1 2 3 4 5 6 7] [1 2 3 4 5 8] [2 6] [3 4] [1 3 5 6 8 9] [1 2] [1 2 3 5 6] [1 2 3 4 5 7 8] [1 2 3 5 6 7 8 9] [1] [2 6 7 11 15] [2 6 7 8 11 15] [1 2 3 4 5 6 8] [2 3 5 7 8] [1 3 5 6 7 8] [1 2 3 5 6 7 8 11 15] [1 3 5 6 8 9 11] [2 6 7 11 15 16] [3 5 6 7] [2 6 7 8 9] [3 5 6] [2 6 11 15] [2 6 11] [1 2 3 4 5 6 7 8 11] [1 3 5] [1 2 3 4 5 8 9] [1 3 5 6 8] [] [] [] [] [] [] [] [] [] [] [] [] [] [] [] [] [] [] [] [] [] [] [] [] [] [] [] []
46 [] [2 3] [1 3 5 6] [3 5] [1 2 3] [1 2 3 5] [1 2 3 4 5 6 7 8] [1 2 3 6] [3 4 5] [2 6 7 11] [3] [2 6 7] [2 6 7 8] [3 5 6 7 8] [1 2 3 4 5 6 7] [1 2 3 4 5 8] [2] [2 6] [3 4] [1 3 5 6 8 9] [1 2] [1 3] [1 2 3 5 6] [1 2 3 4 5 7 8] [1 2 3 5 6 7 8 9] [1] [2 6 7 11 15] [2 6 7 8 11 15] [2 3 5 7] [3 4 5 6] [1 2 3 4 5 6 8] [2 3 5 7 8] [1 3 5 6 7 8] [1 2 3 5 6 7 8 11 15] [1 3 5 6 8 9 11] [2 6 7 11 15 16] [3 5 6 7] [2 6 7 8 9] [3 5 6] [2 6 11 15] [2 6 11] [1 2 3 4 5 6 7 8 11] [1 3 5] [1 2 3 4 5 8 9] [1 3 5 6 8] [] [] [] [] [] [] [] [] [] [] [] [] [] [] [] [] [] [] [] [] [] [] [] [] [] [] [] []
47 [] [1 2 3] [1 2 3 6 7] [1 2 3 5] [2 6 7] [1 2 3 4 5 6 7 8] [1 2 3 6] [3 4 5] [2 6 7 11] [3] [2 6 7 8] [3 5 6 7 8] [1 2 3 4 5 6 7] [1 2 3 4 5 8] [2] [2 6] [3 4] [1 3 5 6 8 9] [1 2] [1 3] [1 2 3 5 6] [1 2 3 4 5 7 8] [2 3] [1 3 5 6] [1 2 3 5 6 7 8 9] [1] [2 6 7 11 15] [2 6 7 8 11 15] [2 3 5 7] [2 3 5] [3 4 5 6] [1 2 3 4 5 6 8] [2 3 5 7 8] [1 3 5 6 7 8] [1 2 3 5 6 7 8 11 15] [1 3 5 6 8 9 11] [2 6 7 11 15 16] [3 5 6 7] [3 5] [2 6 7 8 9] [3 5 6] [2 6 11 15] [2 6 11] [1 2 3 4 5 6 7 8 11] [1 3 5] [1 2 3 4 5 8 9] [1 3 5 6 8] [] [] [] [] [] [] [] [] [] [] [] [] [] [] [] [] [] [] [] [] [] [] [] [] [] []
48 [] [3] [3 4 5] [1 2 3 6] [3 5] [1 3] [2 3] [2 6 7] [2 6 7 8] [3 5 6 7 8] [1 2 3 4 5 6 7] [1 2 3 4 5 8] [2] [2 6] [3 4] [1 3 5 6 8 9] [1 2] [1 2 3 5 6] [1 2 3 5] [1 2 3 4 5 7 8] [1 3 5 6] [1 2 3 5 6 7 8 9] [1] [2 6 7 11 15] [2 6 7 8 11 15] [2 3 5 7] [2 3 5] [3 4 5 6] [1 2 3 4 5 6 8] [2 3 5 7 8] [1 3 5 6 7 8] [1 2 3] [1 2 3 5 6 7 8 11 15] [1 3 5 6 8 9 11] [1 2 3 4 5 6 7 8] [2 6 7 11 15 16] [3 5 6 7] [2 6 7 8 9] [3 5 6] [2 6 11 15] [3 4 5 6 8] [2 6 11] [1 2 3 4 5 6 7 8 11] [1 3 5] [1 2 3 4 5 8 9] [1 3 5 6 8] [] [] [] [] [] [] [] [] [] [] [] [] [] [] [] [] [] [] [] [] [] [] [] [] [] [] []
49 [] [2 6 7] [2 6 7 8] [3 5 6 7 8] [1 2 3 4 5 6 7] [1 2 3 4 5 8] [3 4 5 8] [1 2 3 6] [2] [2 6] [3 4] [1 3 5 6 8 9] [1 2] [3] [1 3] [1 2 3 5 6] [1 2 3 5] [1 2 3 4 5 7 8] [2 3] [1 3 5 6] [1 2 3 5 6 7 8 9] [1] [2 6 7 11 15] [2 6 7 8 11 15] [2 3 5 7] [2 3 5] [3 4 5 6] [3 4 5] [1 2 3 4 5 6 8] [2 3 5 7 8] [1 3 5 6 7 8] [1 2 3] [1 2 3 5 6 7 8 11 15] [1 3 5 6 8 9 11] [1 2 3 4 5 6 7 8] [2 6 7 11 15 16] [3 5 6 7] [3 5] [2 6 7 8 9] [3 5 6] [2 6 11 15] [3 4 5 6 8] [2 6 11] [1 2 3 4 5 6 7 8 11] [1 3 5] [1 2 3 4 5 8 9] [1 3 5 6 8] [] [] [] [] [] [] [] [] [] [] [] [] [] [] [] [] [] [] [] [] [] [] [] [] [] []
50 [] [1 2 3 6] [2 6 7 8 11 15] [1 2 3] [2] [2 6 7 11 15] [2 6] [3 4] [3 5 6 7] [1 3 5 6 8 9] [1 2] [3] [1 3] [1 2 3 5 6] [1 2 3 5] [1 2 3 4 5 7 8] [2 3] [1 3 5 6] [1 2 3 5 6 7 8 9] [1] [2 3 5 7] [2 3 5] [3 4 5 6] [3 4 5] [1 2 3 4 5 6 8] [2 3 5 7 8] [1 3 5 6 7 8] [1 2 3 5 6 7 8 11 15] [1 3 5 6 8 9 11] [1 2 3 4 5 6 7 8] [2 6 7 11 15 16] [2 6 7] [3 5] [2 6 7 8 9] [3 5 6] [2 6 11 15] [3 4 5 6 8] [2 6 11] [1 2 3 4 5 6 7 8 11] [1 2 3 4 5 6 7] [1 3 5] [1 2 3 4 5 8 9] [1 3 5 6 8] [] [] [] [] [] [] [] [] [] [] [] [] [] [] [] [] [] [] [] [] [] [] [] [] [] [] [] [] [] []
51 [] [2 6 7 11 15] [3 5 6 7] [1 3 5 6 8 9] [1 2] [3] [1 3] [1 2 3 5 6] [1 2 3 5] [1 2 3 4 5 7 8] [3 4] [2 3] [1 3 5 6] [1 2 3 5 6 7 8 9] [1] [2 6 7 8 11 15] [2 3 5 7] [2 3 5] [3 4 5 6] [3 4 5] [1 2 3 4 5 6 8] [2 3 5 7 8] [1 3 5 6 7 8] [1 2 3] [1 2 3 5 6 7 8 11 15] [1 3 5 6 8 9 11] [1 2 3 4 5 6 7 8] [2 6 7 11 15 16] [2 6 7] [2] [3 5] [2 6 7 8 9] [3 5 6] [2 6 11 15] [3 4 5 6 8] [2 6 11] [1 2 3 4 5 6 7 8 11] [2 6] [1 2 3 4 5 6 7] [1 2 3 6] [1 3 5] [1 2 3 4 5 8 9] [1 3 5 6 8] [] [] [] [] [] [] [] [] [] [] [] [] [] [] [] [] [] [] [] [] [] [] [] [] [] [] [] [] [] []
52 [] [1 3 5 6 8 9] [1 3] [1 2 3 5 6] [1 2 3 5] [1 3 5 6] [1 2 3 4 5 7 8] [3 4] [2 3] [1 2 3 5 6 7 8 9] [1] [2 6 7 11 15] [2 6 7 8 11 15] [2 3 5 7] [2 3 5] [3 4 5 6] [3 4 5] [1 2 3 4 5 6 8] [2 3 5 7 8] [1 3 5 6 7 8] [1 2 3] [1 2 3 5 6 7 8 11 15] [1 3 5 6 8 9 11] [1 2 3 4 5 6 7 8] [2 6 7 11 15 16] [2 6 7] [3 5 6 7] [2] [3 5] [3] [2 6 7 8 9] [3 5 6] [1 2] [2 6 11 15] [3 4 5 6 8] [2 6 11] [1 2 3 4 5 6 7 8 11] [2 6] [1 2 3 4 5 6 7] [1 2 3 6] [1 3 5] [1 2 3 4 5 8 9] [1 3 5 6 8] [] [] [] [] [] [] [] [] [] [] [] [] [] [] [] [] [] [] [] [] [] [] [] [] [] [] [] [] [] []
53 [] [1 3 5 6] [1 2 3 4 5 7 8] [3 4] [2 3] [1 2 3 5 6 7 8 9] [1 2 3 5 6] [1] [2 6 7 11 15] [2 6 7 8 11 15] [2 3 5 7] [2 3 5] [3 4 5 6] [3 4 5] [1 3] [1 2 3 4 5 6 8] [2 3 5 7 8] [1 3 5 6 7 8] [1 2 3 5] [1 2 3] [1 2 3 5 6 7 8 11 15] [1 3 5 6 8 9 11] [1 2 3 4 5 6 7 8] [2 6 7 11 15 16] [2 6 7] [3 5 6 7] [2] [3 5] [3] [2 6 7 8 9] [3 5 6] [1 2] [2 6 11 15] [3 4 5 6 8] [2 6 11] [1 2 3 4 5 6 7 8 11] [2 6] [1 2 3 4 5 6 7] [1 2 3 6] [1 3 5] [1 2 3 4 5 8 9] [1 3 5 6 8] [] [] [] [] [] [] [] [] [] [] [] [] [] [] [] [] [] [] [] [] [] [] [] [] [] [] [] [] [] [] []
54 [] [1 2 3 5 6] [3 4] [2 3] [3 4 5 8 9] [3 5 6 7] [1] [2 6 7 11 15] [2 6 7 8 9 11 15 16] [2 3 5 7] [2 6 7 8 11 15] [2 3 5] [3 4 5 6] [3 4 5] [1 3] [1 2 3 4 5 6 8] [2 3 5 7 8] [1 3 5 6 7 8] [1 2 3 5] [1 2 3] [1 2 3 5 6 7 8 11 15] [1 3 5 6 8 9 11] [1 2 3 4 5 6 7 8] [2 6 7 11 15 16] [2 6 7] [2] [3 5] [3] [2 6 7 8 9] [3 5 6] [1 2] [2 6 11 15] [3 4 5 6 8] [2 6 11] [1 2 3 4 5 6 7 8 11] [2 6] [1 2 3 4 5 6 7] [1 2 3 6] [1 3 5] [1 2 3 4 5 8 9] [1 3 5 6 8] [] [] [] [] [] [] [] [] [] [] [] [] [] [] [] [] [] [] [] [] [] [] [] [] [] [] [] [] [] [] [] []
55 [] [2 3 5 7] [1 2 3 4 5 6 7 11 15] [2 6 7 8 11 15] [1 2 3 4 5 6 8 9] [2 3 5] [3 5 6] [3 4 5 6] [3 4] [3 4 5] [1 3] [1 2 3 4 5 6 8] [2 3 5 7 8] [1 3 5 6 7 8] [1 2 3 5] [1 2 3] [1 2 3 5 6 7 8 11 15] [1 3 5 6 8 9 11] [1 2 3 4 5 6 7 8] [2 6 7 11 15 16] [2 6 7] [3 5 6 7] [2] [3 5] [3] [2 6 7 8 9] [2 3] [1 2] [2 6 7 11 15] [2 6 11 15] [3 4 5 6 8] [2 6 11] [1 2 3 4 5 6 7 8 11] [2 6] [1 2 3 4 5 6 7] [1 2 3 6] [1 3 5] [1 2 3 4 5 8 9] [1 3 5 6 8] [] [] [] [] [] [] [] [] [] [] [] [] [] [] [] [] [] [] [] [] [] [] [] [] [] [] [] [] [] [] [] [] [] []
56 [] [3 4] [3 4 5] [1 3] [1 2 3] [1 2 3 4 5 6 8] [2 3 5 7 8] [2 11] [2 3 5 7] [1 3 5 6 7 8] [1 2 3 5] [1 2 3 5 6 7 8 11 15] [1 3 5 6 8 9 11] [1 2 3 4 5 6 7 8] [2 6 7 11 15 16] [2 6 7] [3 5 6 7] [2] [3 5] [3] [2 6 7 8 9] [3 5 6] [2 3] [1 2] [2 6 7 11 15] [2 6 11 15] [2 3 5] [3 4 5 6 8] [2 6 11] [1 2 3 4 5 6 7 8 11] [2 6] [1 2 3 4 5 6 7] [1 2 3 6] [2 6 7 8 11 15] [1 3 5] [1 2 3 4 5 8 9] [1 3 5 6 8] [] [] [] [] [] [] [] [] [] [] [] [] [] [] [] [] [] [] [] [] [] [] [] [] [] [] [] [] [] [] [] [] [] [] [] []
57 [] [2 11] [3 5 6] [3 4 5] [1 3] [1 2 3 6] [2 3 5 7] [1 3 5 6 7 8] [1 2 3 5] [1 2 3] [1 2 3 5 6 7 8 11 15] [1 3 5 6 8 9 11] [1 2 3 4 5 6 7 8] [2 6 7 11 15 16] [2 6 7] [3 4] [3 5 6 7] [2] [2 3 5 7 8] [3 5] [3] [2 6 7 8 9] [2 3] [1 2] [2 6 7 11 15] [2 6 11 15] [2 3 5] [3 4 5 6 8] [2 6 11] [1 2 3 4 5 6 7 8 11] [2 6] [1 2 3 4 5 6 7] [2 6 7 8 11 15] [1 3 5] [1 2 3 4 5 8 9] [1 3 5 6 8] [] [] [] [] [] [] [] [] [] [] [] [] [] [] [] [] [] [] [] [] [] [] [] [] [] [] [] [] [] [] [] [] [] [] [] [] []
58 [] [2 3 5 7] [2 6 11] [1 3 5 6 7 8] [2 3 5 7 8] [1 2 3 5] [1 2 3 5 6] [1 2 3] [1 2 3 5 6 7 8 11 15] [1 3 5 6 8 9 11] [1 3] [1 2 3 4 5 6 7 8] [2 6 7 11 15 16] [2 6 7] [3 4] [3 5 6 7] [2] [3 5] [3] [2 6 7 8 9] [3 5 6] [2 3] [1 2] [3 4 5] [2 6 7 11 15] [2 6 11 15] [2 3 5] [3 4 5 6 8] [1 2 3 4 5 6 7 8 11] [2 6] [1 2 3 4 5 6 7] [1 2 3 6] [2 6 7 8 11 15] [1 3 5] [1 2 3 4 5 8 9] [1 3 5 6 8] [] [] [] [] [] [] [] [] [] [] [] [] [] [] [] [] [] [] [] [] [] [] [] [] [] [] [] [] [] [] [] [] [] [] [] [] []
59 [] [1 2 3 5 6] [2 6 7 11 15] [3 4 5] [1 2 3] [1 2 3 5 6 7 8 11 15] [1 2 3 5] [3 5 6 7] [2 3 5 7] [1 3 5 6 8 9 11] [1 3] [1 2 3 4 5 6 7 8] [2 6 7 11 15 16] [2 6 7] [3 4] [2] [2 3 5 7 8] [3 5] [3] [2 6 7 8 9] [3 5 6] [2 3] [1 2] [2 6 11 15] [2 3 5] [3 4 5 6 8] [2 6 11] [1 2 3 4 5 6 7 8 11] [2 6] [1 2 3 4 5 6 7] [1 2 3 6] [2 6 7 8 11 15] [1 3 5] [1 2 3 4 5 8 9] [1 3 5 6 8] [] [] [] [] [] [] [] [] [] [] [] [] [] [] [] [] [] [] [] [] [] [] [] [] [] [] [] [] [] [] [] [] [] [] [] [] [] []
60 [] [3 5 6 7] [2 3 5 7] [1 2 3 5] [1 3 5 6 8 9 11] [2 3 5] [1 3] [1 2 3 4 5 6 7 8] [1 2 3] [2 3] [2 6 7 11 15 16] [2 6 7] [3 4] [2] [2 3 5 7 8] [3 5] [3] [2 6 7 8 9] [3 5 6] [1 2] [3 4 5] [2 6 7 11 15] [2 6 11 15] [3 4 5 6 8] [2 6 11] [1 2 3 4 5 6 7 8 11] [2 6] [1 2 3 4 5 6 7] [1 2 3 6] [2 6 7 8 11 15] [1 3 5] [1 2 3 4 5 8 9] [1 3 5 6 8] [] [] [] [] [] [] [] [] [] [] [] [] [] [] [] [] [] [] [] [] [] [] [] [] [] [] [] [] [] [] [] [] [] [] [] [] [] [] [] []
61 [] [2 3 5] [1 2 3 5] [1 3] [2 3] [2 6 7 11 15 16] [2 6 7] [3 4] [3 5 6 7] [2] [2 3 5 7 8] [3 5] [3] [2 3 5 7] [2 6 7 8 9] [1 2 3 4 5 6 7 8] [3 5 6] [1 2] [3 4 5] [2 6 7 11 15] [2 6 11 15] [3 4 5 6 8] [2 6 11] [1 2 3 4 5 6 7 8 11] [2 6] [1 2 3] [1 2 3 4 5 6 7] [1 2 3 6] [2 6 7 8 11 15] [1 3 5] [1 2 3 4 5 8 9] [1 3 5 6 8] [] [] [] [] [] [] [] [] [] [] [] [] [] [] [] [] [] [] [] [] [] [] [] [] [] [] [] [] [] [] [] [] [] [] [] [] [] [] [] [] []
62 [] [2 6 7 11 15 16] [2 3] [3 4 5 6] [3 5 6] [1 2] [2 6 7] [3 4] [3 5 6 7] [2] [2 3 5 7 8] [3 5] [3] [2 3 5 7] [2 6 7 8 9] [1 2 3 4 5 6 7 8] [1 2 3 5] [3 4 5] [2 6 7 11 15] [2 6 11 15] [2 3 5] [3 4 5 6 8] [2 6 11] [1 2 3 4 5 6 7 8 11] [2 6] [1 2 3] [1 2 3 4 5 6 7] [1 2 3 6] [2 6 7 8 11 15] [1 3 5] [1 2 3 4 5 8 9] [1 3 5 6 8] [] [] [] [] [] [] [] [] [] [] [] [] [] [] [] [] [] [] [] [] [] [] [] [] [] [] [] [] [] [] [] [] [] [] [] [] [] [] [] [] []
63 [] [1 2] [2 6 7 8] [2 6 7] [3 4] [3 4 5 6] [3 5 6 7] [2] [2 3 5 7 8] [3 5] [3] [2 3 5 7] [2 6 7 8 9] [1 2 3 4 5 6 7 8] [3 5 6] [2 3] [1 2 3 5] [3 4 5] [2 6 7 11 15] [2 6 11 15] [2 3 5] [3 4 5 6 8] [2 6 11] [1 2 3 4 5 6 7 8 11] [2 6] [1 2 3] [1 2 3 4 5 6 7] [1 2 3 6] [2 6 7 8 11 15] [1 3 5] [1 2 3 4 5 8 9] [1 3 5 6 8] [] [] [] [] [] [] [] [] [] [] [] [] [] [] [] [] [] [] [] [] [] [] [] [] [] [] [] [] [] [] [] [] [] [] [] [] [] [] [] [] []
64 [] [3 4 5 6] [3 4] [3 5 6 7] [3 4 5] [2] [2 3 5 7 8] [3 5] [3] [2 3 5 7] [2 6 7 8 9] [1 2 3 4 5 6 7 8] [3 5 6] [2 3] [1 2 3 5] [1 2] [2 6 7 11 15] [2 6 11 15] [2 3 5] [2 6 7] [3 4 5 6 8] [2 6 11] [1 2 3 4 5 6 7 8 11] [2 6] [1 2 3] [1 2 3 4 5 6 7] [1 2 3 6] [2 6 7 8 11 15] [1 3 5] [1 2 3 4 5 8 9] [1 3 5 6 8] [] [] [] [] [] [] [] [] [] [] [] [] [] [] [] [] [] [] [] [] [] [] [] [] [] [] [] [] [] [] [] [] [] [] [] [] [] [] [] [] [] []
65 [] [2] [2 3 5 7 8] [3 5] [1 2 3 6] [2 6 7 8 9 11 15] [3] [2 3 5 7] [2 6 7 8] [2 6 7 8 9] [1 2 3 4 5 6 7 8] [3 5 6] [2 3] [3 4] [1 2 3 5] [1 2] [3 4 5] [2 6 7 11 15] [2 6 11 15] [2 3 5] [2 6 7] [3 4 5 6 8] [2 6 11] [1 2 3 4 5 6 7 8 11] [2 6] [1 2 3] [1 2 3 4 5 6 7] [3 5 6 7] [2 6 7 8 11 15] [1 3 5] [1 2 3 4 5 8 9] [1 3 5 6 8] [] [] [] [] [] [] [] [] [] [] [] [] [] [] [] [] [] [] [] [] [] [] [] [] [] [] [] [] [] [] [] [] [] [] [] [] [] [] [] [] []
66 [] [2 6 7 8 9 11 15] [1 3 5] [3 5 6 7] [2 6 7] [1 2] [2 6 7 8] [3 4 5 6] [2 6 7 8 9] [1 2 3 4 5 6 7 8] [3 5 6] [2 3 5 7] [2 3] [3 4] [3 5] [1 2 3 5] [3 4 5] [2 6 7 11 15] [2 6 11 15] [2 3 5] [3 4 5 6 8] [2 6 11] [1 2 3 4 5 6 7 8 11] [2 6] [1 2 3] [1 2 3 4 5 6 7] [1 2 3 6] [2 6 7 8 11 15] [1 2 3 4 5 8 9] [1 3 5 6 8] [3] [2] [2 3 5 7 8] [] [] [] [] [] [] [] [] [] [] [] [] [] [] [] [] [] [] [] [] [] [] [] [] [] [] [] [] [] [] [] [] [] [] [] [] [] [] [] []
67 [] [3 4 5 6] [1 2 3 5] [2 6 7 8 9] [1 2 3 4 5 6 7 8] [1 2 3 5 6 7] [1 2 3 4 5 8] [1 2] [3 5 6] [2 3 5 7] [2 3] [3 4] [3 5] [3 4 5] [2 6 7 11 15] [2 6 11 15] [2 3 5] [2 6 7] [3 4 5 6 8] [2 6 11] [1 2 3 4 5 6 7 8 11] [2 6] [1 2 3] [1 2 3 4 5 6 7] [3 5 6 7] [1 2 3 6] [2 6 7 8 11 15] [1 3 5] [1 2 3 4 5 8 9] [1 3 5 6 8] [3] [2] [2 3 5 7 8] [] [] [] [] [] [] [] [] [] [] [] [] [] [] [] [] [] [] [] [] [] [] [] [] [] [] [] [] [] [] [] [] [] [] [] [] [] [] [] []
68 [] [1 2] [2 3] [2 6 7 8 9] [2 6 7 8] [3 5 6] [2 3 5 7] [1] [3 4] [3 5] [1 2 3 5] [3 4 5] [2 6 7 11 15] [2 6 11 15] [2 3 5] [2 6 7] [3 4 5 6 8] [2 6 11] [1 2 3 4 5 6 7 8 11] [2 6] [1 2 3] [1 2 3 4 5 6 7] [3 5 6 7] [1 2 3 6] [2 6 7 8 11 15] [1 3 5] [1 2 3 4 5 8 9] [1 3 5 6 8] [3] [2] [2 3 5 7 8] [] [] [] [] [] [] [] [] [] [] [] [] [] [] [] [] [] [] [] [] [] [] [] [] [] [] [] [] [] [] [] [] [] [] [] [] [] [] [] [] [] []
69 [] [1] [2 3 5] [1 2 3 4 5 6 7 8 11 15] [2 3] [3 4] [3 5] [1 2 3 5] [1 2] [3 4 5] [2 6 7 11 15] [2 6 11 15] [2 6 7] [3 4 5 6 8] [2 6 11] [1 2 3 4 5 6 7 8 11] [2 6] [1 2 3] [1 2 3 4 5 6 7] [3 5 6 7] [1 2 3 6] [2 6 7 8 11 15] [1 3 5] [1 2 3 4 5 8 9] [1 3 5 6 8] [3] [2] [2 3 5 7 8] [3 5 6] [] [] [] [] [] [] [] [] [] [] [] [] [] [] [] [] [] [] [] [] [] [] [] [] [] [] [] [] [] [] [] [] [] [] [] [] [] [] [] [] [] [] [] []
70 [] [3 4] [3 5] [1 3] [2 3 5 11] [1 2 3 5] [1 2] [3 4 5] [2 6 7 11 15] [2 6 11 15] [2 3 5] [2 6 7] [3 4 5 6 8] [2 6 11] [1 2 3 4 5 6 7 8 11] [2 6] [1 2 3] [1 2 3 4 5 6 7] [3 5 6 7] [1 2 3 6] [2 6 7 8 11 15] [1 3 5] [1 2 3 4 5 8 9] [1 3 5 6 8] [3] [2] [2 3 5 7 8] [3 5 6] [] [] [] [] [] [] [] [] [] [] [] [] [] [] [] [] [] [] [] [] [] [] [] [] [] [] [] [] [] [] [] [] [] [] [] [] [] [] [] [] [] [] [] [] []
71 [] [2 3 5 11] [2] [1 2 3 5] [3 4] [1 2 3 6] [1 2] [3 4 5] [2 11] [2 6 7 11 15] [2 6 11 15] [2 3 5] [2 6 7] [3 4 5 6 8] [2 6 11] [1 2 3 4 5 6 7 8 11] [2 6] [1 2 3] [1 2 3 4 5 6 7] [3 5 6 7] [2 6 7 8 11 15] [1 3 5] [1 2 3 4 5 8 9] [1 3 5 6 8] [3] [2 3 5 7 8] [3 5 6] [] [] [] [] [] [] [] [] [] [] [] [] [] [] [] [] [] [] [] [] [] [] [] [] [] [] [] [] [] [] [] [] [] [] [] [] [] [] [] [] [] [] [] [] [] []
72 [] [1 2 3 6] [3 4] [2 6 7 8 9 11 15 16] [1 2] [1 2 3] [2 3 5 7] [2 6 7 11 15] [2 6 11 15] [2 3 5] [2 6 7] [3 4 5] [3 4 5 6 8] [2 6 11] [1 2 3 4 5 6 7 8 11] [2 6] [1 2 3 4 5 6 7] [3 5 6 7] [2 6 7 8 11 15] [1 3 5] [1 2 3 4 5 8 9] [1 3 5 6 8] [3] [2] [2 3 5 7 8] [3 5 6] [] [] [] [] [] [] [] [] [] [] [] [] [] [] [] [] [] [] [] [] [] [] [] [] [] [] [] [] [] [] [] [] [] [] [] [] [] [] [] [] [] [] [] [] [] [] []
73 [] [2 6 7 8 9 11 15 16] [3 4 5 8] [1 2] [2 3 5 7] [2 6 7 11 15] [2 6 11 15] [2 3 5] [2 6 7] [3 4 5] [3 4 5 6 8] [2 6 11] [1 2 3 4 5 6 7 8 11] [2 6] [3 4] [1 2 3] [1 2 3 4 5 6 7] [3 5 6 7] [1 2 3 6] [2 6 7 8 11 15] [1 3 5] [1 2 3 4 5 8 9] [1 3 5 6 8] [3] [2] [2 3 5 7 8] [3 5 6] [] [] [] [] [] [] [] [] [] [] [] [] [] [] [] [] [] [] [] [] [] [] [] [] [] [] [] [] [] [] [] [] [] [] [] [] [] [] [] [] [] [] [] [] [] []
74 [] [2 6 7 11 15] [2 6 11 15] [2 3 5 7] [2 3 5] [1 2 3 5 6] [2 6 7] [3 4 5] [3 4 5 6 8] [2 6 11] [1 2 3 4 5 6 7 8 11] [2 6] [3 4] [1 2 3] [1 2 3 4 5 6 7] [3 5 6 7] [1 2 3 6] [2 6 7 8 11 15] [1 3 5] [1 2 3 4 5 8 9] [1 3 5 6 8] [3] [2] [2 3 5 7 8] [3 5 6] [] [] [] [] [] [] [] [] [] [] [] [] [] [] [] [] [] [] [] [] [] [] [] [] [] [] [] [] [] [] [] [] [] [] [] [] [] [] [] [] [] [] [] [] [] [] [] []
75 [] [1 2 3 5 6] [1 3 5 6] [1 3] [2 6 7] [3 4 5] [3 4 5 6 8] [2 6 11] [1 2 3 4 5 6 7 8 11] [2 6] [2 6 7 11 15] [2 6 11 15] [3 4] [1 2 3] [1 2 3 4 5 6 7] [3 5 6 7] [1 2 3 6] [2 6 7 8 11 15] [1 3 5] [1 2 3 4 5 8 9] [1 3 5 6 8] [3] [2] [2 3 5 7 8] [3 5 6] [] [] [] [] [] [] [] [] [] [] [] [] [] [] [] [] [] [] [] [] [] [] [] [] [] [] [] [] [] [] [] [] [] [] [] [] [] [] [] [] [] [] [] [] [] [] [] []
76 [] [3 4 5] [1 2 3 4 5 6 7 8] [3 4 5 8] [3 4 5 6 8] [2 3 5 7 8] [3 5] [1 2 3 6 7] [2 6 11 15] [2 6 11] [1 2 3 4 5 6 7 8 11] [2 6] [2 6 7 11 15] [3 4] [1 2 3] [1 2 3 4 5 6 7] [3 5 6 7] [1 2 3 6] [2 6 7 8 11 15] [1 3 5] [1 2 3 4 5 8 9] [1 3 5 6 8] [3] [2] [3 5 6] [] [] [] [] [] [] [] [] [] [] [] [] [] [] [] [] [] [] [] [] [] [] [] [] [] [] [] [] [] [] [] [] [] [] [] [] [] [] [] [] [] [] [] [] [] [] [] []
77 [] [2 6 11 15] [3 4 5] [3 5 6 7 8] [1 2 3 4 5 6 7] [1 3] [3 4 5 6] [2 6 11] [1 2 3 4 5 6 7 8 11] [2 6] [2 6 7 11 15] [3 4] [1 2 3] [3 5 6 7] [1 2 3 6] [2 6 7 8 11 15] [1 3 5] [1 2 3 4 5 8 9] [1 3 5 6 8] [3] [2] [2 3 5 7 8] [3 5 6] [] [] [] [] [] [] [] [] [] [] [] [] [] [] [] [] [] [] [] [] [] [] [] [] [] [] [] [] [] [] [] [] [] [] [] [] [] [] [] [] [] [] [] [] [] [] [] [] [] []
78 [] [3 4 5 6] [1 3 5] [2 6 11] [1 2 3 4 5 6 7 8 11] [2 6] [3 4 5] [1 3] [2 6 7 11 15] [2 6 11 15] [3 4] [1 2 3] [1 2 3 4 5 6 7] [3 5 6 7] [1 2 3 6] [2 6 7 8 11 15] [1 2 3 4 5 8 9] [1 3 5 6 8] [3] [2] [2 3 5 7 8] [3 5 6] [] [] [] [] [] [] [] [] [] [] [] [] [] [] [] [] [] [] [] [] [] [] [] [] [] [] [] [] [] [] [] [] [] [] [] [] [] [] [] [] [] [] [] [] [] [] [] [] [] [] []
79 [] [1 3] [2 6 7 11 15] [2 6 11 15] [1 3 5] [2 6 7] [3 4] [1 2 3] [1 2 3 4 5 6 7] [3 5 6 7] [1 2 3 6] [2 6 7 8 11 15] [1 2 3 4 5 8 9] [1 3 5 6 8] [3] [2] [2 3 5 7 8] [3 5 6] [] [] [] [] [] [] [] [] [] [] [] [] [] [] [] [] [] [] [] [] [] [] [] [] [] [] [] [] [] [] [] [] [] [] [] [] [] [] [] [] [] [] [] [] [] [] [] [] [] [] [] [] [] [] []
80 [] [1 2 3] [3 4] [3 4 5 6] [2 11] [2 3 5] [1 3 5 6] [1 2 3 4 5 6 7] [3 5 6 7] [1 2 3 6] [2 6 7 8 11 15] [1 3 5] [1 2 3 4 5 8 9] [1 3 5 6 8] [3] [2] [2 3 5 7 8] [3 5 6] [] [] [] [] [] [] [] [] [] [] [] [] [] [] [] [] [] [] [] [] [] [] [] [] [] [] [] [] [] [] [] [] [] [] [] [] [] [] [] [] [] [] [] [] [] [] [] [] [] [] [] [] [] [] []
81 [] [1 3 5 6] [3 4] [1 2 3 4 5 6 7] [2 3 5 7 8] [3 4 5 8] [2 3 5 7] [3 5 6 7] [1 2 3 6] [2 6 7 8 11 15] [1 2 3 5] [1 3 5] [1 2 3 4 5 8 9] [1 3 5 6 8] [3] [1 2 3] [2] [3 5 6] [] [] [] [] [] [] [] [] [] [] [] [] [] [] [] [] [] [] [] [] [] [] [] [] [] [] [] [] [] [] [] [] [] [] [] [] [] [] [] [] [] [] [] [] [] [] [] [] [] [] [] [] [] [] []
82 [] [2 3 5 7] [1 2 3 5 6 7 8] [3 5 6 7 8] [2 6] [3 5 6 7] [1 2 3 5] [1 3 5] [1 2 3 6] [3] [2 6 7 8 11 15] [1 2 3 4 5 8 9] [1 3 5 6 8] [3 4] [1 2 3] [2] [2 3 5 7 8] [3 5 6] [] [] [] [] [] [] [] [] [] [] [] [] [] [] [] [] [] [] [] [] [] [] [] [] [] [] [] [] [] [] [] [] [] [] [] [] [] [] [] [] [] [] [] [] [] [] [] [] [] [] [] [] [] [] []
83 [] [3 5 6 7] [2 6] [1 2 3 4 5 6 7 8 9 11 15 16 17] [2 3 5 7] [1 2 3 5] [3] [2 3] [2 6 7 8 11 15] [1 2 3 4 5 8 9] [1 3 5 6 8] [3 4] [1 2 3] [2] [2 3 5 7 8] [3 5 6] [] [] [] [] [] [] [] [] [] [] [] [] [] [] [] [] [] [] [] [] [] [] [] [] [] [] [] [] [] [] [] [] [] [] [] [] [] [] [] [] [] [] [] [] [] [] [] [] [] [] [] [] [] [] [] [] []
84 [] [2 3 5 7] [2 3] [1 2] [1 3] [1 3 5 6 8] [1 2 3 5 6 7] [1 2 3 5] [2 6 7 8 11 15] [1 2 3 4 5 8 9] [3 4] [3] [1 2 3] [2] [2 3 5 7 8] [3 5 6] [] [] [] [] [] [] [] [] [] [] [] [] [] [] [] [] [] [] [] [] [] [] [] [] [] [] [] [] [] [] [] [] [] [] [] [] [] [] [] [] [] [] [] [] [] [] [] [] [] [] [] [] [] [] [] [] []
85 [] [1 2 3 5 6 7] [1 2 3] [3 4 5 6] [1 2 3 5] [1 3 5] [2 3] [2 6 7 8 11 15] [1 2 3 4 5 8 9] [1 3 5 6 8] [3 4] [3] [2] [2 3 5 7 8] [3 5 6] [] [] [] [] [] [] [] [] [] [] [] [] [] [] [] [] [] [] [] [] [] [] [] [] [] [] [] [] [] [] [] [] [] [] [] [] [] [] [] [] [] [] [] [] [] [] [] [] [] [] [] [] [] [] [] [] [] []
86 [] [2 6 7 8 11 15] [1 2 3 4 5 8 9] [1 3 5 6 8] [2 3] [1 3] [3 4 5 8] [2 3 5] [3 4] [1 2] [3 4 5] [3] [1 2 3] [2] [2 3 5 7 8] [3 5 6] [] [] [] [] [] [] [] [] [] [] [] [] [] [] [] [] [] [] [] [] [] [] [] [] [] [] [] [] [] [] [] [] [] [] [] [] [] [] [] [] [] [] [] [] [] [] [] [] [] [] [] [] [] [] [] [] []
87 [] [2 3 5] [3 4 5 6] [3 5] [1] [1 2 3 5] [3 4 5] [3] [1 3 5 6 8] [1 2 3] [2] [2 3 5 7 8] [3 5 6] [] [] [] [] [] [] [] [] [] [] [] [] [] [] [] [] [] [] [] [] [] [] [] [] [] [] [] [] [] [] [] [] [] [] [] [] [] [] [] [] [] [] [] [] [] [] [] [] [] [] [] [] [] [] [] [] [] [] [] []
88 [] [1 2 3 5] [3 4 5] [3] [1 3 5 6 8] [1 2 3] [1 2] [2] [2 3 5 7 8] [3 5 6] [] [] [] [] [] [] [] [] [] [] [] [] [] [] [] [] [] [] [] [] [] [] [] [] [] [] [] [] [] [] [] [] [] [] [] [] [] [] [] [] [] [] [] [] [] [] [] [] [] [] [] [] [] [] [] [] [] [] [] [] [] [] []
89 [] [1 2] [1 2 3] [2] [2 3 5 7 8] [3 5 6] [3 4 5] [2 6] [2 6 7] [] [] [] [] [] [] [] [] [] [] [] [] [] [] [] [] [] [] [] [] [] [] [] [] [] [] [] [] [] [] [] [] [] [] [] [] [] [] [] [] [] [] [] [] [] [] [] [] [] [] [] [] [] [] [] [] [] [] [] [] [] [] [] []
90 [] [2 6 7] [] [] [] [] [] [] [] [] [] [] [] [] [] [] [] [] [] [] [] [] [] [] [] [] [] [] [] [] [] [] [] [] [] [] [] [] [] [] [] [] [] [] [] [] [] [] [] [] [] [] [] [] [] [] [] [] [] [] [] [] [] [] [] [] [] [] [] [] [] [] []
