interv day time team
1 72 90 1
2 361 0 1
3 1 0 1
4 1 30 2
5 360 90 2
6 2 0 1
7 244 0 1
8 361 60 2
9 2 60 2
10 180 0 1
11 362 0 1
12 1 90 5
13 3 0 1
14 4 0 1
15 1 100 6
16 181 0 1
17 237 60 5
18 362 60 2
19 4 60 2
20 245 0 1
21 246 0 1
22 236 110 10
23 363 0 1
24 364 0 1
25 365 0 1
26 247 0 1
27 5 0 1
28 6 0 1
29 242 60 5
30 248 0 1
31 7 0 1
32 248 60 2
33 249 0 1
34 7 30 2
35 249 60 2
36 250 0 1
37 180 60 3
38 182 0 1
39 182 30 2
40 251 0 1
41 250 60 3
42 365 60 2
43 8 0 1
44 9 0 1
45 252 0 1
46 366 0 1
47 367 0 1
48 362 90 6
49 182 40 3
50 253 0 1
51 254 0 1
52 252 10 2
53 255 0 1
54 368 0 1
55 252 40 3
56 369 0 1
57 252 50 2
58 255 60 2
59 252 80 3
60 370 0 1
61 371 0 1
62 182 50 1
63 182 80 4
64 183 0 1
65 372 0 1
66 184 0 1
67 256 0 1
68 252 90 6
69 373 0 1
70 374 0 1
71 375 0 1
72 1 110 7
73 185 0 1
74 256 60 2
75 372 30 3
76 10 0 1
77 375 30 2
78 372 90 5
79 376 0 1
80 186 0 1
81 187 0 1
82 257 0 1
83 7 90 5
84 188 0 1
85 257 60 1
86 375 90 1
87 376 60 2
88 258 0 1
89 377 0 1
90 7 100 6
91 189 0 1
92 190 0 1
93 182 110 2
94 259 0 1
95 184 60 5
96 260 0 1
97 378 0 1
98 256 90 5
99 377 60 3
100 252 100 1
101 379 0 1
102 10 60 2
103 191 0 1
104 258 60 3
105 258 90 4
106 261 0 1
107 184 70 5
108 192 0 1
109 11 0 1
110 193 0 1
111 194 0 1
112 261 60 2
113 11 30 1
114 7 110 8
115 12 0 1
116 11 60 2
117 13 0 1
118 184 100 7
119 262 0 1
120 263 0 1
121 13 30 2
122 14 0 1
123 380 0 1
124 13 40 3
125 15 0 1
126 264 0 1
127 252 110 11
128 381 0 1
129 13 50 4
130 195 0 1
131 196 0 1
132 197 0 1
133 198 0 1
134 184 110 10
135 265 0 1
136 13 60 5
137 16 0 1
138 264 30 2
139 17 0 1
140 191 60 5
141 266 0 1
142 199 0 1
143 199 60 2
144 267 0 1
145 200 0 1
146 13 70 7
147 201 0 1
148 382 0 1
149 264 60 5
150 383 0 1
151 384 0 1
152 268 0 1
153 385 0 1
154 13 80 8
155 268 60 2
156 382 60 4
157 269 0 1
158 13 110 7
159 18 0 1
160 268 90 2
161 202 0 1
162 270 0 1
163 271 0 1
164 384 30 3
165 386 0 1
166 269 60 3
167 387 0 1
168 376 90 12
169 202 10 2
170 269 70 4
171 388 0 1
172 269 80 5
173 389 0 1
174 17 60 3
175 384 90 1
176 386 60 4
177 17 90 4
178 19 0 1
179 269 110 6
180 390 0 1
181 272 0 1
182 203 0 1
183 204 0 1
184 273 0 1
185 202 70 1
186 274 0 1
187 20 0 1
188 391 0 1
189 392 0 1
190 17 100 5
191 205 0 1
192 206 0 1
193 17 110 6
194 207 0 1
195 275 0 1
196 276 0 1
197 277 0 1
198 20 60 2
199 21 0 1
200 22 0 1
201 393 0 1
202 272 30 4
203 394 0 1
204 395 0 1
205 20 70 3
206 23 0 1
207 24 0 1
208 20 80 4
209 25 0 1
210 202 80 6
211 208 0 1
212 209 0 1
213 20 90 5
214 26 0 1
215 26 30 2
216 386 90 6
217 210 0 1
218 202 110 8
219 278 0 1
220 272 40 1
221 27 0 1
222 210 60 2
223 27 60 2
224 211 0 1
225 279 0 1
226 280 0 1
227 212 0 1
228 213 0 1
229 26 90 5
230 396 0 1
231 397 0 1
232 28 0 1
233 398 0 1
234 211 10 3
235 393 60 4
236 214 0 1
237 28 60 2
238 29 0 1
239 30 0 1
240 211 70 3
241 281 0 1
242 214 60 2
243 282 0 1
244 30 30 2
245 28 70 4
246 399 0 1
247 211 80 5
248 283 0 1
249 282 60 1
250 211 90 6
251 400 0 1
252 30 90 3
253 393 90 6
254 215 0 1
255 28 100 5
256 216 0 1
257 215 30 3
258 401 0 1
259 284 0 1
260 28 110 6
261 31 0 1
262 215 90 4
263 285 0 1
264 402 0 1
265 272 70 10
266 403 0 1
267 404 0 1
268 32 0 1
269 286 0 1
270 32 30 2
271 215 100 5
272 287 0 1
273 286 60 2
274 401 30 3
275 272 80 1
276 405 0 1
277 217 0 1
278 401 90 4
279 406 0 1
280 288 0 1
281 272 110 3
282 407 0 1
283 288 30 2
284 217 30 1
285 32 60 3
286 215 110 6
287 289 0 1
288 33 0 1
289 405 60 4
290 408 0 1
291 409 0 1
292 408 30 1
293 218 0 1
294 290 0 1
295 217 60 3
296 219 0 1
297 291 0 1
298 292 0 1
299 288 60 5
300 410 0 1
301 411 0 1
302 219 10 2
303 220 0 1
304 412 0 1
305 413 0 1
306 293 0 1
307 293 60 2
308 33 30 1
309 219 70 1
310 33 60 2
311 288 70 1
312 220 60 2
313 221 0 1
314 33 90 1
315 294 0 1
316 294 30 2
317 221 60 2
318 294 60 3
319 34 0 1
320 35 0 1
321 288 100 9
322 414 0 1
323 34 10 2
324 34 40 3
325 222 0 1
326 295 0 1
327 219 100 6
328 296 0 1
329 36 0 1
330 415 0 1
331 295 60 3
332 297 0 1
333 298 0 1
334 36 30 2
335 295 90 3
336 34 100 6
337 37 0 1
338 38 0 1
339 223 0 1
340 288 110 4
341 416 0 1
342 36 90 4
343 408 60 6
344 408 90 5
345 298 60 2
346 222 60 3
347 39 0 1
348 417 0 1
349 222 90 4
350 219 110 10
351 299 0 1
352 40 0 1
353 417 30 2
354 34 110 10
355 41 0 1
356 39 60 4
357 224 0 1
358 42 0 1
359 42 30 2
360 43 0 1
361 298 90 4
362 42 40 3
363 44 0 1
364 224 30 2
365 300 0 1
366 301 0 1
367 301 30 2
368 224 40 3
369 417 60 1
370 302 0 1
371 224 100 4
372 303 0 1
373 225 0 1
374 44 60 2
375 418 0 1
376 45 0 1
377 42 100 2
378 46 0 1
379 301 60 4
380 419 0 1
381 420 0 1
382 225 60 2
383 226 0 1
384 44 90 5
385 227 0 1
386 228 0 1
387 229 0 1
388 45 60 3
389 304 0 1
390 417 90 2
391 301 70 5
392 421 0 1
393 422 0 1
394 301 80 5
395 423 0 1
396 424 0 1
397 47 0 1
398 42 110 9
399 48 0 1
400 224 110 8
401 305 0 1
402 418 60 3
403 425 0 1
404 426 0 1
405 427 0 1
406 45 90 6
407 230 0 1
408 231 0 1
409 225 90 6
410 301 90 1
411 418 90 3
412 427 60 2
413 47 60 3
414 304 60 3
415 47 90 4
416 304 90 4
417 227 60 4
418 306 0 1
419 307 0 1
420 45 100 9
421 49 0 1
422 50 0 1
423 50 30 2
424 308 0 1
425 428 0 1
426 45 110 11
427 232 0 1
428 233 0 1
429 428 60 2
430 308 60 1
431 51 0 1
432 50 90 1
433 309 0 1
434 51 60 1
435 52 0 1
436 309 30 2
437 51 70 2
438 227 70 6
439 310 0 1
440 53 0 1
441 53 60 2
442 309 90 4
443 429 0 1
444 234 0 1
445 51 100 5
446 235 0 1
447 311 0 1
448 311 30 1
449 227 80 7
450 312 0 1
451 430 0 1
452 311 60 3
453 311 90 1
454 313 0 1
455 313 60 2
456 314 0 1
457 313 90 2
458 314 60 2
459 227 90 1
460 315 0 1
461 316 0 1
462 317 0 1
463 317 30 2
464 227 100 6
465 318 0 1
466 317 90 4
467 319 0 1
468 319 30 2
469 227 110 1
470 320 0 1
471 319 60 4
472 319 90 1
473 321 0 1
474 322 0 1
475 323 0 1
476 321 60 3
477 324 0 1
478 324 60 2
479 325 0 1
480 325 60 2
481 326 0 1
482 324 90 2
483 326 60 1
484 234 60 3
485 327 0 1
486 328 0 1
487 328 30 2
488 329 0 1
489 234 70 4
490 330 0 1
491 331 0 1
492 332 0 1
493 329 60 3
494 333 0 1
495 332 30 2
496 234 80 5
497 334 0 1
498 335 0 1
499 234 90 1
500 336 0 1
501 337 0 1
502 234 100 6
503 338 0 1
504 328 90 8
505 234 110 2
506 339 0 1
507 340 0 1
508 341 0 1
509 342 0 1
510 343 0 1
511 342 60 3
512 344 0 1
513 332 90 8
514 345 0 1
515 346 0 1
516 345 60 3
517 347 0 1
518 347 30 2
519 347 90 1
520 236 0 1
521 348 0 1
522 236 10 2
523 349 0 1
524 350 0 1
525 351 0 1
526 352 0 1
527 353 0 1
528 354 0 1
529 355 0 1
530 236 20 3
531 356 0 1
532 236 30 4
533 357 0 1
534 351 60 6
535 358 0 1
536 236 40 5
537 359 0 1
538 360 0 1
539 360 60 2
540 236 50 6
541 237 0 1
542 238 0 1
543 239 0 1
544 237 30 3
545 240 0 1
546 241 0 1
547 242 0 1
548 243 0 1
549 54 0 1
550 53 90 2
551 54 60 2
552 54 90 2
553 51 110 5
554 55 0 1
555 56 0 1
556 57 0 1
557 56 60 3
558 58 0 1
559 58 60 2
560 59 0 1
561 59 60 2
562 60 0 1
563 61 0 1
564 62 0 1
565 59 70 4
566 63 0 1
567 59 80 5
568 64 0 1
569 62 60 3
570 59 110 3
571 65 0 1
572 64 60 3
573 62 90 3
574 66 0 1
575 66 30 2
576 66 60 3
577 67 0 1
578 67 30 2
579 67 60 3
580 67 90 4
581 68 0 1
582 68 30 2
583 69 0 1
584 70 0 1
585 68 40 2
586 71 0 1
587 68 50 3
588 72 0 1
589 72 30 2
590 68 80 5
591 68 110 4
592 73 0 1
593 74 0 1
594 75 0 1
595 76 0 1
596 77 0 1
597 78 0 1
598 78 60 1
599 79 0 1
600 79 60 2
601 80 0 1
602 80 60 2
603 81 0 1
604 81 60 2
605 82 0 1
606 82 60 2
607 83 0 1
608 83 60 2
609 84 0 1
610 84 60 2
611 85 0 1
612 85 60 2
613 86 0 1
614 86 60 1
615 87 0 1
616 87 60 2
617 88 0 1
618 88 60 2
619 89 0 1
620 89 60 2
621 90 0 1
622 90 60 2
623 91 0 1
624 91 60 2
625 92 0 1
626 92 60 2
627 93 0 1
628 93 60 2
629 94 0 1
630 94 60 2
631 95 0 1
632 95 60 2
633 96 0 1
634 96 60 2
635 97 0 1
636 97 60 2
637 98 0 1
638 98 60 2
639 99 0 1
640 99 60 2
641 100 0 1
642 100 60 2
643 101 0 1
644 101 60 2
645 102 0 1
646 102 60 2
647 103 0 1
648 103 60 2
649 104 0 1
650 104 60 2
651 105 0 1
652 105 60 1
653 106 0 1
654 106 60 2
655 107 0 1
656 107 60 2
657 108 0 1
658 108 60 2
659 109 0 1
660 109 60 2
661 110 0 1
662 110 60 2
663 111 0 1
664 111 60 2
665 112 0 1
666 112 60 2
667 113 0 1
668 113 60 2
669 114 0 1
670 114 60 2
671 115 0 1
672 115 60 2
673 116 0 1
674 116 60 2
675 117 0 1
676 117 60 2
677 118 0 1
678 118 60 2
679 119 0 1
680 119 60 2
681 120 0 1
682 120 60 2
683 121 0 1
684 121 60 2
685 122 0 1
686 122 60 1
687 123 0 1
688 123 60 2
689 124 0 1
690 124 60 2
691 125 0 1
692 125 60 2
693 126 0 1
694 126 60 2
695 127 0 1
696 127 60 2
697 128 0 1
698 128 60 2
699 129 0 1
700 129 60 2
701 130 0 1
702 130 60 2
703 131 0 1
704 131 60 2
705 132 0 1
706 132 60 2
707 133 0 1
708 133 60 1
709 134 0 1
710 134 60 2
711 135 0 1
712 135 60 2
713 136 0 1
714 136 60 2
715 137 0 1
716 137 60 2
717 138 0 1
718 138 60 1
719 139 0 1
720 139 60 2
721 140 0 1
722 140 60 2
723 141 0 1
724 141 60 2
725 142 0 1
726 142 60 2
727 143 0 1
728 143 60 2
729 144 0 1
730 144 60 2
731 145 0 1
732 145 60 2
733 146 0 1
734 146 60 2
735 147 0 1
736 147 60 1
737 148 0 1
738 148 60 2
739 149 0 1
740 149 60 2
741 150 0 1
742 150 60 2
743 151 0 1
744 151 60 2
745 152 0 1
746 152 60 2
747 153 0 1
748 153 60 1
749 154 0 1
750 154 60 2
751 155 0 1
752 155 60 2
753 156 0 1
754 156 60 2
755 157 0 1
756 157 60 2
757 158 0 1
758 158 60 2
759 159 0 1
760 159 60 2
761 160 0 1
762 160 60 1
763 161 0 1
764 161 60 2
765 162 0 1
766 162 60 2
767 163 0 1
768 163 60 2
769 164 0 1
770 164 60 1
771 165 0 1
772 165 60 2
773 166 0 1
774 166 60 2
775 167 0 1
776 167 60 2
777 168 0 1
778 168 60 2
779 169 0 1
780 169 60 2
781 170 0 1
782 170 60 1
783 171 0 1
784 171 60 2
785 172 0 1
786 172 60 2
787 173 0 1
788 173 60 2
789 174 0 1
790 174 60 2
791 175 0 1
792 175 60 2
793 176 0 1
794 176 60 2
795 177 0 1
796 177 60 1
797 178 0 1
798 178 60 2
799 179 0 1
800 179 60 2
