interv day time team
1 48 105 5
2 83 60 4
3 1 0 1
4 1 60 2
5 63 30 3
6 1 75 1
7 1 90 3
8 1 105 4
9 83 75 1
10 83 90 5
11 49 0 1
12 2 0 1
13 83 105 1
14 64 0 1
15 84 0 1
16 84 60 2
17 49 15 2
18 2 60 2
19 3 0 1
20 3 60 2
21 4 0 1
22 2 75 5
23 64 15 2
24 49 30 3
25 2 90 6
26 2 105 7
27 85 0 1
28 4 15 2
29 85 15 2
30 50 0 1
31 4 30 3
32 64 30 3
33 85 30 3
34 4 90 2
35 64 45 4
36 49 90 4
37 4 105 4
38 49 105 2
39 65 0 1
40 5 0 1
41 85 45 4
42 85 60 5
43 51 0 1
44 86 0 1
45 5 15 2
46 86 15 2
47 5 105 3
48 6 0 1
49 6 60 1
50 64 105 6
51 6 75 2
52 50 90 1
53 7 0 1
54 6 90 4
55 51 60 2
56 6 105 5
57 7 60 2
58 8 0 1
59 8 60 2
60 65 90 2
61 8 75 3
62 86 30 3
63 9 0 1
64 10 0 1
65 10 60 2
66 65 105 3
67 86 45 4
68 8 90 6
69 11 0 1
70 86 60 5
71 50 105 4
72 86 75 6
73 8 105 3
74 86 90 3
75 9 90 5
76 9 105 1
77 11 60 1
78 12 0 1
79 11 75 3
80 66 0 1
81 12 60 2
82 13 0 1
83 13 60 2
84 11 90 6
85 14 0 1
86 11 105 8
87 14 60 2
88 14 75 3
89 66 15 2
90 66 30 3
91 66 45 4
92 52 0 1
93 14 90 4
94 66 60 4
95 66 75 5
96 15 0 1
97 14 105 2
98 15 60 2
99 15 75 3
100 52 60 2
101 15 90 4
102 16 0 1
103 53 0 1
104 15 105 6
105 86 105 3
106 16 60 2
107 66 90 6
108 17 0 1
109 17 60 2
110 53 60 2
111 16 75 5
112 66 105 7
113 52 75 5
114 16 90 3
115 16 105 6
116 67 0 1
117 87 0 1
118 67 15 2
119 67 30 3
120 67 45 3
121 18 0 1
122 87 15 2
123 18 90 2
124 67 60 4
125 52 90 6
126 52 105 3
127 18 105 3
128 19 0 1
129 68 0 1
130 68 60 2
131 88 0 1
132 19 15 1
133 19 75 2
134 54 0 1
135 19 90 3
136 87 75 4
137 67 75 2
138 67 90 3
139 20 0 1
140 67 105 5
141 69 0 1
142 69 60 2
143 19 105 5
144 54 15 2
145 54 30 3
146 87 90 5
147 20 60 2
148 87 105 6
149 88 60 1
150 89 0 1
151 21 0 1
152 21 60 2
153 22 0 1
154 20 75 4
155 70 0 1
156 70 15 2
157 70 30 3
158 70 90 4
159 89 60 2
160 88 75 3
161 70 105 5
162 71 0 1
163 90 0 1
164 23 0 1
165 20 90 2
166 20 105 6
167 21 75 5
168 21 90 6
169 21 105 7
170 54 45 4
171 90 60 2
172 24 0 1
173 91 0 1
174 22 60 4
175 23 90 3
176 25 0 1
177 54 60 5
178 71 60 2
179 71 75 2
180 71 90 3
181 54 75 6
182 72 0 1
183 25 60 2
184 91 15 2
185 71 105 2
186 23 105 6
187 26 0 1
188 27 0 1
189 24 90 1
190 24 105 6
191 73 0 1
192 74 0 1
193 88 90 7
194 75 0 1
195 26 60 3
196 26 75 4
197 54 90 5
198 26 90 2
199 88 105 3
200 26 105 5
201 55 0 1
202 55 60 2
203 92 0 1
204 28 0 1
205 75 60 2
206 92 90 2
207 27 90 3
208 27 105 1
209 28 60 2
210 54 105 8
211 29 0 1
212 55 75 1
213 55 90 3
214 56 0 1
215 29 15 2
216 29 30 3
217 29 45 4
218 93 0 1
219 93 60 2
220 29 105 5
221 30 0 1
222 31 0 1
223 91 75 2
224 94 0 1
225 72 90 6
226 72 105 4
227 55 105 4
228 91 90 1
229 76 0 1
230 56 60 2
231 91 105 1
232 32 0 1
233 92 105 5
234 94 60 2
235 73 90 5
236 95 0 1
237 95 90 2
238 30 60 4
239 33 0 1
240 33 60 2
241 30 75 6
242 30 90 7
243 57 0 1
244 57 60 2
245 56 75 4
246 96 0 1
247 73 105 3
248 94 75 5
249 58 0 1
250 34 0 1
251 30 105 9
252 94 90 2
253 34 60 2
254 94 105 6
255 77 0 1
256 35 0 1
257 97 0 1
258 31 90 5
259 74 90 4
260 56 90 1
261 56 105 6
262 98 0 1
263 31 105 6
264 74 105 5
265 76 90 1
266 95 105 5
267 35 60 2
268 76 105 3
269 78 0 1
270 96 60 3
271 97 90 2
272 97 105 2
273 32 90 4
274 77 60 3
275 32 105 2
276 58 60 1
277 33 75 4
278 33 90 4
279 78 90 2
280 79 0 1
281 99 0 1
282 78 105 4
283 33 105 5
284 98 90 2
285 98 105 3
286 36 0 1
287 36 15 2
288 36 30 3
289 99 60 1
290 36 90 4
291 36 105 5
292 100 0 1
293 79 60 2
294 37 0 1
295 80 0 1
296 37 15 2
297 37 30 2
298 38 0 1
299 99 75 3
300 99 90 4
301 80 15 2
302 99 105 5
303 37 45 4
304 100 90 2
305 80 30 3
306 101 0 1
307 58 75 2
308 58 90 3
309 101 90 2
310 37 60 5
311 37 75 6
312 58 105 4
313 39 0 1
314 37 90 7
315 39 60 2
316 100 105 2
317 102 0 1
318 37 105 3
319 38 90 4
320 59 0 1
321 38 105 2
322 59 15 2
323 40 0 1
324 40 15 2
325 41 0 1
326 59 30 3
327 59 45 2
328 40 75 3
329 80 45 4
330 80 60 5
331 41 60 1
332 60 0 1
333 102 60 2
334 80 75 6
335 42 0 1
336 80 90 5
337 59 105 5
338 80 105 7
339 40 90 4
340 101 105 5
341 43 0 1
342 44 0 1
343 103 0 1
344 44 60 2
345 81 0 1
346 40 105 6
347 81 15 2
348 42 90 3
349 81 75 3
350 103 15 2
351 42 105 1
352 82 0 1
353 43 90 1
354 60 60 2
355 103 105 2
356 104 0 1
357 43 105 3
358 45 0 1
359 45 15 2
360 82 60 2
361 45 30 1
362 45 45 3
363 104 15 2
364 45 60 4
365 81 90 1
366 104 30 3
367 81 105 5
368 60 75 3
369 46 0 1
370 46 60 1
371 61 0 1
372 45 75 5
373 104 45 4
374 83 0 1
375 47 0 1
376 104 60 4
377 83 15 2
378 62 0 1
379 83 30 3
380 60 90 4
381 105 0 1
382 47 60 1
383 60 105 5
384 61 90 2
385 45 90 7
386 48 0 1
387 62 60 1
388 45 105 4
389 83 45 1
390 105 15 2
391 61 105 3
392 105 30 3
393 63 0 1
394 105 45 4
395 48 60 2
396 105 60 3
397 105 75 5
398 48 75 3
399 48 90 4
400 63 15 2
