day not_working team1 team2 team3 team4 team5 team6 team7 team8 team9 team10 team11 team12 team13 team14 team15 team16 team17 team18 team19 team20 team21 team22 team23 team24 team25 team26 team27 team28 team29 team30 team31 team32 team33 team34 team35 team36 team37 team38 team39 team40 team41 team42 team43 team44 team45 team46 team47 team48 team49 team50 team51 team52 team53 team54 team55 team56 team57 team58 team59 team60 team61 team62 team63 team64 team65 team66 team67 team68 team69 team70 team71 team72 team73 team74 team75 team76 team77 team78 team79 team80 team81 team82 team83 team84 team85 team86 team87 team88 team89 team90 team91 team92 team93
1 [] [1] [2] [1 5 29] [1 2 4] [1 2 3 4 6 7] [1 2] [1 3] [1 2 3 4 5 6 7 8 9] [2 5 6 7 8 12 13] [5 29] [1 6 7] [2 3] [1 2 3 4 5 6 7 8 9 10] [1 2 3 4] [1 2 3 6] [1 2 5] [1 3 4 6 7] [2 3 4 7 9 10] [2 4] [1 2 3] [1 2 3 4 5 6 7 8] [1 2 3 5 7] [1 2 3 4 7] [2 6] [1 2 3 4 6 10] [1 3 4 6] [1 2 3 4 6 7 8 10] [1 2 3 4 5 6 7 8 9 10 11 12 13] [1 2 3 6 7] [1 2 3 4 5] [1 2 3 4 5 6 7 8 9 10 11 12] [1 2 3 4 5 6 7 9 10 11 12 13] [1 6] [1 3 4 6 7 10] [1 2 3 4 5 7 8] [3] [2 5] [1 4] [1 2 4 5 6 8] [1 2 3 4 5 6 7 8 9 10 12 29] [1 2 3 4 6] [2 7] [1 2 3 4 5 6 7 8 10 12] [1 2 3 4 5 6 10] [1 6 7 8 9] [1 2 3 5] [1 2 3 4 5 6 7 8 10 15 29] [1 2 3 8] [1 2 3 4 5 6 7] [5] [1 2 3 4 5 6 12 29] [1 2 3 4 5 6 7 8 10 11] [1 2 3 4 5 6 7 8 10 11 12 13 15 20] [1 3 7 9 10 11 12] [1 2 3 4 5 6 7 8 9 12 14] [1 2 3 4 5 6 7 9] [1 2 3 4 5 6 7 8 9 29] [2 4 6] [1 2 3 5 6 7 8 10] [1 2 3 4 5 6 7 9 11] [1 2 3 5 6 8 9] [1 2 5 7 8 29] [1 4 6] [2 3 4 7] [1 2 3 4 5 6 8] [2 4 6 7] [1 2 3 7 8 9] [1 2 3 4 5 6 7 10] [1 3 5 29] [1 3 5] [1 2 3 4 6 7 8 9] [2 5 7] [1 2 3 4 5 6 7 8 10 14] [2 3 4] [1 2 4 7 8 10] [1 2 3 5 6 7 9] [1 2 5 7 8] [1 2 6 10] [1 2 3 4 5 6 8 10 11 13] [2 3 6 7] [1 2 3 4 5 6 7 8 10 29] [1 2 3 4 5 6 7 8 29] [1 2 3 4 5 6 7 10 11 13] [1 2 7 8 10] [1 2 3 4 5 6 7 8 9 12 13] [1 2 3 4 6 10 11 13] [1 2 3 7 8] [2 3 4 6 7] [1 2 4 6 7] [1 2 3 4 6 9] [1 2 3 4 5 6 8 9 10] [] []
2 [8 25] [1 2 3 4 6 7] [1 2] [1 3] [1 2 3 4 5 6 7 9 10] [2 5 6 7 9 12 13] [5 29] [1 6 7] [2] [2 3] [1 2 3 4 5 6 7 9 10 14] [1 2 3 4] [1] [1 2 3 6] [1 2 5] [1 3 4 6 7] [2 3 4 7 9 10] [2 4] [1 2 3] [1 2 3 4 5 6 7 9] [1 2 3 5 7] [1 2 3 4 7] [2 6] [1 2 3 4 6 10] [1 3 4 6] [1 2 3 4 6 7 9 10] [1 2 3 4 5 6 7 9 10 11 12 13 15] [1 2 3 6 7] [1 2 3 4 5] [1 2 3 4 5 6 7 9 10 11 12] [1 2 3 4 5 6 7 9 10 11 12 13] [1 2 3 4 5 6 7 9 10 11] [1 2 4] [1 6] [1 3 4 6 7 10] [1 2 3 4 5 7 14] [3] [2 5] [1 4] [1 2 4 5 6 9] [1 2 3 4 5 6 7 9 10 12 29] [1 2 3 4 6] [2 7] [1 2 3 4 5 6 10] [1 6 7 9 10] [1 2 3 5] [1 2 3 4 5 6 7 9 10 15 20 29] [1 2 3 9] [1 2 3 4 5 6 7] [5] [1 2 3 4 5 6 12 29] [1 2 3 4 5 6 7 10 11] [1 2 3 4 5 6 7 9 10 11 12 13 15 20] [1 3 7 9 10 11 12] [1 2 3 4 5 6 7 9 10 12 14 16] [1 2 3 4 5 6 7 9 10 29] [2 4 6] [1 2 3 5 6 7 9 10 11] [1 2 3 4 5 6 7 9 11] [1 2 3 5 6 9 10] [1 2 3 4 5 6 7 9 10 11 29] [1 2 5 7 10 29] [1 2 3 4 5 6 7 10 11 12] [1 4 6] [2 3 4 7] [2 4 6 7] [1 2 3 7 9 11] [1 2 3 4 5 6 7 10] [1 3 5 29] [1 3 5] [2 5 7] [1 2 3 4 5 6 7 9 10 14 16] [2 3 4] [1 2 3 4 5 6 7 9 10 15] [1 2 4 7 10 11] [1 2 3 5 6 7 9] [1 2 5 7 14] [1 2 6 10] [1 2 3 4 5 6 9 10 11 12 13] [1 2 3 4 5 6 7 9 12] [2 3 6 7] [1 2 3 4 5 6 7 10 15 29] [1 2 3 4 5 6 7 10 29] [1 2 3 4 5 6 7 10 11 13] [1 2 3 4 5 6 7 9 10 11 12 29] [1 2 7 10 11] [1 2 3 4 5 6 7 9 11 12 13] [1 2 3 4 6 10 11 13] [1 2 3 7 9] [2 3 4 6 7] [1 2 4 6 7] [1 2 3 4 5 7 9] [1 2 3 4 6 9] [1 2 3 4 5 6 9 10 15]
3 [5] [1 3] [1 2 3 4 6 7 8 9] [3] [2] [2 3] [1 2 3 4 6 7 8 9 10 29] [1 2 3 4] [1] [1 2 3 6] [1 2 29] [1 2 3 4 6 7 8 9 10] [1 3 4 6 7] [2 3 4 7 9 10] [2 4] [1 2 3] [1 2 3 4 6 7 8 29] [1 2] [1 2 3 7 9] [1 6 7] [1 2 3 4 7] [2 6] [1 2 3 4 6 10] [1 3 4 6] [1 2 3 4 6 7 8 10] [1 2 3 4 6 7 8 9 10 11 12 13] [1 2 3 6 7] [1 2 3 4 6] [1 2 3 4 6 7 8 9 10 11 12 29] [1 2 4] [1 6] [1 3 4 6 7 10] [1 2 3 4 6 7 8] [2 29] [1 4] [1 2 4 6 8] [2 7] [1 2 3 4 6 7 8 9 10 12 29] [1 2 3 4 6 10 29] [1 6 7 8 9] [1 2 3 7] [1 2 3 8] [1 2 3 4 6 7 8 9 29] [1 2 3 4 6 7 8 9 11] [29] [1 2 3 4 6 7 8 9 10 11 29] [1 2 3 4 6 7 8 9 10 11 12 13 15 20 29] [1 3 7 9 10 11 12] [1 2 3 4 6 7 8 9 12 14] [1 2 3 4 6 7 9 29] [2 4 6] [1 2 3 6 7 8 10] [1 2 3 4 6 7 9 11] [1 2 3 6 7 8 9] [1 2 3 4 6 7 8 10 12] [1 4 6] [2 3 4 7] [1 2 3 4 6 8] [2 4 6 7] [1 2 3 4 6 7 8 9 10 11] [1 2 3 4 6 7] [1 2 3 7 8 9] [1 2 3 4 6 7 10 29] [1 3 29] [2 6 7] [1 2 3 4 6 7 8 10 14 29] [2 3 4] [1 2 4 7 8 10] [1 2 3 4 6 7 29] [1 2 3 6 7 9 10 29] [1 2 7 8] [1 2 6 10] [1 2 3 4 6 7 8 9 10 11 13 29] [2 3 6 7] [1 2 3 4 6 7 10 11 13 29] [1 2 7 8 10] [1 2 3 4 6 7 8 9 12 13 29] [1 2 3 4 6 10 11 13] [1 2 3 7 8] [2 3 4 6 7] [1 2 4 6 7] [1 2 3 4 6 9] [1 2 3 4 6 8 9 10] [] [] [] [] [] [] [] [] [] [] []
4 [5] [3] [2] [1 2 3 4 6 7 8 9] [2 3] [1 2 3 4 6 7 8 9 10 29] [1 2 3 4] [1] [1 2 3 6] [1 2 29] [1 2 3 4 6 7 8 9 10] [1 3 4 6 7] [2 3 4 7 9 10] [2 4] [1 3] [1 2 3] [1 2 3 4 6 7 8 29] [1 2] [1 2 3 7 9] [1 6 7] [1 2 3 4 7] [2 6] [1 2 3 4 6 10] [1 3 4 6] [1 2 3 4 6 7 8 10] [1 2 3 4 6 7 8 9 10 11 12 13] [1 2 3 6 7] [1 2 3 4 6] [1 2 3 4 6 7 8 9 10 11 12 29] [1 2 4] [1 6] [1 3 4 6 7 10] [1 2 3 4 6 7 8] [2 29] [1 4] [1 2 4 6 8] [2 7] [1 2 3 4 6 7 8 9 10 12 29] [1 2 3 4 6 10 29] [1 6 7 8 9] [1 2 3 7] [1 2 3 8] [1 2 3 4 6 7 8 9 29] [1 2 3 4 6 7 8 9 11] [29] [1 2 3 4 6 7 8 9 10 11 29] [1 2 3 4 6 7 8 9 10 11 12 13 15 20 29] [1 3 7 9 10 11 12] [1 2 3 4 6 7 8 9 12 14] [1 2 3 4 6 7 9 29] [2 4 6] [1 2 3 6 7 8 10] [1 2 3 4 6 7 9 11] [1 2 3 6 7 8 9] [1 2 3 4 6 7 8 10 12] [1 4 6] [2 3 4 7] [1 2 3 4 6 8] [2 4 6 7] [1 2 3 4 6 7 8 9 10 11] [1 2 3 4 6 7] [1 2 3 7 8 9] [1 2 3 4 6 7 10 29] [1 3 29] [2 6 7] [1 2 3 4 6 7 8 10 14 29] [2 3 4] [1 2 4 7 8 10] [1 2 3 4 6 7 29] [1 2 3 6 7 9 10 29] [1 2 7 8] [1 2 6 10] [1 2 3 4 6 7 8 9 10 11 13 29] [2 3 6 7] [1 2 3 4 6 7 10 11 13 29] [1 2 7 8 10] [1 2 3 4 6 7 8 9 12 13 29] [1 2 3 4 6 10 11 13] [1 2 3 7 8] [2 3 4 6 7] [1 2 4 6 7] [1 2 3 4 6 9] [1 2 3 4 6 8 9 10] [] [] [] [] [] [] [] [] [] [] []
5 [5] [1 2 3 4 6 7 8 9 10 29] [1 2 3 4] [1] [1 2 3 6] [2] [1 2 29] [1 2 3 4 6 7 8 9 10] [1 3 4 6 7] [2 3 4 7 9 10] [2 4] [1 3] [1 2 3] [1 2 3 4 6 7 8 29] [1 2] [1 2 3 7 9] [1 6 7] [1 2 3 4 7] [2 6] [1 2 3 4 6 10] [1 3 4 6] [1 2 3 4 6 7 8 10] [1 2 3 4 6 7 8 9 10 11 12 13] [1 2 3 6 7] [1 2 3 4 6] [1 2 3 4 6 7 8 9 10 11 12 29] [1 2 4] [1 6] [1 3 4 6 7 10] [1 2 3 4 6 7 8] [3] [2 29] [1 4] [1 2 4 6 8] [2 7] [2 3] [1 2 3 4 6 7 8 9 10 12 29] [1 2 3 4 6 10 29] [1 6 7 8 9] [1 2 3 7] [1 2 3 8] [1 2 3 4 6 7 8 9 29] [1 2 3 4 6 7 8 9 11] [29] [1 2 3 4 6 7 8 9 10 11 29] [1 2 3 4 6 7 8 9 10 11 12 13 15 20 29] [1 3 7 9 10 11 12] [1 2 3 4 6 7 8 9 12 14] [1 2 3 4 6 7 9 29] [2 4 6] [1 2 3 6 7 8 10] [1 2 3 4 6 7 9 11] [1 2 3 6 7 8 9] [1 2 3 4 6 7 8 10 12] [1 4 6] [2 3 4 7] [1 2 3 4 6 8] [2 4 6 7] [1 2 3 4 6 7 8 9 10 11] [1 2 3 4 6 7] [1 2 3 7 8 9] [1 2 3 4 6 7 10 29] [1 3 29] [1 2 3 4 6 7 8 9] [2 6 7] [1 2 3 4 6 7 8 10 14 29] [2 3 4] [1 2 4 7 8 10] [1 2 3 4 6 7 29] [1 2 3 6 7 9 10 29] [1 2 7 8] [1 2 6 10] [1 2 3 4 6 7 8 9 10 11 13 29] [2 3 6 7] [1 2 3 4 6 7 10 11 13 29] [1 2 7 8 10] [1 2 3 4 6 7 8 9 12 13 29] [1 2 3 4 6 10 11 13] [1 2 3 7 8] [2 3 4 6 7] [1 2 4 6 7] [1 2 3 4 6 9] [1 2 3 4 6 8 9 10] [] [] [] [] [] [] [] [] [] [] []
6 [] [1] [1 2 3 6] [2] [1 2 5] [1 2 3 4 5 6 7 8 9 10] [1 3 4 6 7] [2 3 4 7 9 10] [2 4] [1 3] [1 2 3] [1 2 3 4 5 6 7 8] [1 2] [1 2 3 5 7] [1 6 7] [1 2 3 4 7] [2 6] [1 2 3 4 6 10] [1 3 4 6] [1 2 3 4 6 7 8 10] [1 2 3 4 5 6 7 8 9 10 11 12 13] [1 2 3 6 7] [1 2 3 4 5] [1 2 3 4 5 6 7 8 9 10 11 12] [1 2 3 4 5 6 7 9 10 11 12 13] [1 2 4] [1 6] [1 3 4 6 7 10] [1 2 3 4 5 7 8] [3] [2 5] [1 4] [1 2 4 5 6 8] [1 2 3 4 5 6 7 8 9 10 12 29] [1 2 3 4 6] [2 7] [1 2 3 4] [2 3] [1 2 3 4 5 6 7 8 10 12] [1 2 3 4 5 6 10] [1 6 7 8 9] [1 2 3 5] [1 2 3 4 5 6 7 8 10 15 29] [1 2 3 8] [1 2 3 4 5 6 7 8 9] [1 2 3 4 5 6 7] [5] [1 2 3 4 5 6 12 29] [1 2 3 4 5 6 7 8 10 11] [1 2 3 4 5 6 7 8 10 11 12 13 15 20] [1 3 7 9 10 11 12] [5 29] [1 2 3 4 5 6 7 8 9 12 14] [1 2 3 4 5 6 7 9] [1 2 3 4 5 6 7 8 9 29] [2 4 6] [1 2 3 5 6 7 8 10] [1 2 3 4 5 6 7 9 11] [1 2 3 5 6 8 9] [1 2 5 7 8 29] [1 4 6] [2 3 4 7] [1 2 3 4 5 6 8] [2 4 6 7] [1 2 3 7 8 9] [1 2 3 4 5 6 7 10] [1 3 5 29] [1 3 5] [1 2 3 4 6 7 8 9] [2 5 7] [1 2 3 4 5 6 7 8 10 14] [2 3 4] [1 2 4 7 8 10] [1 2 3 5 6 7 9] [1 2 5 7 8] [1 2 6 10] [1 2 3 4 5 6 8 10 11 13] [2 3 6 7] [1 2 3 4 5 6 7 8 10 29] [1 2 3 4 5 6 7 8 29] [1 2 3 4 5 6 7 10 11 13] [1 2 7 8 10] [1 2 3 4 5 6 7 8 9 12 13] [1 2 3 4 6 10 11 13] [1 2 3 7 8] [2 3 4 6 7] [1 2 4 6 7] [1 2 3 4 6 9] [1 2 3 4 5 6 8 9 10] [] [] [] [] []
7 [20] [2] [1 3 4 6 7] [2 3 4 7 9 10] [2 4] [1] [1 3] [1 2 3] [1 2 3 4 5 6 7 8] [1 2] [1 2 3 5 7] [1 6 7] [1 2 3 4 7] [2 6] [1 2 3 4 6 10] [1 3 4 6] [1 2 3 4 6 7 8 10] [1 2 3 4 5 6 7 8 9 10 11 12 13] [1 2 3 6 7] [1 2 3 4 5] [1 2 3 4 5 6 7 8 9 10 11 12] [1 2 3 4 5 6 7 9 10 11 12 13] [1 2 3 4 5 6 7 8 9 10] [1 2 4] [1 6] [1 3 4 6 7 10] [1 2 3 4 5 7 8] [3] [2 5] [1 4] [1 2 4 5 6 8] [1 2 3 4 5 6 7 8 9 10 12 29] [1 2 3 4 6] [2 7] [1 2 3 4] [2 3] [1 2 3 4 5 6 7 8 10 12] [1 2 3 4 5 6 10] [1 6 7 8 9] [1 2 3 5] [1 2 3 4 5 6 7 8 10 15 29] [1 2 3 8] [1 2 3 6] [1 2 3 4 5 6 7 8 9] [1 2 3 4 5 6 7] [5] [1 2 3 4 5 6 12 29] [1 2 3 4 5 6 7 8 10 11] [1 2 3 4 5 6 7 8 10 11 12 13 15 21] [1 3 7 9 10 11 12] [5 29] [1 2 3 4 5 6 7 8 9 12 14] [1 2 3 4 5 6 7 9] [1 2 3 4 5 6 7 8 9 29] [2 4 6] [1 2 3 5 6 7 8 10] [1 2 3 4 5 6 7 9 11] [1 2 3 5 6 8 9] [1 2 5 7 8 29] [1 4 6] [2 3 4 7] [1 2 3 4 5 6 8] [2 4 6 7] [1 2 3 7 8 9] [1 2 3 4 5 6 7 10] [1 3 5 29] [1 3 5] [1 2 3 4 6 7 8 9] [2 5 7] [1 2 3 4 5 6 7 8 10 14] [2 3 4] [1 2 4 7 8 10] [1 2 3 5 6 7 9] [1 2 5 7 8] [1 2 6 10] [1 2 3 4 5 6 8 10 11 13] [2 3 6 7] [1 2 3 4 5 6 7 8 10 29] [1 2 3 4 5 6 7 8 29] [1 2 3 4 5 6 7 10 11 13] [1 2 7 8 10] [1 2 3 4 5 6 7 8 9 12 13] [1 2 3 4 6 10 11 13] [1 2 3 7 8] [2 3 4 6 7] [1 2 4 6 7] [1 2 3 4 6 9] [1 2 3 4 5 6 8 9 10] [] [] [] [] [] []
8 [28 29] [2 3 4 7 9 10] [2 4] [1] [1 3] [1 2 3] [1 2 3 4 5 6 7 8] [1 2] [1 2 3 5 7] [2] [1 6 7] [1 2 3 4 7] [2 6] [1 2 3 4 6 10] [1 3 4 6] [1 2 3 4 6 7 8 10] [1 2 3 4 5 6 7 8 9 10 11 12 13] [1 2 3 6 7] [1 2 3 4 5] [1 2 3 4 5 6 7 8 9 10 11 12] [1 2 3 4 5 6 7 9 10 11 12 13] [1 2 3 4 5 6 7 8 9 10] [1 2 4] [1 6] [1 3 4 6 7 10] [1 2 3 4 5 7 8] [3] [2 5] [1 4] [1 2 4 5 6 8] [1 2 3 4 6] [2 7] [1 2 3 4] [2 3] [1 2 3 4 5 6 7 8 10 12] [1 2 3 4 5 6 10] [1 6 7 8 9] [1 2 3 5] [1 2 3 8] [1 2 3 6] [1 2 3 4 5 6 7 8 9] [1 2 3 4 5 6 7] [5] [1 2 3 4 5 6 7 8 10 11] [1 2 3 4 5 6 7 8 10 11 12 13 15 20] [1 3 7 9 10 11 12] [1 2 3 4 5 6 7 8 9 12 14] [1 2 3 4 5 6 7 9] [2 4 6] [1 2 3 5 6 7 8 10] [1 2 3 4 5 6 7 9 11] [1 2 3 5 6 8 9] [1 4 6] [2 3 4 7] [1 2 3 4 5 6 8] [2 4 6 7] [1 2 3 7 8 9] [1 2 3 4 5 6 7 10] [1 3 5] [1 2 3 4 6 7 8 9] [2 5 7] [1 2 3 4 5 6 7 8 10 14] [2 3 4] [1 2 4 7 8 10] [1 2 3 5 6 7 9] [1 2 5 7 8] [1 2 6 10] [1 2 3 4 5 6 8 10 11 13] [2 3 6 7] [1 2 3 4 5 6 7 10 11 13] [1 2 7 8 10] [1 2 3 4 5 6 7 8 9 12 13] [1 2 3 4 6 10 11 13] [1 2 3 7 8] [2 3 4 6 7] [1 2 4 6 7] [1 2 3 4 6 9] [1 2 3 4 5 6 8 9 10] [] [] [] [] [] [] [] [] [] [] [] [] [] [] [] []
9 [29] [1] [1 3] [1 2 3] [1 2] [1 2 3 5 7] [2] [2 4] [1 6 7] [1 2 3 4 7] [2 6] [1 2 3 4 6 10] [1 3 4 6] [1 2 3 4 6 7 8 10] [1 2 3 4 5 6 7 8 9 10 11 12 13] [1 2 3 6 7] [1 2 3 4 5] [1 2 3 4 5 6 7 8 9 10 11 12] [1 2 3 4 5 6 7 9 10 11 12 13] [1 2 3 4 5 6 7 8 9 10] [1 2 4] [1 6] [1 3 4 6 7 10] [1 2 3 4 5 7 8] [3] [2 5] [1 4] [1 2 4 5 6 8] [1 2 3 4 6] [2 7] [1 2 3 4] [2 3] [1 2 3 4 5 6 7 8] [1 2 3 4 5 6 7 8 10 12] [1 2 3 4 5 6 10] [1 6 7 8 9] [1 2 3 5] [1 2 3 8] [1 2 3 6] [1 2 3 4 5 6 7 8 9] [1 2 3 4 5 6 7] [5] [1 2 3 4 5 6 7 8 10 11] [1 2 3 4 5 6 7 8 10 11 12 13 15 20] [1 3 7 9 10 11 12] [1 2 3 4 5 6 7 8 9 12 14] [1 2 3 4 5 6 7 9] [2 4 6] [1 2 3 5 6 7 8 10] [1 2 3 4 5 6 7 9 11] [1 2 3 5 6 8 9] [1 4 6] [2 3 4 7] [1 2 3 4 5 6 8] [2 4 6 7] [1 2 3 7 8 9] [1 2 3 4 5 6 7 10] [1 3 5] [1 2 3 4 6 7 8 9] [2 5 7] [1 2 3 4 5 6 7 8 10 14] [2 3 4] [1 2 4 7 8 10] [1 2 3 5 6 7 9] [1 2 5 7 8] [1 2 6 10] [1 2 3 4 5 6 8 10 11 13] [2 3 6 7] [1 2 3 4 5 6 7 10 11 13] [1 2 7 8 10] [1 2 3 4 5 6 7 8 9 12 13] [1 2 3 4 6 10 11 13] [1 2 3 7 8] [2 3 4 6 7] [1 2 4 6 7] [1 2 3 4 6 9] [1 2 3 4 5 6 8 9 10] [] [] [] [] [] [] [] [] [] [] [] [] [] [] [] [] []
10 [5] [1 3] [1 2 3] [1 2] [2] [1] [2 4] [1 6 7] [1 2 3 4 7] [2 6] [1 2 3 4 6 10] [1 3 4 6] [1 2 3 4 6 7 8 10] [1 2 3 4 6 7 8 9 10 11 12 13] [1 2 3 6 7] [1 2 3 4 6] [1 2 3 4 6 7 8 9 10 11 12 29] [1 2 3 4 6 7 8 9 10 29] [1 2 4] [1 6] [1 3 4 6 7 10] [1 2 3 4 6 7 8] [3] [2 29] [1 4] [1 2 4 6 8] [2 7] [1 2 3 4] [2 3] [1 2 3 4 6 7 8 29] [1 2 3 4 6 7 8 9 10 12 29] [1 2 3 4 6 10 29] [1 6 7 8 9] [1 2 3 7] [1 2 3 8] [1 2 3 6] [1 2 3 4 6 7 8 9 29] [1 2 3 4 6 7 8 9 11] [29] [1 2 3 4 6 7 8 9 10 11 29] [1 2 3 4 6 7 8 9 10 11 12 13 15 20 29] [1 3 7 9 10 11 12] [1 2 3 4 6 7 8 9 12 14] [1 2 3 4 6 7 9 29] [2 4 6] [1 2 3 6 7 8 10] [1 2 3 4 6 7 9 11] [1 2 3 6 7 8 9] [1 2 3 4 6 7 8 10 12] [1 4 6] [2 3 4 7] [1 2 3 4 6 8] [2 4 6 7] [1 2 3 4 6 7 8 9 10 11] [1 2 3 4 6 7] [1 2 3 7 8 9] [1 2 3 4 6 7 10 29] [1 3 29] [1 2 3 4 6 7 8 9] [2 6 7] [1 2 3 4 6 7 8 10 14 29] [2 3 4] [1 2 4 7 8 10] [1 2 3 4 6 7 29] [1 2 3 6 7 9 10 29] [1 2 7 8] [1 2 6 10] [1 2 3 4 6 7 8 9 10 11 13 29] [2 3 6 7] [1 2 3 4 6 7 10 11 13 29] [1 2 7 8 10] [1 2 3 4 6 7 8 9 12 13 29] [1 2 3 4 6 10 11 13] [1 2 3 7 8] [2 3 4 6 7] [1 2 4 6 7] [1 2 3 4 6 9] [1 2 3 4 6 8 9 10] [] [] [] [] [] [] [] [] [] [] [] [] [] [] [] []
11 [5 21 26] [1 2] [2] [1] [2 4] [1 2 3] [1 6 7] [1 2 3 4 7] [2 6] [1 2 3 4 6 10] [1 3 4 6] [1 2 3 4 6 7 8 10] [1 2 3 4 6 7 8 9 10 11 12 13] [1 2 3 6 7] [1 2 3 4 6] [1 2 3 4 6 7 8 9 10 11 12 29] [1 2 3 4 6 7 8 9 10 29] [1 2 4] [1 6] [1 3 4 6 7 10] [1 2 3 4 6 7 8] [3] [2 29] [1 4] [1 2 4 6 8] [2 7] [1 2 3 4] [2 3] [1 2 3 4 6 7 8 29] [1 3] [1 2 3 4 6 7 8 9 10 12 29] [1 2 3 4 6 10 29] [1 6 7 8 9] [1 2 3 7] [1 2 3 8] [1 2 3 6] [1 2 3 4 6 7 8 9 29] [1 2 3 4 6 7 8 9 11] [29] [1 2 3 4 6 7 8 9 10 11 29] [1 2 3 4 6 7 8 9 10 11 12 13 15 20 29] [1 3 7 9 10 11 12] [1 2 3 4 6 7 8 9 12 14] [1 2 3 4 6 7 9 29] [2 4 6] [1 2 3 6 7 8 10] [1 2 3 4 6 7 9 11] [1 2 3 6 7 8 9] [1 2 3 4 6 7 8 10 12] [1 4 6] [2 3 4 7] [1 2 3 4 6 8] [2 4 6 7] [1 2 3 4 6 7 8 9 10 11] [1 2 3 4 6 7] [1 2 3 7 8 9] [1 2 3 4 6 7 10 29] [1 3 29] [1 2 3 4 6 7 8 9] [2 6 7] [1 2 3 4 6 7 8 10 14 29] [2 3 4] [1 2 4 7 8 10] [1 2 3 4 6 7 29] [1 2 3 6 7 9 10 29] [1 2 7 8] [1 2 6 10] [1 2 3 4 6 7 8 9 10 11 13 29] [2 3 6 7] [1 2 3 4 6 7 10 11 13 29] [1 2 7 8 10] [1 2 3 4 6 7 8 9 12 13 29] [1 2 3 4 6 10 11 13] [1 2 3 7 8] [2 3 4 6 7] [1 2 4 6 7] [1 2 3 4 6 9] [1 2 3 4 6 8 9 10] [] [] [] [] [] [] [] [] [] [] [] [] [] [] [] []
12 [12] [2] [2 4] [1] [1 2 3] [1 2 3 4 7] [1 2 3 4 6 10] [1 3 4 6] [1 2 3 4 6 7 8 10] [1 2 3 4 5 6 7 8 9 10 11 13 15] [1 2 3 6 7] [1 2 3 4 5] [1 2 3 4 5 6 7 8 9 10 11 13] [1 2 3 4 5 6 7 9 10 11 13 14] [1 2] [1 2 3 4 5 6 7 8 9 10] [1 2 4] [1 6] [1 3 4 6 7 10] [1 2 3 4 5 7 8] [3] [2 5] [1 4] [1 2 4 5 6 8] [1 2 3 4 5 6 7 8 9 10 13 29] [1 2 3 4 6] [2 7] [1 2 3 4] [2 3] [1 2 3 4 5 6 7 8] [1 3] [1 2 3 4 5 6 7 8 10 13] [1 2 3 4 5 6 10] [1 6 7 8 9] [1 2 3 5] [1 2 3 4 5 6 7 8 10 15 29] [1 2 3 8] [1 2 3 6] [1 2 3 4 5 6 7 8 9] [1 2 3 4 5 6 7] [5] [1 2 3 4 5 6 14 29] [1 2 3 4 5 6 7 8 10 11] [1 2 3 4 5 6 7 8 10 11 13 15 18 20] [1 3 7 9 10 11 13] [5 29] [1 2 3 4 5 6 7 8 9 14 16] [1 2 3 4 5 6 7 9] [1 2 3 4 5 6 7 8 9 29] [2 4 6] [1 2 3 5 6 7 8 10] [1 2 3 4 5 6 7 9 11] [1 2 3 5 6 8 9] [1 2 5 7 8 29] [1 4 6] [2 3 4 7] [2 6] [1 2 3 4 5 6 8] [2 4 6 7] [1 2 3 7 8 9] [1 2 3 4 5 6 7 10] [1 3 5 29] [1 3 5] [1 2 3 4 6 7 8 9] [2 5 7] [1 2 3 4 5 6 7 8 10 14] [2 3 4] [1 2 4 7 8 10] [1 2 3 5 6 7 9] [1 2 5 7 8] [1 2 6 10] [1 2 3 4 5 6 8 10 11 13] [2 3 6 7] [1 2 3 4 5 6 7 8 10 29] [1 2 3 4 5 6 7 8 29] [1 2 3 4 5 6 7 10 11 13] [1 2 3 4 5 6 7 8 9 10 14 29] [1 2 7 8 10] [1 2 3 4 5 6 7 8 9 13 15] [1 2 3 4 6 10 11 13] [1 2 3 7 8] [2 3 4 6 7] [1 2 4 6 7] [1 2 3 4 6 9] [1 2 3 4 5 6 8 9 10] [] [] [] [] [] [] [] [] []
13 [29] [1] [1 2 3] [1 2 3 4 7] [1 2 3 4 6 10] [1 3 4 6] [1 2 3 4 6 7 8 10] [1 2 3 4 5 6 7 8 9 10 11 12 13] [1 2 3 6 7] [1 2 3 4 5] [1 2 3 4 5 6 7 8 9 10 11 12] [1 2 3 4 5 6 7 9 10 11 12 13] [1 2] [1 2 3 4 5 6 7 8 9 10] [1 2 4] [1 6] [1 3 4 6 7 10] [1 2 3 4 5 7 8] [3] [2 5] [1 4] [1 2 4 5 6 8] [1 2 3 4 6] [2 7] [1 2 3 4] [2 3] [1 2 3 4 5 6 7 8] [1 3] [2] [1 2 3 4 5 6 7 8 10 12] [1 2 3 4 5 6 10] [1 6 7 8 9] [1 2 3 5] [2 4] [1 2 3 8] [1 2 3 6] [1 2 3 4 5 6 7 8 9] [1 2 3 4 5 6 7] [5] [1 2 3 4 5 6 7 8 10 11] [1 2 3 4 5 6 7 8 10 11 12 13 15 20] [1 3 7 9 10 11 12] [1 2 3 4 5 6 7 8 9 12 14] [1 2 3 4 5 6 7 9] [2 4 6] [1 2 3 5 6 7 8 10] [1 2 3 4 5 6 7 9 11] [1 2 3 5 6 8 9] [1 4 6] [2 3 4 7] [2 6] [1 2 3 4 5 6 8] [2 4 6 7] [1 2 3 7 8 9] [1 2 3 4 5 6 7 10] [1 3 5] [1 2 3 4 6 7 8 9] [2 5 7] [1 2 3 4 5 6 7 8 10 14] [2 3 4] [1 2 4 7 8 10] [1 2 3 5 6 7 9] [1 2 5 7 8] [1 2 6 10] [1 2 3 4 5 6 8 10 11 13] [2 3 6 7] [1 2 3 4 5 6 7 10 11 13] [1 2 7 8 10] [1 2 3 4 5 6 7 8 9 12 13] [1 2 3 4 6 10 11 13] [1 2 3 7 8] [2 3 4 6 7] [1 2 4 6 7] [1 2 3 4 6 9] [1 2 3 4 5 6 8 9 10] [] [] [] [] [] [] [] [] [] [] [] [] [] [] [] [] [] [] []
14 [] [1 2 3 4 7] [1] [1 2] [1 2 3 4 6 10] [1 3 4 6] [1 2 3 4 6 7 8 10] [1 2 3 4 5 6 7 8 9 10 11 12 13] [1 2 3 6 7] [1 2 3 4 5] [1 2 3 4 5 6 7 8 9 10 11 12] [1 2 3 4 5 6 7 9 10 11 12 13] [1 2 3 4 5 6 7 8 9 10] [1 2 4] [1 6] [1 3 4 6 7 10] [1 2 3 4 5 7 8] [3] [2 5] [1 4] [1 2 4 5 6 8] [1 2 3 4 5 6 7 8 9 10 12 29] [1 2 3 4 6] [2 7] [1 2 3 4] [2 3] [1 2 3 4 5 6 7 8] [1 3] [2] [1 2 3 4 5 6 7 8 10 12] [1 2 3] [1 2 3 4 5 6 10] [1 6 7 8 9] [1 2 3 5] [2 4] [1 2 3 4 5 6 7 8 10 15 29] [1 2 3 8] [1 2 3 6] [1 2 3 4 5 6 7 8 9] [1 2 3 4 5 6 7] [5] [1 2 3 4 5 6 12 29] [1 2 3 4 5 6 7 8 10 11] [1 2 3 4 5 6 7 8 10 11 12 13 15 20] [1 3 7 9 10 11 12] [5 29] [1 2 3 4 5 6 7 8 9 12 14] [1 2 3 4 5 6 7 9] [1 2 3 4 5 6 7 8 9 29] [2 4 6] [1 2 3 5 6 7 8 10] [1 2 3 4 5 6 7 9 11] [1 2 3 5 6 8 9] [1 2 5 7 8 29] [1 4 6] [2 3 4 7] [2 6] [1 2 3 4 5 6 8] [2 4 6 7] [1 2 3 7 8 9] [1 2 3 4 5 6 7 10] [1 3 5 29] [1 3 5] [1 2 3 4 6 7 8 9] [2 5 7] [1 2 3 4 5 6 7 8 10 14] [2 3 4] [1 2 4 7 8 10] [1 2 3 5 6 7 9] [1 2 5 7 8] [1 2 6 10] [1 2 3 4 5 6 8 10 11 13] [2 3 6 7] [1 2 3 4 5 6 7 8 10 29] [1 2 3 4 5 6 7 8 29] [1 2 3 4 5 6 7 10 11 13] [1 2 7 8 10] [1 2 3 4 5 6 7 8 9 12 13] [1 2 3 4 6 10 11 13] [1 2 3 7 8] [2 3 4 6 7] [1 2 4 6 7] [1 2 3 4 6 9] [1 2 3 4 5 6 8 9 10] [] [] [] [] [] [] [] [] [] []
15 [12 14] [1 3 4 6] [1 2 3 4 6 7 8 10] [1 2 3 4 5 6 7 8 9 10 11 13 15] [1 2 3 6 7] [1 2 3 4 5] [1 2 3 4 7] [1 2 3 4 5 6 7 8 9 10 11 13] [1] [1 2 3 4 5 6 7 9 10 11 13 15] [1 2] [1 2 3 4 5 6 7 8 9 10] [1 2 4] [1 6] [1 3 4 6 7 10] [1 2 3 4 5 7 8] [3] [2 5] [1 4] [1 2 4 5 6 8] [1 2 3 4 5 6 7 8 9 10 13 29] [1 2 3 4 6] [2 7] [1 2 3 4] [2 3] [1 2 3 4 5 6 7 8] [1 3] [2] [1 2 3 4 5 6 7 8 10 13] [1 2 3] [1 2 3 4 5 6 10] [1 6 7 8 9] [1 2 3 5] [2 4] [1 2 3 4 5 6 7 8 10 15 29] [1 2 3 8] [1 2 3 6] [1 2 3 4 5 6 7 8 9] [1 2 3 4 5 6 7] [5] [1 2 3 4 5 6 15 29] [1 2 3 4 5 6 7 8 10 11] [1 2 3 4 5 6 7 8 10 11 13 15 18 20] [1 3 7 9 10 11 13] [5 29] [1 2 3 4 5 6 7 8 9 15 16 18] [1 2 3 4 5 6 7 9] [1 2 3 4 5 6 7 8 9 29] [2 4 6] [1 2 3 5 6 7 8 10] [1 2 3 4 5 6 7 9 11] [1 2 3 5 6 8 9] [1 2 5 7 8 29] [1 4 6] [2 3 4 7] [2 6] [1 2 3 4 5 6 8] [2 4 6 7] [1 2 3 7 8 9] [1 2 3 4 5 6 7 10] [1 3 5 29] [1 3 5] [1 2 3 4 6 7 8 9] [2 5 7] [1 2 3 4 5 6 7 8 10 16] [2 3 4] [1 2 4 7 8 10] [1 2 3 5 6 7 9] [1 2 5 7 8] [1 2 6 10] [1 2 3 4 5 6 8 10 11 13] [2 3 6 7] [1 2 3 4 5 6 7 8 10 29] [1 2 3 4 5 6 7 8 29] [1 2 3 4 5 6 7 10 11 13] [1 2 3 4 5 6 7 8 9 10 15 29] [1 2 7 8 10] [1 2 3 4 5 6 7 8 9 13 15] [1 2 3 4 6 10 11 13] [1 2 3 7 8] [2 3 4 6 7] [1 2 4 6 7] [1 2 3 4 6 9] [1 2 3 4 5 6 8 9 10] [] [] [] [] [] [] [] [] [] []
16 [14 23 24] [1 2 3 4 5] [1 2 3 4 5 6 7 8 9 10 11 12] [1] [1 2 3 4 5 6 7 9 10 11 12 13] [1 2] [1 2 3 4 5 6 7 8 9 10] [1 2 4] [1 6] [1 3 4 6 7 10] [1 2 3 4 5 7 8] [3] [2 5] [1 4] [1 2 4 5 6 8] [1 2 3 4 5 6 7 8 9 10 12 29] [1 2 3 4 6] [2 7] [1 2 3 4] [2 3] [1 2 3 4 5 6 7 8] [1 3] [2] [1 2 3 4 5 6 7 8 10 12] [1 2 3] [1 2 3 4 5 6 10] [1 6 7 8 9] [1 2 3 5] [2 4] [1 2 3 4 5 6 7 8 10 15 29] [1 2 3 8] [1 2 3 6] [1 2 3 4 5 6 7 8 9] [1 2 3 6 7] [1 2 3 4 5 6 7] [5] [1 2 3 4 5 6 12 29] [1 2 3 4 5 6 7 8 10 11] [1 2 3 4 5 6 7 8 10 11 12 13 15 20] [1 3 7 9 10 11 12] [5 29] [1 2 3 4 5 6 7 8 9 12 16] [1 2 3 4 5 6 7 9] [1 2 3 4 5 6 7 8 9 29] [2 4 6] [1 2 3 5 6 7 8 10] [1 2 3 4 5 6 7 9 11] [1 2 3 5 6 8 9] [1 2 5 7 8 29] [1 4 6] [2 3 4 7] [2 6] [1 2 3 4 5 6 8] [2 4 6 7] [1 2 3 4 7] [1 2 3 7 8 9] [1 2 3 4 5 6 7 10] [1 3 5 29] [1 3 5] [1 2 3 4 6 7 8 9] [2 5 7] [1 2 3 4 5 6 7 8 10 16] [2 3 4] [1 2 4 7 8 10] [1 2 3 5 6 7 9] [1 2 5 7 8] [1 2 6 10] [1 2 3 4 5 6 8 10 11 13] [2 3 6 7] [1 2 3 4 5 6 7 8 10 29] [1 2 3 4 5 6 7 8 29] [1 2 3 4 5 6 7 10 11 13] [1 2 7 8 10] [1 2 3 4 5 6 7 8 9 12 13] [1 2 3 4 6 10 11 13] [1 2 3 7 8] [2 3 4 6 7] [1 2 4 6 7] [1 2 3 4 6 9] [1 2 3 4 5 6 8 9 10] [] [] [] [] [] [] [] [] [] [] [] [] [] []
17 [17] [1] [1 2 3 4 5 6 7 9 10 11 12 13] [1 2 4] [1 6] [1 3 4 6 7 10] [1 2 3 4 5 7 8] [3] [1 2 3 4 5 6 7 8 9 10] [2 5] [1 4] [1 2 4 5 6 8] [1 2 3 4 5 6 7 8 9 10 12 29] [1 2 3 4 6] [2 7] [1 2 3 4] [2 3] [1 2 3 4 5 6 7 8] [1 3] [2] [1 2 3 4 5 6 7 8 10 12] [1 2 3] [1 2] [1 2 3 4 5 6 10] [1 6 7 8 9] [1 2 3 5] [2 4] [1 2 3 4 5 6 7 8 10 15 29] [1 2 3 4 5] [1 2 3 8] [1 2 3 6] [1 2 3 4 5 6 7 8 9] [1 2 3 6 7] [1 2 3 4 5 6 7] [5] [1 2 3 4 5 6 12 29] [1 2 3 4 5 6 7 8 10 11] [1 2 3 4 5 6 7 8 10 11 12 13 15 20] [1 3 7 9 10 11 12] [5 29] [1 2 3 4 5 6 7 8 9 12 14] [1 2 3 4 5 6 7 9] [1 2 3 4 5 6 7 8 9 29] [2 4 6] [1 2 3 5 6 7 8 10] [1 2 3 4 5 6 7 9 11] [1 2 3 5 6 8 9] [1 2 5 7 8 29] [1 4 6] [2 3 4 7] [2 6] [1 2 3 4 5 6 8] [2 4 6 7] [1 2 3 4 7] [1 2 3 7 8 9] [1 2 3 4 5 6 7 10] [1 3 5 29] [1 3 5] [1 2 3 4 6 7 8 9] [2 5 7] [1 2 3 4 5 6 7 8 10 14] [2 3 4] [1 2 4 7 8 10] [1 2 3 5 6 7 9] [1 2 5 7 8] [1 2 6 10] [1 2 3 4 5 6 8 10 11 13] [2 3 6 7] [1 2 3 4 5 6 7 8 10 29] [1 2 3 4 5 6 7 8 29] [1 2 3 4 5 6 7 10 11 13] [1 2 7 8 10] [1 2 3 4 5 6 7 8 9 12 13] [1 2 3 4 6 10 11 13] [1 2 3 7 8] [2 3 4 6 7] [1 2 4 6 7] [1 2 3 4 6 9] [1 2 3 4 5 6 8 9 10] [] [] [] [] [] [] [] [] [] [] [] [] [] [] []
18 [] [1 2 4] [1] [1 6] [1 3 4 6 7 10] [1 2 3 4 5 7 8] [3] [1 2 3 4 5 6 7 8 9 10] [2 5] [1 4] [1 2 4 5 6 8] [1 2 3 4 5 6 7 8 9 10 12 29] [1 2 3 4 6] [2 7] [1 2 3 4] [2 3] [1 2 3 4 5 6 7 8] [1 3] [2] [1 2 3 4 5 6 7 8 10 12] [1 2 3] [1 2] [1 2 3 4 5 6 10] [1 6 7 8 9] [1 2 3 5] [2 4] [1 2 3 4 5 6 7 8 10 15 29] [1 2 3 4 5] [1 2 3 8] [1 2 3 6] [1 2 3 4 5 6 7 8 9] [1 2 3 6 7] [1 2 3 4 5 6 7] [5] [1 2 3 4 5 6 12 29] [1 2 3 4 5 6 7 8 10 11] [1 2 3 4 5 6 7 8 10 11 12 13 15 20] [1 3 7 9 10 11 12] [5 29] [1 2 3 4 5 6 7 8 9 12 14] [1 2 3 4 5 6 7 9] [1 2 3 4 5 6 7 8 9 29] [2 4 6] [1 2 3 5 6 7 8 10] [1 2 3 4 5 6 7 9 11] [1 2 3 5 6 8 9] [1 2 5 7 8 29] [1 4 6] [2 3 4 7] [2 6] [1 2 3 4 5 6 8] [2 4 6 7] [1 2 3 4 7] [1 2 3 7 8 9] [1 2 3 4 5 6 7 10] [1 3 5 29] [1 3 5] [1 2 3 4 6 7 8 9] [2 5 7] [1 2 3 4 5 6 7 8 10 14] [2 3 4] [1 2 4 7 8 10] [1 2 3 5 6 7 9] [1 2 5 7 8] [1 2 6 10] [1 2 3 4 5 6 8 10 11 13] [2 3 6 7] [1 2 3 4 5 6 7 8 10 29] [1 2 3 4 5 6 7 8 29] [1 2 3 4 5 6 7 10 11 13] [1 2 7 8 10] [1 2 3 4 5 6 7 8 9 12 13] [1 2 3 4 6 10 11 13] [1 2 3 7 8] [2 3 4 6 7] [1 2 4 6 7] [1 2 3 4 6 9] [1 2 3 4 5 6 8 9 10] [] [] [] [] [] [] [] [] [] [] [] [] [] [] [] []
19 [28] [1] [1 3 4 6 7 10] [1 2 3 4 5 7 8] [3] [1 2 3 4 5 6 7 8 9 10] [2 5] [1 4] [1 2 4 5 6 8] [1 2 3 4 5 6 7 8 9 10 12 29] [1 2 3 4 6] [2 7] [1 2 3 4] [2 3] [1 2 3 4 5 6 7 8] [1 3] [2] [1 2 3 4 5 6 7 8 10 12] [1 2 3] [1 2] [1 2 3 4 5 6 10] [1 6 7 8 9] [1 2 3 5] [2 4] [1 2 3 4 5 6 7 8 10 15 29] [1 2 3 4 5] [1 2 3 8] [1 2 3 6] [1 2 3 4 5 6 7 8 9] [1 2 3 6 7] [1 2 3 4 5 6 7] [5] [1 2 3 4 5 6 12 29] [1 2 4] [1 2 3 4 5 6 7 8 10 11] [1 2 3 4 5 6 7 8 10 11 12 13 15 20] [1 3 7 9 10 11 12] [5 29] [1 2 3 4 5 6 7 8 9 12 14] [1 2 3 4 5 6 7 9] [1 2 3 4 5 6 7 8 9 29] [2 4 6] [1 2 3 5 6 7 8 10] [1 2 3 4 5 6 7 9 11] [1 2 3 5 6 8 9] [1 2 5 7 8 29] [1 4 6] [2 3 4 7] [2 6] [1 2 3 4 5 6 8] [2 4 6 7] [1 2 3 4 7] [1 2 3 7 8 9] [1 2 3 4 5 6 7 10] [1 3 5 29] [1 3 5] [1 2 3 4 6 7 8 9] [2 5 7] [1 2 3 4 5 6 7 8 10 14] [2 3 4] [1 2 4 7 8 10] [1 2 3 5 6 7 9] [1 2 5 7 8] [1 2 6 10] [1 2 3 4 5 6 8 10 11 13] [2 3 6 7] [1 2 3 4 5 6 7 8 10 29] [1 2 3 4 5 6 7 8 29] [1 2 3 4 5 6 7 10 11 13] [1 2 7 8 10] [1 2 3 4 5 6 7 8 9 12 13] [1 2 3 4 6 10 11 13] [1 2 3 7 8] [2 3 4 6 7] [1 2 4 6 7] [1 6] [1 2 3 4 6 9] [1 2 3 4 5 6 8 9 10] [] [] [] [] [] [] [] [] [] [] [] [] [] [] [] []
20 [] [3] [1] [2 5] [1 4] [1 2 4 5 6 8] [1 2 3 4 5 6 7 8 9 10] [1 2 3 4 5 6 7 8 9 10 12 29] [1 2 3 4 6] [2 7] [1 2 3 4] [2 3] [1 2 3 4 5 6 7 8] [1 3] [2] [1 2 3 4 5 6 7 8 10 12] [1 2 3] [1 2] [1 2 3 4 5 6 10] [1 6 7 8 9] [1 2 3 5] [2 4] [1 2 3 4 5 6 7 8 10 15 29] [1 2 3 4 5] [1 2 3 8] [1 2 3 6] [1 2 3 4 5 6 7 8 9] [1 2 3 6 7] [1 2 3 4 5 6 7] [5] [1 2 3 4 5 6 12 29] [1 2 4] [1 2 3 4 5 6 7 8 10 11] [1 2 3 4 5 6 7 8 10 11 12 13 15 20] [1 3 7 9 10 11 12] [5 29] [1 2 3 4 5 6 7 8 9 12 14] [1 2 3 4 5 6 7 9] [1 2 3 4 5 6 7 8 9 29] [2 4 6] [1 2 3 5 6 7 8 10] [1 2 3 4 5 6 7 9 11] [1 2 3 5 6 8 9] [1 2 5 7 8 29] [1 4 6] [2 3 4 7] [2 6] [1 2 3 4 5 6 8] [2 4 6 7] [1 2 3 4 7] [1 2 3 7 8 9] [1 2 3 4 5 6 7 10] [1 3 5 29] [1 3 5] [1 2 3 4 6 7 8 9] [2 5 7] [1 2 3 4 5 6 7 8 10 14] [2 3 4] [1 2 4 7 8 10] [1 2 3 5 6 7 9] [1 2 5 7 8] [1 2 6 10] [1 2 3 4 5 6 8 10 11 13] [2 3 6 7] [1 2 3 4 5 6 7 8 10 29] [1 2 3 4 5 6 7 8 29] [1 2 3 4 5 6 7 10 11 13] [1 2 7 8 10] [1 2 3 4 5 6 7 8 9 12 13] [1 2 3 4 6 10 11 13] [1 2 3 7 8] [2 3 4 6 7] [1 2 4 6 7] [1 2 3 4 5 7 8] [1 6] [1 2 3 4 6 9] [1 2 3 4 5 6 8 9 10] [] [] [] [] [] [] [] [] [] [] [] [] [] [] [] [] []
21 [23] [2 5] [1 5] [1] [1 2 4 5 6 8] [1 2 3 4 5 6 7 8 9 10 12 29] [1 2 3 4 6] [1 4] [3] [2 7] [1 2 3 4] [2 3] [1 2 3 4 5 6 7 8] [1 3] [2] [1 2 3 4 5 6 7 8 10 12] [1 2 3] [1 2] [1 2 3 4 5 6 10] [1 6 7 8 9] [1 2 3 5] [2 4] [1 2 3 4 5 6 7 8 10 15 29] [1 2 3 4 5] [1 2 3 8] [1 2 3 6] [1 2 3 4 5 6 7 8 9] [1 2 3 6 7] [1 2 3 4 5 6 7] [5] [1 2 3 4 5 6 12 29] [1 2 4] [1 2 3 4 5 6 7 8 10 11] [1 2 3 4 5 6 7 8 10 11 12 13 15 20] [1 3 7 9 10 11 12] [5 29] [1 2 3 4 5 6 7 8 9 12 14] [1 2 3 4 5 6 7 9] [1 2 3 4 5 6 7 8 9 29] [2 4 6] [1 2 3 5 6 7 8 10] [1 2 3 4 5 6 7 9 11] [1 2 3 5 6 8 9] [1 2 5 7 8 29] [1 4 6] [2 3 4 7] [2 6] [1 2 3 4 5 6 8] [2 4 6 7] [1 2 3 4 7] [1 2 3 7 8 9] [1 2 3 4 5 6 7 10] [1 3 5 29] [1 3 5] [1 2 3 4 6 7 8 9] [2 5 7] [1 2 3 4 5 6 7 8 10 14] [2 3 4] [1 2 3 4 5 6 7 8 9 10] [1 2 4 7 8 10] [1 2 3 5 6 7 9] [1 2 5 7 8] [1 2 6 10] [1 2 3 4 5 6 8 10 11 13] [2 3 6 7] [1 2 3 4 5 6 7 8 10 29] [1 2 3 4 5 6 7 8 29] [1 2 3 4 5 6 7 10 11 13] [1 2 7 8 10] [1 2 3 4 5 6 7 8 9 12 13] [1 2 3 4 6 10 11 13] [1 2 3 7 8] [2 3 4 6 7] [1 2 4 6 7] [1 2 3 4 5 7 8] [1 6] [1 2 3 4 6 9] [1 2 3 4 5 6 8 9 10] [] [] [] [] [] [] [] [] [] [] [] [] [] [] [] []
22 [] [1] [1 2 4 5 6 8] [3] [2 7] [2 5 6 7 12 13] [1 2 3 4] [2 3] [1 4] [1 2 3 4 5 6 7 8] [1 3] [2] [1 2 3 4 5 6 7 8 10 12] [1 2 3] [1 2] [1 2 3 4 5 6 10] [1 6 7 8 9] [1 2 3 5] [1 2 3 4 6] [2 4] [1 2 3 4 5 6 7 8 10 15 29] [1 2 3 4 5] [1 2 3 8] [1 2 3 6] [1 2 3 4 5 6 7 8 9] [1 2 3 6 7] [1 2 3 4 5 6 7] [5] [1 2 3 4 5 6 12 29] [1 2 4] [1 2 3 4 5 6 7 8 10 11] [1 2 3 4 5 6 7 8 10 11 12 13 15 20] [1 3 7 9 10 11 12] [5 29] [1 2 3 4 5 6 7 8 9 12 14] [1 2 3 4 5 6 7 9] [1 2 3 4 5 6 7 8 9 29] [2 4 6] [1 2 3 5 6 7 8 10] [1 2 3 4 5 6 7 9 11] [1 2 3 5 6 8 9] [1 2 5 7 8 29] [1 4 6] [2 3 4 7] [2 6] [1 2 3 4 5 6 8] [2 4 6 7] [1 2 3 4 7] [1 2 3 7 8 9] [1 2 3 4 5 6 7 10] [1 3 5 29] [1 3 5] [1 2 3 4 6 7 8 9] [2 5 7] [1 2 3 4 5 6 7 8 10 14] [2 3 4] [1 2 3 4 5 6 7 8 9 10] [1 2 4 7 8 10] [1 2 3 5 6 7 9] [1 2 5 7 8] [1 2 6 10] [1 2 3 4 5 6 8 10 11 13] [2 3 6 7] [1 2 3 4 5 6 7 8 10 29] [1 2 3 4 5 6 7 8 29] [1 2 3 4 5 6 7 10 11 13] [1 2 3 4 5 6 7 8 9 10 12 29] [1 2 7 8 10] [1 2 3 4 5 6 7 8 9 12 13] [1 2 3 4 6 10 11 13] [1 2 3 7 8] [2 3 4 6 7] [1 2 4 6 7] [1 2 3 4 5 7 8] [1 6] [1 2 3 4 6 9] [1 2 3 4 5 6 8 9 10] [] [] [] [] [] [] [] [] [] [] [] [] [] [] [] [] []
23 [] [1 2 4 5 6 8] [3] [2 5 6 7 12 13] [1 2 3 4] [2 3] [1] [1 4] [1 2 3 4 5 6 7 8] [1 3] [2] [1 2 3 4 5 6 7 8 10 12] [1 2 3] [1 2] [1 2 3 4 5 6 10] [1 6 7 8 9] [1 2 3 5] [1 2 3 4 6] [2 4] [1 2 3 4 5 6 7 8 10 15 29] [1 2 3 4 5] [1 2 3 8] [1 2 3 6] [1 2 3 4 5 6 7 8 9] [1 2 3 6 7] [1 2 3 4 5 6 7] [5] [1 2 3 4 5 6 12 29] [1 2 4] [2 7] [1 2 3 4 5 6 7 8 10 11] [1 2 3 4 5 6 7 8 10 11 12 13 15 20] [1 3 7 9 10 11 12] [5 29] [1 2 3 4 5 6 7 8 9 12 14] [1 2 3 4 5 6 7 9] [1 2 3 4 5 6 7 8 9 29] [2 4 6] [1 2 3 5 6 7 8 10] [1 2 3 4 5 6 7 9 11] [1 2 3 5 6 8 9] [1 2 5 7 8 29] [1 4 6] [2 3 4 7] [2 6] [1 2 3 4 5 6 8] [2 4 6 7] [1 2 3 4 7] [1 2 3 7 8 9] [1 2 3 4 5 6 7 10] [1 3 5 29] [1 3 5] [1 2 3 4 6 7 8 9] [2 5 7] [1 2 3 4 5 6 7 8 10 14] [2 3 4] [1 2 3 4 5 6 7 8 9 10] [1 2 4 7 8 10] [1 2 3 5 6 7 9] [1 2 5 7 8] [1 2 6 10] [1 2 3 4 5 6 8 10 11 13] [2 3 6 7] [1 2 3 4 5 6 7 8 10 29] [1 2 3 4 5 6 7 8 29] [1 2 3 4 5 6 7 10 11 13] [1 2 3 4 5 6 7 8 9 10 12 29] [1 2 7 8 10] [1 2 3 4 5 6 7 8 9 12 13] [1 2 3 4 6 10 11 13] [1 2 3 7 8] [2 3 4 6 7] [1 2 4 6 7] [1 2 3 4 5 7 8] [1 6] [1 2 3 4 6 9] [1 2 3 4 5 6 8 9 10] [] [] [] [] [] [] [] [] [] [] [] [] [] [] [] [] []
24 [] [3] [1 2 3 4] [2 3] [1 4] [1] [2 5 6 7 8] [1 2 3 4 5 6 7 8] [1 3] [2] [1 2 3 4 5 6 7 8 10 12] [1 2 3] [1 2] [1 2 3 4 5 6 10] [1 6 7 8 9] [1 2 3 5] [1 2 3 4 6] [2 4] [1 2 3 4 5 6 7 8 10 15 29] [1 2 3 4 5] [1 2 3 8] [1 2 3 6] [1 2 3 4 5 6 7 8 9] [1 2 3 6 7] [1 2 3 4 5 6 7] [5] [1 2 3 4 5 6 12 29] [1 2 4] [2 7] [1 2 3 4 5 6 7 8 10 11] [1 2 3 4 5 6 7 8 10 11 12 13 15 20] [1 3 7 9 10 11 12] [5 29] [1 2 3 4 5 6 7 8 9 12 14] [1 2 3 4 5 6 7 9] [1 2 3 4 5 6 7 8 9 29] [2 4 6] [1 2 3 5 6 7 8 10] [1 2 3 4 5 6 7 9 11] [1 2 3 5 6 8 9] [1 2 5 7 8 29] [1 4 6] [2 3 4 7] [2 6] [1 2 3 4 5 6 8] [2 4 6 7] [1 2 3 4 7] [1 2 3 7 8 9] [1 2 3 4 5 6 7 10] [1 3 5 29] [1 3 5] [1 2 3 4 6 7 8 9] [2 5 7] [1 2 3 4 5 6 7 8 10 14] [2 3 4] [1 2 3 4 5 6 7 8 9 10] [1 2 4 7 8 10] [1 2 3 5 6 7 9] [1 2 5 7 8] [1 2 6 10] [1 2 3 4 5 6 8 10 11 13] [2 3 6 7] [1 2 3 4 5 6 7 8 10 29] [1 2 3 4 5 6 7 8 29] [1 2 3 4 5 6 7 10 11 13] [1 2 3 4 5 6 7 8 9 10 12 29] [1 2 7 8 10] [1 2 3 4 5 6 7 8 9 12 13] [1 2 3 4 6 10 11 13] [1 2 3 7 8] [2 3 4 6 7] [1 2 4 6 7] [1 2 3 4 5 7 8] [1 6] [1 2 3 4 6 9] [1 2 3 4 5 6 8 9 10] [] [] [] [] [] [] [] [] [] [] [] [] [] [] [] [] [] []
25 [] [1 2 3 4] [2 3] [1 4] [1] [1 2 3 4 5 6 7 8] [1 3] [2] [1 2 3 4 5 6 7 8 10 12] [1 2 3] [1 2] [1 2 3 4 5 6 10] [1 6 7 8 9] [1 2 3 5] [1 2 3 4 6] [2 4] [1 2 3 4 5 6 7 8 10 15 29] [1 2 3 4 5] [1 2 3 8] [1 2 3 6] [1 2 3 4 5 6 7 8 9] [1 2 3 6 7] [1 2 3 4 5 6 7] [5] [1 2 3 4 5 6 12 29] [1 2 4] [2 7] [1 2 3 4 5 6 7 8 10 11] [1 2 3 4 5 6 7 8 10 11 12 13 15 20] [1 3 7 9 10 11 12] [5 29] [1 2 3 4 5 6 7 8 9 12 14] [1 2 3 4 5 6 7 9] [1 2 3 4 5 6 7 8 9 29] [2 4 6] [1 2 3 5 6 7 8 10] [1 2 3 4 5 6 7 9 11] [1 2 3 5 6 8 9] [1 2 5 7 8 29] [1 4 6] [2 3 4 7] [2 6] [1 2 3 4 5 6 8] [2 4 6 7] [1 2 3 4 7] [3] [1 2 3 7 8 9] [1 2 3 4 5 6 7 10] [1 3 5 29] [1 3 5] [1 2 3 4 6 7 8 9] [2 5 7] [1 2 3 4 5 6 7 8 10 14] [2 3 4] [1 2 3 4 5 6 7 8 9 10] [1 2 4 7 8 10] [1 2 3 5 6 7 9] [1 2 5 7 8] [1 2 6 10] [1 2 3 4 5 6 8 10 11 13] [2 3 6 7] [1 2 3 4 5 6 7 8 10 29] [1 2 3 4 5 6 7 8 29] [1 2 3 4 5 6 7 10 11 13] [1 2 3 4 5 6 7 8 9 10 12 29] [1 2 7 8 10] [1 2 3 4 5 6 7 8 9 12 13] [1 2 3 4 6 10 11 13] [1 2 3 7 8] [2 3 4 6 7] [1 2 4 6 7] [1 2 3 4 5 7 8] [1 6] [1 2 3 4 6 9] [1 2 3 4 5 6 8 9 10] [] [] [] [] [] [] [] [] [] [] [] [] [] [] [] [] [] [] []
26 [] [1 4] [1] [2 3] [1 2 3 4 5 6 7 8] [1 3] [2] [1 2 3 4 5 6 7 8 10 12] [1 2 3] [1 2] [1 2 3 4 5 6 10] [1 6 7 8 9] [1 2 3 5] [1 2 3 4 6] [2 4] [1 2 3 4 5 6 7 8 10 15 29] [1 2 3 4 5] [1 2 3 4] [1 2 3 8] [1 2 3 6] [1 2 3 4 5 6 7 8 9] [1 2 3 6 7] [1 2 3 4 5 6 7] [5] [1 2 3 4 5 6 12 29] [1 2 4] [2 7] [1 2 3 4 5 6 7 8 10 11] [1 2 3 4 5 6 7 8 10 11 12 13 15 20] [1 3 7 9 10 11 12] [5 29] [1 2 3 4 5 6 7 8 9 12 14] [1 2 3 4 5 6 7 9] [1 2 3 4 5 6 7 8 9 29] [2 4 6] [1 2 3 5 6 7 8 10] [1 2 3 4 5 6 7 9 11] [1 2 3 5 6 8 9] [1 2 5 7 8 29] [1 4 6] [2 3 4 7] [2 6] [1 2 3 4 5 6 8] [2 4 6 7] [1 2 3 4 7] [3] [1 2 3 7 8 9] [1 2 3 4 5 6 7 10] [1 3 5 29] [1 3 5] [1 2 3 4 6 7 8 9] [2 5 7] [1 2 3 4 5 6 7 8 10 14] [2 3 4] [1 2 3 4 5 6 7 8 9 10] [1 2 4 7 8 10] [1 2 3 5 6 7 9] [1 2 5 7 8] [1 2 6 10] [1 2 3 4 5 6 8 10 11 13] [2 3 6 7] [1 2 3 4 5 6 7 8 10 29] [1 2 3 4 5 6 7 8 29] [1 2 3 4 5 6 7 10 11 13] [1 2 3 4 5 6 7 8 9 10 12 29] [1 2 7 8 10] [1 2 3 4 5 6 7 8 9 12 13] [1 2 3 4 6 10 11 13] [1 2 3 7 8] [2 3 4 6 7] [1 2 4 6 7] [1 2 3 4 5 7 8] [1 6] [1 2 3 4 6 9] [1 2 3 4 5 6 8 9 10] [] [] [] [] [] [] [] [] [] [] [] [] [] [] [] [] [] [] []
27 [16] [1] [1 3] [2] [1 2 3 4 5 6 7 8 10 12] [1 2 3] [1 2] [1 4] [1 2 3 4 5 6 10] [1 6 7 8 9] [1 2 3 5] [1 2 3 4 6] [2 4] [1 2 3 4 5 6 7 8 10 15 29] [1 2 3 4 5] [1 2 3 4] [1 2 3 8] [1 2 3 6] [1 2 3 4 5 6 7 8] [1 2 3 4 5 6 7 8 9] [1 2 3 6 7] [1 2 3 4 5 6 7] [5] [1 2 3 4 5 6 12 29] [1 2 4] [2 7] [1 2 3 4 5 6 7 8 10 11] [1 2 3 4 5 6 7 8 10 11 12 13 15 20] [1 3 7 9 10 11 12] [5 29] [1 2 3 4 5 6 7 8 9 12 14] [1 2 3 4 5 6 7 9] [1 2 3 4 5 6 7 8 9 29] [2 4 6] [1 2 3 5 6 7 8 10] [1 2 3 4 5 6 7 9 11] [1 2 3 5 6 8 9] [1 2 5 7 8 29] [1 4 6] [2 3 4 7] [2 6] [1 2 3 4 5 6 8] [2 4 6 7] [1 2 3 4 7] [3] [1 2 3 7 8 9] [1 2 3 4 5 6 7 10] [1 3 5 29] [1 3 5] [1 2 3 4 6 7 8 9] [2 5 7] [1 2 3 4 5 6 7 8 10 14] [2 3 4] [1 2 3 4 5 6 7 8 9 10] [1 2 4 7 8 10] [1 2 3 5 6 7 9] [1 2 5 7 8] [1 2 6 10] [1 2 3 4 5 6 8 10 11 13] [2 3 6 7] [1 2 3 4 5 6 7 8 10 29] [1 2 3 4 5 6 7 8 29] [1 2 3 4 5 6 7 10 11 13] [2 3] [1 2 3 4 5 6 7 8 9 10 12 29] [1 2 7 8 10] [1 2 3 4 5 6 7 8 9 12 13] [1 2 3 4 6 10 11 13] [1 2 3 7 8] [2 3 4 6 7] [1 2 4 6 7] [1 2 3 4 5 7 8] [1 6] [1 2 3 4 6 9] [1 2 3 4 5 6 8 9 10] [] [] [] [] [] [] [] [] [] [] [] [] [] [] [] [] [] [] []
28 [] [1 3] [1 2 3 4 5 6 7 8 10 12] [1 2 3] [1 2] [1 4] [1 2 3 4 5 6 10] [1 6 7 8 9] [1 2 3 5] [2] [1 2 3 4 6] [2 4] [1 2 3 4 5 6 7 8 10 15 29] [1] [1 2 3 4 5] [1 2 3 4] [1 2 3 8] [1 2 3 6] [1 2 3 4 5 6 7 8] [1 2 3 4 5 6 7 8 9] [1 2 3 6 7] [1 2 3 4 5 6 7] [5] [1 2 3 4 5 6 12 29] [1 2 4] [2 7] [1 2 3 4 5 6 7 8 10 11] [1 2 3 4 5 6 7 8 10 11 12 13 15 20] [1 3 7 9 10 11 12] [5 29] [1 2 3 4 5 6 7 8 9 12 14] [1 2 3 4 5 6 7 9] [1 2 3 4 5 6 7 8 9 29] [2 4 6] [1 2 3 5 6 7 8 10] [1 2 3 4 5 6 7 9 11] [1 2 3 5 6 8 9] [1 2 5 7 8 29] [1 4 6] [2 3 4 7] [2 6] [1 2 3 4 5 6 8] [2 4 6 7] [1 2 3 4 7] [3] [1 2 3 7 8 9] [1 2 3 4 5 6 7 10] [1 3 5 29] [1 3 5] [1 2 3 4 6 7 8 9] [2 5 7] [1 2 3 4 5 6 7 8 10 14] [2 3 4] [1 2 3 4 5 6 7 8 9 10] [1 2 4 7 8 10] [1 2 3 5 6 7 9] [1 2 5 7 8] [1 2 6 10] [1 2 3 4 5 6 8 10 11 13] [2 3 6 7] [1 2 3 4 5 6 7 8 10 29] [1 2 3 4 5 6 7 8 29] [1 2 3 4 5 6 7 10 11 13] [2 3] [1 2 3 4 5 6 7 8 9 10 12 29] [1 2 7 8 10] [1 2 3 4 5 6 7 8 9 12 13] [1 2 3 4 6 10 11 13] [1 2 3 7 8] [2 3 4 6 7] [1 2 4 6 7] [1 2 3 4 5 7 8] [1 6] [1 2 3 4 6 9] [1 2 3 4 5 6 8 9 10] [] [] [] [] [] [] [] [] [] [] [] [] [] [] [] [] [] [] []
29 [] [1 2 3] [1 3] [1 2] [1 4] [1 2 3 4 5 6 10] [1 6 7 8 9] [1 2 3 5] [2] [1 2 3 4 6] [2 4] [1 2 3 4 5 6 7 8 10 15 29] [1] [1 2 3 4 5] [1 2 3 4] [1 2 3 8] [1 2 3 6] [1 2 3 4 5 6 7 8] [1 2 3 4 5 6 7 8 9] [1 2 3 6 7] [1 2 3 4 5 6 7] [5] [1 2 3 4 5 6 12 29] [1 2 4] [2 7] [1 2 3 4 5 6 7 8 10 11] [1 2 3 4 5 6 7 8 10 11 12 13 15 20] [1 3 7 9 10 11 12] [5 29] [1 2 3 4 5 6 7 8 9 12 14] [1 2 3 4 5 6 7 9] [1 2 3 4 5 6 7 8 9 29] [2 4 6] [1 2 3 5 6 7 8 10] [1 2 3 4 5 6 7 9 11] [1 2 3 5 6 8 9] [1 2 5 7 8 29] [1 2 3 4 5 6 7 8 10 12] [1 4 6] [2 3 4 7] [2 6] [1 2 3 4 5 6 8] [2 4 6 7] [1 2 3 4 7] [3] [1 2 3 7 8 9] [1 2 3 4 5 6 7 10] [1 3 5 29] [1 3 5] [1 2 3 4 6 7 8 9] [2 5 7] [1 2 3 4 5 6 7 8 10 14] [2 3 4] [1 2 3 4 5 6 7 8 9 10] [1 2 4 7 8 10] [1 2 3 5 6 7 9] [1 2 5 7 8] [1 2 6 10] [1 2 3 4 5 6 8 10 11 13] [2 3 6 7] [1 2 3 4 5 6 7 8 10 29] [1 2 3 4 5 6 7 8 29] [1 2 3 4 5 6 7 10 11 13] [2 3] [1 2 3 4 5 6 7 8 9 10 12 29] [1 2 7 8 10] [1 2 3 4 5 6 7 8 9 12 13] [1 2 3 4 6 10 11 13] [1 2 3 7 8] [2 3 4 6 7] [1 2 4 6 7] [1 2 3 4 5 7 8] [1 6] [1 2 3 4 6 9] [1 2 3 4 5 6 8 9 10] [] [] [] [] [] [] [] [] [] [] [] [] [] [] [] [] [] [] []
30 [] [1 6 7 8 9] [1 2 3] [1 2 3 5] [2] [1 2 3 4 6] [2 4] [1 2 3 4 5 6 7 8 10 15 29] [1 4] [1] [1 2] [1 2 3 4 5] [1 2 3 4] [1 2 3 8] [1 3] [1 2 3 6] [1 2 3 4 5 6 7 8] [1 2 3 4 5 6 7 8 9] [1 2 3 6 7] [1 2 3 4 5 6 7] [5] [1 2 3 4 5 6 12 29] [1 2 4] [2 7] [1 2 3 4 5 6 7 8 10 11] [1 2 3 4 5 6 7 8 10 11 12 13 15 20] [1 3 7 9 10 11 12] [5 29] [1 2 3 4 5 6 7 8 9 12 14] [1 2 3 4 5 6 7 9] [1 2 3 4 5 6 7 8 9 29] [2 4 6] [1 2 3 5 6 7 8 10] [1 2 3 4 5 6 7 9 11] [1 2 3 5 6 8 9] [1 2 5 7 8 29] [1 2 3 4 5 6 7 8 10 12] [1 4 6] [2 3 4 7] [2 6] [1 2 3 4 5 6 8] [2 4 6 7] [1 2 3 4 7] [3] [1 2 3 7 8 9] [1 2 3 4 5 6 7 10] [1 3 5 29] [1 3 5] [1 2 3 4 6 7 8 9] [2 5 7] [1 2 3 4 5 6 7 8 10 14] [2 3 4] [1 2 3 4 5 6 7 8 9 10] [1 2 4 7 8 10] [1 2 3 5 6 7 9] [1 2 5 7 8] [1 2 6 10] [1 2 3 4 5 6 8 10 11 13] [2 3 6 7] [1 2 3 4 5 6 7 8 10 29] [1 2 3 4 5 6 7 8 29] [1 2 3 4 5 6 7 10 11 13] [2 3] [1 2 3 4 5 6 7 8 9 10 12 29] [1 2 7 8 10] [1 2 3 4 5 6 7 8 9 12 13] [1 2 3 4 6 10 11 13] [1 2 3 7 8] [2 3 4 6 7] [1 2 4 6 7] [1 2 3 4 5 7 8] [1 6] [1 2 3 4 6 9] [1 2 3 4 5 6 8 9 10] [] [] [] [] [] [] [] [] [] [] [] [] [] [] [] [] [] [] [] []
31 [19] [1 2 3] [1 2 3 5] [1 2 3 4 6] [1 4] [1] [1 2] [1 2 3 4 5] [1 2 3 4] [1 2 3 8] [1 3] [2] [1 2 3 6] [1 2 3 4 5 6 7 8] [1 2 3 4 5 6 7 8 9] [1 2 3 6 7] [1 2 3 4 5 6 7] [5] [1 2 3 4 5 6 12 29] [1 2 4] [2 7] [1 2 3 4 5 6 7 8 10 11] [1 2 3 4 5 6 7 8 10 11 12 13 15 20] [1 3 7 9 10 11 12] [5 29] [1 2 3 4 5 6 7 8 9 12 14] [1 2 3 4 5 6 7 9] [1 2 3 4 5 6 7 8 9 29] [2 4 6] [1 2 3 5 6 7 8 10] [1 2 3 4 5 6 7 9 11] [1 2 3 5 6 8 9] [2 4] [1 2 5 7 8 29] [1 2 3 4 5 6 7 8 10 12] [1 4 6] [2 3 4 7] [2 6] [1 2 3 4 5 6 8] [2 4 6 7] [1 2 3 4 7] [3] [1 2 3 7 8 9] [1 2 3 4 5 6 7 10] [1 3 5 29] [1 3 5] [1 2 3 4 6 7 8 9] [2 5 7] [1 2 3 4 5 6 7 8 10 14] [2 3 4] [1 2 3 4 5 6 7 8 9 10] [1 2 4 7 8 10] [1 2 3 5 6 7 9] [1 2 5 7 8] [1 2 6 10] [1 2 3 4 5 6 8 10 11 13] [2 3 6 7] [1 2 3 4 5 6 7 8 10 29] [1 2 3 4 5 6 7 8 29] [1 2 3 4 5 6 7 10 11 13] [2 3] [1 2 3 4 5 6 7 8 9 10 12 29] [1 2 7 8 10] [1 2 3 4 5 6 7 8 9 12 13] [1 2 3 4 6 10 11 13] [1 2 3 7 8] [2 3 4 6 7] [1 2 4 6 7] [1 2 3 4 5 7 8] [1 6] [1 2 3 4 6 9] [1 2 3 4 5 6 8 9 10] [] [] [] [] [] [] [] [] [] [] [] [] [] [] [] [] [] [] [] [] [] []
32 [20] [1 2 3 5] [1 2 3 4 6] [1 4] [1] [1 2 3 4 5] [1 2 3 4] [1 2 3 8] [1 3] [2] [1 2 3] [1 2 3 6] [1 2 3 4 5 6 7 8] [1 2 3 4 5 6 7 8 9] [1 2 3 6 7] [1 2 3 4 5 6 7] [5] [1 2] [1 2 3 4 5 6 12 29] [1 2 4] [2 7] [1 2 3 4 5 6 7 8 10 11] [1 2 3 4 5 6 7 8 10 11 12 13 15 21] [1 3 7 9 10 11 12] [5 29] [1 2 3 4 5 6 7 8 9 12 14] [1 2 3 4 5 6 7 9] [1 2 3 4 5 6 7 8 9 29] [2 4 6] [1 2 3 5 6 7 8 10] [1 2 3 4 5 6 7 9 11] [1 2 3 5 6 8 9] [2 4] [1 2 5 7 8 29] [1 2 3 4 5 6 7 8 10 12] [1 4 6] [2 3 4 7] [2 6] [1 2 3 4 5 6 8] [2 4 6 7] [1 2 3 4 7] [3] [1 2 3 7 8 9] [1 2 3 4 5 6 7 10] [1 3 5 29] [1 3 5] [1 2 3 4 6 7 8 9] [2 5 7] [1 2 3 4 5 6 7 8 10 14] [2 3 4] [1 2 3 4 5 6 7 8 9 10] [1 2 4 7 8 10] [1 2 3 5 6 7 9] [1 2 5 7 8] [1 2 6 10] [1 2 3 4 5 6 8 10 11 13] [2 3 6 7] [1 2 3 4 5 6 7 8 10 29] [1 2 3 4 5 6 7 8 29] [1 2 3 4 5 6 7 10 11 13] [2 3] [1 2 3 4 5 6 7 8 9 10 12 29] [1 2 7 8 10] [1 2 3 4 5 6 7 8 9 12 13] [1 2 3 4 6 10 11 13] [1 2 3 7 8] [2 3 4 6 7] [1 2 4 6 7] [1 2 3 4 5 7 8] [1 6] [1 2 3 4 6 9] [1 2 3 4 5 6 8 9 10] [] [] [] [] [] [] [] [] [] [] [] [] [] [] [] [] [] [] [] [] [] []
33 [28] [1 2 3 4 6] [2] [1 4] [1] [1 2 3 4 5] [1 2 3 4] [1 2 3 8] [1 3] [1 2 3] [1 2 3 6] [1 2 3 4 5 6 7 8] [1 2 3 4 5 6 7 8 9] [1 2 3 6 7] [1 2 3 4 5 6 7] [5] [1 2] [1 2 3 4 5 6 12 29] [1 2 4] [2 7] [1 2 3 4 5 6 7 8 10 11] [1 2 3 4 5 6 7 8 10 11 12 13 15 20] [1 3 7 9 10 11 12] [5 29] [1 2 3 4 5 6 7 8 9 12 14] [1 2 3 4 5 6 7 9] [1 2 3 4 5 6 7 8 9 29] [2 4 6] [1 2 3 5 6 7 8 10] [1 2 3 4 5 6 7 9 11] [1 2 3 5 6 8 9] [2 4] [1 2 5 7 8 29] [1 2 3 4 5 6 7 8 10 12] [1 4 6] [2 3 4 7] [2 6] [1 2 3 4 5 6 8] [2 4 6 7] [1 2 3 4 7] [3] [1 2 3 7 8 9] [1 2 3 4 5 6 7 10] [1 3 5 29] [1 3 5] [1 2 3 4 6 7 8 9] [2 5 7] [1 2 3 4 5 6 7 8 10 14] [2 3 4] [1 2 3 4 5 6 7 8 9 10] [1 2 4 7 8 10] [1 2 3 5 6 7 9] [1 2 5 7 8] [1 2 6 10] [1 2 3 4 5 6 8 10 11 13] [2 3 6 7] [1 2 3 4 5 6 7 8 10 29] [1 2 3 4 5 6 7 8 29] [1 2 3 4 5 6 7 10 11 13] [2 3] [1 2 3 5] [1 2 3 4 5 6 7 8 9 10 12 29] [1 2 7 8 10] [1 2 3 4 5 6 7 8 9 12 13] [1 2 3 4 6 10 11 13] [1 2 3 7 8] [2 3 4 6 7] [1 2 4 6 7] [1 2 3 4 5 7 8] [1 6] [1 2 3 4 6 9] [1 2 3 4 5 6 8 9 10] [] [] [] [] [] [] [] [] [] [] [] [] [] [] [] [] [] [] [] [] [] []
34 [] [1 4] [1] [1 2 3 4 6] [1 2 3 4] [1 2 3 8] [1 3] [2] [1 2 3] [1 2 3 6] [1 2 3 4 5 6 7 8] [1 2 3 4 5 6 7 8 9] [1 2 3 6 7] [1 2 3 4 5 6 7] [5] [1 2] [1 2 3 4 5 6 12 29] [1 2 4] [2 7] [1 2 3 4 5 6 7 8 10 11] [1 2 3 4 5 6 7 8 10 11 12 13 15 20] [1 3 7 9 10 11 12] [5 29] [1 2 3 4 5 6 7 8 9 12 14] [1 2 3 4 5 6 7 9] [1 2 3 4 5 6 7 8 9 29] [2 4 6] [1 2 3 5 6 7 8 10] [1 2 3 4 5 6 7 9 11] [1 2 3 5 6 8 9] [2 4] [1 2 5 7 8 29] [1 2 3 4 5 6 7 8 10 12] [1 4 6] [2 3 4 7] [2 6] [1 2 3 4 5 6 8] [2 4 6 7] [1 2 3 4 7] [3] [1 2 3 7 8 9] [1 2 3 4 5 6 7 10] [1 3 5 29] [1 3 5] [1 2 3 4 6 7 8 9] [2 5 7] [1 2 3 4 5 6 7 8 10 14] [2 3 4] [1 2 3 4 5 6 7 8 9 10] [1 2 4 7 8 10] [1 2 3 5 6 7 9] [1 2 5 7 8] [1 2 6 10] [1 2 3 4 5 6 8 10 11 13] [2 3 6 7] [1 2 3 4 5] [1 2 3 4 5 6 7 8 10 29] [1 2 3 4 5 6 7 8 29] [1 2 3 4 5 6 7 10 11 13] [2 3] [1 2 3 5] [1 2 3 4 5 6 7 8 9 10 12 29] [1 2 7 8 10] [1 2 3 4 5 6 7 8 9 12 13] [1 2 3 4 6 10 11 13] [1 2 3 7 8] [2 3 4 6 7] [1 2 4 6 7] [1 2 3 4 5 7 8] [1 6] [1 2 3 4 6 9] [1 2 3 4 5 6 8 9 10] [] [] [] [] [] [] [] [] [] [] [] [] [] [] [] [] [] [] [] [] [] []
35 [] [1] [1 2 3 4 6] [1 4] [1 2 3 4] [1 2 3 8] [1 3] [2] [1 2 3] [1 2 3 6] [1 2 3 4 5 6 7 8] [1 2 3 4 5 6 7 8 9] [1 2 3 6 7] [1 2 3 4 5 6 7] [5] [1 2] [1 2 3 4 5 6 12 29] [1 2 4] [2 7] [1 2 3 4 5 6 7 8 10 11] [1 2 3 4 5 6 7 8 10 11 12 13 15 20] [1 3 7 9 10 11 12] [5 29] [1 2 3 4 5 6 7 8 9 12 14] [1 2 3 4 5 6 7 9] [1 2 3 4 5 6 7 8 9 29] [2 4 6] [1 2 3 5 6 7 8 10] [1 2 3 4 5 6 7 9 11] [1 2 3 5 6 8 9] [2 4] [1 2 5 7 8 29] [1 2 3 4 5 6 7 8 10 12] [1 4 6] [2 3 4 7] [2 6] [1 2 3 4 5 6 8] [2 4 6 7] [1 2 3 4 7] [3] [1 2 3 7 8 9] [1 2 3 4 5 6 7 10] [1 3 5 29] [1 3 5] [1 2 3 4 6 7 8 9] [2 5 7] [1 2 3 4 5 6 7 8 10 14] [2 3 4] [1 2 3 4 5 6 7 8 9 10] [1 2 4 7 8 10] [1 2 3 5 6 7 9] [1 2 5 7 8] [1 2 6 10] [1 2 3 4 5 6 8 10 11 13] [2 3 6 7] [1 2 3 4 5] [1 2 3 4 5 6 7 8 10 29] [1 2 3 4 5 6 7 8 29] [1 2 3 4 5 6 7 10 11 13] [2 3] [1 2 3 5] [1 2 3 4 5 6 7 8 9 10 12 29] [1 2 7 8 10] [1 2 3 4 5 6 7 8 9 12 13] [1 2 3 4 6 10 11 13] [1 2 3 7 8] [2 3 4 6 7] [1 2 4 6 7] [1 2 3 4 5 7 8] [1 6] [1 2 3 4 6 9] [1 2 3 4 5 6 8 9 10] [] [] [] [] [] [] [] [] [] [] [] [] [] [] [] [] [] [] [] [] [] []
36 [1] [2] [3 6] [2 4] [2 3 4 6] [2 9] [2 3 7 8] [2 3] [2 3 5] [2 3 6] [2 3 4 5 6 7 8 9] [2 3 4 6 7] [2 3 4 5 6 7 8 9 10 11] [2 7] [2 3 6 7 8] [3] [2 3 4 5 6 7 8] [5] [2 3 7] [2 3 4 5 6 7 8 12 14 29] [2 4 5] [2 3 4] [2 3 4 5 6 7 8 10 11 12 13 15 20] [3 7 9 10 11 12 13] [5 29] [2 3 4 5 6 7 8 9 10 12 14] [2 3 4 5 6 7 8 9 29] [2 4 6] [2 3 4 5 6 7 8 10 11] [2 3 4 5 6 7 8 9 10 11 12] [2 3 5 6 7 8 9] [2 3 4 5 6 7 8 9 10 11 29] [2 5 7 8 10 29] [4 5 6] [2 3 4 7] [2 6] [2 3 4 5 6 8] [4] [2 4 6 7] [2 3 4 5] [6 7] [2 3 4 7 9] [2 3 4 6 8] [2 3 4 5 6 7 8 9 11] [2 3 7 8 9] [6] [2 3 4 5 6 7 9 10] [2 3 5 29] [2 3 4 5 6 7 8 9 10] [2 5 7] [2 3 4 5 6 7 8 9 10 11 14 16] [2 4 7 8 10 11] [2 3 4 5 6 7] [2 5 7 8 14] [2 3 6 10] [2 3 4 5 6 7 8 11] [2 3 4 5 6 7 8 9 10 11 13] [2 3 4 5 6 7 8 9 12] [3 4] [2 3 6 7] [2 3 4 5 7] [2 3 4 5 6 7 8 10 29] [2 3 5 7] [2 3 4 5 6 7 8 9 10 11 12 14 29] [2 7 8 10 11] [2 3 4 5 6 7 8 9 12 13] [2 3 4 6 8 10 11 13] [2 3 4 6 7 8] [2 3 4 6 8 9 10] [3 11] [2 3 4 5 6 8 9 10] [] [] [] [] [] [] [] [] [] [] [] [] [] [] [] [] [] [] [] [] [] [] []
37 [] [1 2 3 8] [1 3] [1 2 3 4 6] [2] [1] [1 2 3] [1 2 3 6] [1 2 3 4 5 6 7 8] [1 2 3 4 5 6 7 8 9] [1 2 3 6 7] [1 2 3 4] [1 2 3 4 5 6 7] [5] [1 2] [1 2 3 4 5 6 12 29] [1 2 4] [2 7] [1 2 3 4 5 6 7 8 10 11] [1 2 3 4 5 6 7 8 10 11 12 13 15 20] [1 3 7 9 10 11 12] [5 29] [1 2 3 4 5 6 7 8 9 12 14] [1 2 3 4 5 6 7 9] [1 2 3 4 5 6 7 8 9 29] [2 4 6] [1 2 3 5 6 7 8 10] [1 2 3 4 5 6 7 9 11] [1 2 3 5 6 8 9] [2 4] [1 2 5 7 8 29] [1 2 3 4 5 6 7 8 10 12] [1 4 6] [2 3 4 7] [2 6] [1 2 3 4 5 6 8] [1 4] [2 4 6 7] [1 2 3 4 7] [3] [1 2 3 7 8 9] [1 2 3 4 5 6 7 10] [1 3 5 29] [1 3 5] [1 2 3 4 6 7 8 9] [2 5 7] [1 2 3 4 5 6 7 8 10 14] [2 3 4] [1 2 3 4 5 6 7 8 9 10] [1 2 4 7 8 10] [1 2 3 5 6 7 9] [1 2 5 7 8] [1 2 6 10] [1 2 3 4 5 6 8 10 11 13] [2 3 6 7] [1 2 3 4 5] [1 2 3 4 5 6 7 8 10 29] [1 2 3 4 5 6 7 8 29] [1 2 3 4 5 6 7 10 11 13] [2 3] [1 2 3 5] [1 2 3 4 5 6 7 8 9 10 12 29] [1 2 7 8 10] [1 2 3 4 5 6 7 8 9 12 13] [1 2 3 4 6 10 11 13] [1 2 3 7 8] [2 3 4 6 7] [1 2 4 6 7] [1 2 3 4 5 7 8] [1 6] [1 2 3 4 6 9] [1 2 3 4 5 6 8 9 10] [] [] [] [] [] [] [] [] [] [] [] [] [] [] [] [] [] [] [] [] [] []
38 [3 20] [1 2 4 6] [1] [1 2 4 5 6 7 8 9] [1 2 4 5 6 7 8 9 10 11] [1 2 6 7 8] [1 2 4 5 6 7 8] [5] [1 2 7] [2] [1 6] [1 2] [1 2 4 5 6 7 8 12 14 29] [1 2 4] [2 7] [1 2 4 5 6 7 8 9 10 11 12 13 15 21] [1 7 9 10 11 12] [5 29] [1 2 4 5 6 7 8 9 12 14] [1 2 4 5 6 7 9] [1 4] [1 2 4 5 6 7 8 9 10 29] [2 4 6] [1 2 4 5 6 7 8 9 10] [1 2 5 6 7 8 9 10] [2 4] [1 2 4 5 6 7 8 9 11 29] [1 2 5 7 8 29] [1 2 4 5 6 7 8 9 10 12] [1 4 6] [2 4 7 9] [2 6] [1 2 4 5 6 8] [2 4 6 7] [1 2 4 5] [1 2 4 7 9] [4] [1 2 4 6 8] [1 2 4 5 6 7 9 11] [1 2 7 8 9] [1 2 4 5 6 7 9 10 11] [1 5 6 29] [1 5 6] [1 2 4 6 7 8 9] [2 5 7] [1 2 4 5 6 7 8 9 10 14] [1 2 4 7 8 10] [1 2 5 6 7 9] [1 2 5 7 8] [1 2 6 10] [1 2 4 5 6 7 8 10 11 13] [1 2 4 5 6 7 8 9 12] [2 6 7 8] [1 2 4 5 7] [1 2 4 5 6 7 8 9 11] [1 2 4 5 6 7 8 10 29] [1 2 4 5 6 7 8 29] [1 2 5 7] [1 2 4 5 6 7 8 9 10 12 14 29] [1 2 7 8 10] [1 2 4 5 6 7 8 9 12 13] [1 2 4 6 8 10 11 13] [1 2 7 8] [2 4 6 7 9] [1 2 4 6 7] [1 2 4 5 6 8 9] [1 2 4 5 6 8 9 10] [] [] [] [] [] [] [] [] [] [] [] [] [] [] [] [] [] [] [] [] [] [] [] [] [] [] []
39 [2] [1] [1 3 4 5 6 7 8 9] [1 3 6 7 8] [1 3 4 6] [1 3 4 5 6 7] [5] [1 3 7] [3] [1 3] [1 3 4 5 6 7 8 12 14 29] [1 4 5] [5 7] [1 3 4] [1 3 4 5 6 7 8 9 10 11] [1 3 4 5 6 7 8 9 10 11 12 13 15 20] [1 3 7 9 10 11 12] [5 29] [1 3 4 5 6 7 8 9 12 14] [1 4] [1 3 4 5 6 7 8 9 10 29] [4 6 7] [1 3 4 5 6 7 9 11] [1 3 5 6 7 8 9] [4 6] [1 3 4 5 6 7 8 9 10 11 29] [1 5 7 8 10 29] [1 3 4 5 6 7 8 10 11 12] [1 4 6] [3 4 7 9] [5 6] [1 3 4 5 6 8] [4 6 7 8] [1 3 4 5] [1 3 4 7 9] [1 3 4 6 8] [1 3 4 5 6 7 8] [1 3 7 8 9 11] [1 3 4 5 6 7 9 10 11] [1 3 5 29] [1 3 5] [5 6 7] [1 3 4 5 6 7 8 10 14] [3 4] [1 3 4 5 6 7 8 9 10] [1 4 7 8 10 11] [4] [1 3 4 5 6 7 9 10] [1 5 7 8] [1 3 6 10] [1 3 4 5 6 7 8 10 11 13] [3 6 7 8] [1 3 4 5 7] [1 3 4 5 6 7 8 9 11] [1 3 4 5 6 7 8 10 29] [1 3 5 7] [1 3 4 5 6 7 8 9 10 11 12 14 29] [1 7 8 10 11] [1 3 4 5 6 7 8 9 11 12 13] [1 3 4 6 8 10 11 13] [1 3 7 8 9] [3 4 6 7 9] [1 6] [1 3 4 5 6 8 9] [1 3 4 5 6 8 9 10] [] [] [] [] [] [] [] [] [] [] [] [] [] [] [] [] [] [] [] [] [] [] [] [] [] [] [] [] []
40 [15 16] [1] [1 2 3 4 5 6 7 8] [1 2 3 6 7] [1 2 3 4] [1 2 3 4 5 6 7] [5] [1 2 3] [2] [1 3] [1 2] [1 2 3 4 5 6 12 29] [1 2 4] [2 7] [1 2 3 4 5 6 7 8 10 11] [1 2 3 4 5 6 7 8 10 11 12 13 18 20] [1 3 7 9 10 11 12] [5 29] [1 2 3 4 5 6 7 8 9 12 14] [1 2 3 4 5 6 7 9] [1 2 3 4 5 6 7 8 9 29] [2 4 6] [1 2 3 5 6 7 8 10] [1 2 3 4 5 6 7 9 11] [1 2 3 5 6 8 9] [2 4] [1 2 5 7 8 29] [1 2 3 4 5 6 7 8 10 12] [1 4 6] [2 3 4 7] [2 6] [1 2 3 4 5 6 8] [1 4] [2 4 6 7] [1 2 3 4 7] [3] [1 2 3 4 6] [1 2 3 7 8 9] [1 2 3 4 5 6 7 10] [1 3 5 29] [1 3 5] [1 2 3 4 6 7 8 9] [2 5 7] [1 2 3 4 5 6 7 8 10 14] [2 3 4] [1 2 3 4 5 6 7 8 9 10] [1 2 4 7 8 10] [1 2 3 5 6 7 9] [1 2 5 7 8] [1 2 6 10] [1 2 3 4 5 6 8 10 11 13] [1 2 3 4 5 6 7 8 9] [2 3 6 7] [1 2 3 4 5] [1 2 3 4 5 6 7 8 10 29] [1 2 3 4 5 6 7 8 29] [1 2 3 4 5 6 7 10 11 13] [2 3] [1 2 3 5] [1 2 3 4 5 6 7 8 9 10 12 29] [1 2 7 8 10] [1 2 3 4 5 6 7 8 9 12 13] [1 2 3 4 6 10 11 13] [1 2 3 7 8] [2 3 4 6 7] [1 2 4 6 7] [1 2 3 4 5 7 8] [1 6] [1 2 3 4 6 9] [1 2 3 4 5 6 8 9 10] [] [] [] [] [] [] [] [] [] [] [] [] [] [] [] [] [] [] [] [] [] [] [] []
41 [2] [1] [1 3 4 5 6 7] [1 3 7] [3] [1 3] [1 3 4 5 6 7 8 12 14 29] [1 4 5] [5 7] [1 3 4] [1 3 4 5 6 7 8 9 10 11] [1 3 4 5 6 7 8 9 10 11 12 13 15 20] [1 3 7 9 10 11 12] [5 29] [1 3 4 5 6 7 8 9 12 14] [1 4] [1 3 4 5 6 7 8 9] [1 3 4 5 6 7 8 9 10 29] [4 6 7] [1 3 4 5 6 7 9 11] [1 3 5 6 7 8 9] [4 6] [1 3 4 5 6 7 8 9 10 11 29] [1 5 7 8 10 29] [1 3 4 5 6 7 8 10 11 12] [1 4 6] [3 4 7 9] [5 6] [1 3 4 5 6 8] [4 6 7 8] [1 3 4 5] [1 3 4 7 9] [1 3 4 6 8] [1 3 4 5 6 7 8] [1 3 7 8 9 11] [1 3 4 5 6 7 9 10 11] [1 3 5 29] [1 3 5] [5 6 7] [1 3 4 5 6 7 8 10 14] [3 4] [1 3 4 5 6 7 8 9 10] [1 4 7 8 10 11] [4] [1 3 4 5 6 7 9 10] [1 5 7 8] [1 3 6 10] [1 3 4 5 6 7 8 10 11 13] [3 6 7 8] [1 3 4 5 7] [1 3 4 5 6 7 8 9 11] [5] [1 3 4 5 6 7 8 10 29] [1 3 6 7 8] [1 3 5 7] [1 3 4 5 6 7 8 9 10 11 12 14 29] [1 7 8 10 11] [1 3 4 5 6 7 8 9 11 12 13] [1 3 4 6 8 10 11 13] [1 3 7 8 9] [3 4 6 7 9] [1 6] [1 3 4 5 6 8 9] [1 3 4 5 6 8 9 10] [] [] [] [] [] [] [] [] [] [] [] [] [] [] [] [] [] [] [] [] [] [] [] [] [] [] [] [] [] []
42 [] [1] [1 2 3 4 5 6 7] [1 2 3] [2] [1 3] [1 2] [1 2 3 4 5 6 12 29] [1 2 4] [2 7] [1 2 3 4 5 6 7 8 10 11] [1 2 3 4 5 6 7 8 10 11 12 13 15 20] [1 3 7 9 10 11 12] [5 29] [1 2 3 4 5 6 7 8 9 12 14] [1 2 3 4 5 6 7 9] [1 2 3 4 5 6 7 8 9 29] [2 4 6] [1 2 3 5 6 7 8 10] [1 2 3 4 5 6 7 9 11] [1 2 3 5 6 8 9] [2 4] [1 2 5 7 8 29] [1 2 3 4 5 6 7 8 10 12] [1 4 6] [2 3 4 7] [2 6] [1 2 3 4 5 6 8] [1 4] [2 4 6 7] [1 2 3 4] [1 2 3 4 7] [3] [1 2 3 4 6] [1 2 3 7 8 9] [1 2 3 4 5 6 7 10] [1 3 5 29] [1 3 5] [1 2 3 4 6 7 8 9] [2 5 7] [1 2 3 4 5 6 7 8 10 14] [2 3 4] [1 2 3 4 5 6 7 8 9 10] [1 2 4 7 8 10] [1 2 3 4 5 6 7 8] [1 2 3 5 6 7 9] [1 2 5 7 8] [1 2 6 10] [1 2 3 4 5 6 8 10 11 13] [1 2 3 4 5 6 7 8 9] [2 3 6 7] [1 2 3 4 5] [5] [1 2 3 4 5 6 7 8 10 29] [1 2 3 4 5 6 7 8 29] [1 2 3 4 5 6 7 10 11 13] [2 3] [1 2 3 6 7] [1 2 3 5] [1 2 3 4 5 6 7 8 9 10 12 29] [1 2 7 8 10] [1 2 3 4 5 6 7 8 9 12 13] [1 2 3 4 6 10 11 13] [1 2 3 7 8] [2 3 4 6 7] [1 2 4 6 7] [1 2 3 4 5 7 8] [1 6] [1 2 3 4 6 9] [1 2 3 4 5 6 8 9 10] [] [] [] [] [] [] [] [] [] [] [] [] [] [] [] [] [] [] [] [] [] [] [] []
43 [] [1] [1 2 3 4 5 6 7] [2] [1 3] [1 2] [1 2 3 4 5 6 12 29] [1 2 4] [2 7] [1 2 3] [1 2 3 4 5 6 7 8 10 11] [1 2 3 4 5 6 7 8 10 11 12 13 15 20] [1 3 7 9 10 11 12] [5 29] [1 2 3 4 5 6 7 8 9 12 14] [1 2 3 4 5 6 7 9] [1 2 3 4 5 6 7 8 9 29] [2 4 6] [1 2 3 5 6 7 8 10] [1 2 3 4 5 6 7 9 11] [1 2 3 5 6 8 9] [2 4] [1 2 5 7 8 29] [1 2 3 4 5 6 7 8 10 12] [1 4 6] [2 3 4 7] [2 6] [1 2 3 4 5 6 8] [1 4] [1 2 3 4 7] [2 4 6 7] [1 2 3 4] [3] [1 2 3 4 6] [1 2 3 7 8 9] [1 2 3 4 5 6 7 10] [1 3 5 29] [1 3 5] [1 2 3 4 6 7 8 9] [2 5 7] [1 2 3 4 5 6 7 8 10 14] [2 3 4] [1 2 3 4 5 6 7 8 9 10] [1 2 4 7 8 10] [1 2 3 4 5 6 7 8] [1 2 3 5 6 7 9] [1 2 5 7 8] [1 2 6 10] [1 2 3 4 5 6 8 10 11 13] [1 2 3 4 5 6 7 8 9] [2 3 6 7] [1 2 3 4 5] [5] [1 2 3 4 5 6 7 8 10 29] [1 2 3 4 5 6 7 8 29] [1 2 3 4 5 6 7 10 11 13] [2 3] [1 2 3 6 7] [1 2 3 5] [1 2 3 4 5 6 7 8 9 10 12 29] [1 2 7 8 10] [1 2 3 4 5 6 7 8 9 12 13] [1 2 3 4 6 10 11 13] [1 2 3 7 8] [2 3 4 6 7] [1 2 4 6 7] [1 2 3 4 5 7 8] [1 6] [1 2 3 4 6 9] [1 2 3 4 5 6 8 9 10] [] [] [] [] [] [] [] [] [] [] [] [] [] [] [] [] [] [] [] [] [] [] [] []
44 [] [1] [1 2 3 4 5 6 7] [1 3] [1 2] [1 2 3 4 5 6 12 29] [1 2 4] [2 7] [1 2 3] [1 2 3 4 5 6 7 8 10 11] [1 2 3 4 5 6 7 8 10 11 12 13 15 20] [1 3 7 9 10 11 12] [2] [5 29] [1 2 3 4 5 6 7 8 9 12 14] [1 2 3 4 5 6 7 9] [1 2 3 4 5 6 7 8 9 29] [2 4 6] [1 2 3 5 6 7 8 10] [1 2 3 4 5 6 7 9 11] [1 2 3 5 6 8 9] [2 4] [1 2 5 7 8 29] [1 2 3 4 5 6 7 8 10 12] [1 4 6] [2 3 4 7] [2 6] [1 2 3 4 5 6 8] [1 4] [1 2 3 4 7] [2 4 6 7] [1 2 3 4] [3] [1 2 3 4 6] [1 2 3 7 8 9] [1 2 3 4 5 6 7 10] [1 3 5 29] [1 3 5] [1 2 3 4 6 7 8 9] [2 5 7] [1 2 3 4 5 6 7 8 10 14] [2 3 4] [1 2 3 4 5 6 7 8 9 10] [1 2 4 7 8 10] [1 2 3 4 5 6 7 8] [1 2 3 5 6 7 9] [1 2 5 7 8] [1 2 6 10] [1 2 3 4 5 6 8 10 11 13] [1 2 3 4 5 6 7 8 9] [2 3 6 7] [1 2 3 4 5] [5] [1 2 3 4 5 6 7 8 10 29] [1 2 3 4 5 6 7 8 29] [1 2 3 4 5 6 7 10 11 13] [2 3] [1 2 3 6 7] [1 2 3 5] [1 2 3 4 5 6 7 8 9 10 12 29] [1 2 7 8 10] [1 2 3 4 5 6 7 8 9 12 13] [1 2 3 4 6 10 11 13] [1 2 3 7 8] [2 3 4 6 7] [1 2 4 6 7] [1 2 3 4 5 7 8] [1 6] [1 2 3 4 6 9] [1 2 3 4 5 6 8 9 10] [] [] [] [] [] [] [] [] [] [] [] [] [] [] [] [] [] [] [] [] [] [] [] []
45 [] [1 3] [1 2] [1 2 3 4 5 6 12 29] [1] [1 2 4] [2 7] [1 2 3] [1 2 3 4 5 6 7 8 10 11] [1 2 3 4 5 6 7 8 10 11 12 13 15 20] [1 3 7 9 10 11 12] [2] [5 29] [1 2 3 4 5 6 7 8 9 12 14] [1 2 3 4 5 6 7 9] [1 2 3 4 5 6 7 8 9 29] [2 4 6] [1 2 3 5 6 7 8 10] [1 2 3 4 5 6 7 9 11] [1 2 3 5 6 8 9] [2 4] [1 2 5 7 8 29] [1 2 3 4 5 6 7 8 10 12] [1 4 6] [2 3 4 7] [2 6] [1 2 3 4 5 6 8] [1 4] [1 2 3 4 7] [2 4 6 7] [1 2 3 4] [3] [1 2 3 4 6] [1 2 3 4 5 6 7] [1 2 3 7 8 9] [1 2 3 4 5 6 7 10] [1 3 5 29] [1 3 5] [1 2 3 4 6 7 8 9] [2 5 7] [1 2 3 4 5 6 7 8 10 14] [2 3 4] [1 2 3 4 5 6 7 8 9 10] [1 2 4 7 8 10] [1 2 3 4 5 6 7 8] [1 2 3 5 6 7 9] [1 2 5 7 8] [1 2 6 10] [1 2 3 4 5 6 8 10 11 13] [1 2 3 4 5 6 7 8 9] [2 3 6 7] [1 2 3 4 5] [5] [1 2 3 4 5 6 7 8 10 29] [1 2 3 4 5 6 7 8 29] [1 2 3 4 5 6 7 10 11 13] [2 3] [1 2 3 6 7] [1 2 3 5] [1 2 3 4 5 6 7 8 9 10 12 29] [1 2 7 8 10] [1 2 3 4 5 6 7 8 9 12 13] [1 2 3 4 6 10 11 13] [1 2 3 7 8] [2 3 4 6 7] [1 2 4 6 7] [1 2 3 4 5 7 8] [1 6] [1 2 3 4 6 9] [1 2 3 4 5 6 8 9 10] [] [] [] [] [] [] [] [] [] [] [] [] [] [] [] [] [] [] [] [] [] [] [] []
46 [6 12] [1] [2 7] [1 2 3 4 5 7 8 9 10 11 13] [1 2 3 4 5 7 8 9 10 11 13 14 15 18 20 21] [1 3 7 9 10 11 13] [2] [5 29] [1 2 3 4 5 7 8 9 10 14 16 18] [1 2] [1 2 3 4 5 7 9 11] [1 3] [1 2 3 4 5 7 8 9 10 29] [2 4 7] [1 2 3 5 7 8 9 10] [1 2 3 4 5 7 8 9 11] [2 4] [1 2 3 4 5 7 8 9 11 29] [1 2 5 7 8 29] [1 2 3 4 5 7 8 10 13] [1 4 8] [2 3 4 7] [2 9] [1 2 3 4 5 8 10] [1 4] [1 2 3] [1 2 3 4 7] [2 4 7 8] [1 2 3 4] [3] [1 2 3 4 8] [1 2 3 4 5 7 8] [1 2 3 7 8 9] [1 2 3 4 5 7 10] [1 3 5 29] [1 3 5] [1 2 3 4 7 8 9 10] [2 5 7] [1 2 3 4 5 7 8 9 10 11 14] [2 3 4] [1 2 3 4 5 7 8 9 10 15] [1 2 4 7 8 10] [1 2 3 4 5 7 8 9] [1 2 3 4 5 7 8 10] [1 2 3 4 5 7 9] [1 2 3 5 7 9 10] [1 2 5 7 8] [1 2 10 11] [1 2 3 4 5 7 8 9 10 11 13 14 20] [2 3 7 8] [1 2 3 4 5] [1 2 3 4 5 7 8 9 10 11] [5] [1 2 3 4 5 7 8 9 10 15 29] [1 2 3 4 5 7 8 9 10 11 13 20] [2 3] [1 2 3 7 8] [1 2 3 5] [1 2 3 4 5 7 8 9 10 14 29] [1 2 7 8 10] [1 2 3 4 5 7 8 9 10 13 15] [1 2 3 4 8 10 11 13 20] [1 2 3 4 5 7 8 9 10] [2 3 4 7 9] [1 2 4 7 9] [1 10] [1 2 3 4 8 9] [1 2 3 4 5 8 9 10 11 15] [] [] [] [] [] [] [] [] [] [] [] [] [] [] [] [] [] [] [] [] [] [] [] [] [] []
47 [] [2 7] [1 2 3 4 5 6 7 8 10 11] [1 2 3 4 5 6 7 8 10 11 12 13 15 20] [1 3 7 9 10 11 12] [2] [5 29] [1 2 3 4 5 6 7 8 9 12 14] [1] [1 2] [1 2 3 4 5 6 7 9] [1 3] [1 2 3 4 5 6 7 8 9 29] [2 4 6] [1 2 3 5 6 7 8 10] [1 2 3 4 5 6 7 9 11] [1 2 3 5 6 8 9] [2 4] [1 2 5 7 8 29] [1 2 3 4 5 6 7 8 10 12] [1 4 6] [2 3 4 7] [2 6] [1 2 3 4 5 6 8] [1 4] [1 2 3] [1 2 3 4 7] [2 4 6 7] [1 2 3 4] [3] [1 2 3 4 6] [1 2 3 4 5 6 7] [1 2 3 7 8 9] [1 2 3 4 5 6 7 10] [1 3 5 29] [1 3 5] [1 2 3 4 6 7 8 9] [2 5 7] [1 2 3 4 5 6 7 8 10 14] [2 3 4] [1 2 3 4 5 6 7 8 9 10] [1 2 4 7 8 10] [1 2 3 4 5 6 7 8] [1 2 3 5 6 7 9] [1 2 5 7 8] [1 2 6 10] [1 2 3 4 5 6 8 10 11 13] [1 2 3 4 5 6 7 8 9] [2 3 6 7] [1 2 3 4 5] [5] [1 2 3 4 5 6 7 8 10 29] [1 2 3 4 5 6 7 8 29] [1 2 3 4 5 6 7 10 11 13] [2 3] [1 2 3 6 7] [1 2 3 5] [1 2 3 4 5 6 7 8 9 10 12 29] [1 2 7 8 10] [1 2 3 4 5 6 7 8 9 12 13] [1 2 3 4 6 10 11 13] [1 2 3 7 8] [2 3 4 6 7] [1 2 4 6 7] [1 2 3 4 5 7 8] [1 6] [1 2 3 4 6 9] [1 2 3 4 5 6 8 9 10] [] [] [] [] [] [] [] [] [] [] [] [] [] [] [] [] [] [] [] [] [] [] [] [] [] []
48 [3] [1 2 4 5 6 7 8 9 10 11] [1 2 4 5 6 7 8 9 10 11 12 13 15 20] [1 7 9 10 11 12] [2] [5 29] [1 2 4 5 6 7 8 9 12 14] [1] [1 2] [1 2 4 5 6 7 9] [1 4] [1 2 4 5 6 7 8 9 10 29] [2 4 6] [1 2 4 5 6 7 8 9 10] [1 2 5 6 7 8 9 10] [2 4] [1 2 4 5 6 7 8 9 11 29] [1 2 5 7 8 29] [1 2 4 5 6 7 8 9 10 12] [1 4 6] [2 4 7 9] [2 6] [1 2 4 5 6 8] [1 2 4] [1 2 4 5 7 8] [2 4 6 7] [1 2 4 5] [1 2 4 7 9] [4] [1 2 4 6 8] [1 2 4 5 6 7 9 11] [1 2 4 5 6 7 8] [1 6] [1 2 7 8 9] [1 2 4 5 6 7 9 10 11] [1 5 6 29] [1 5 6] [1 2 4 6 7 8 9] [2 5 7] [1 2 4 5 6 7 8 9 10 14] [1 2 4 7 8 10] [1 2 4 5 6 7 8 9] [1 2 5 6 7 9] [1 2 5 7 8] [1 2 6 10] [1 2 4 5 6 7 8 10 11 13] [1 2 4 5 6 7 8 9 12] [2 6 7 8] [1 2 4 5 7] [1 2 4 5 6 7 8 9 11] [5] [1 2 4 5 6 7 8 10 29] [1 2 4 5 6 7 8 29] [1 2 6 7 8] [1 2 5 7] [1 2 4 5 6 7 8 9 10 12 14 29] [1 2 7 8 10] [1 2 4 5 6 7 8 9 12 13] [1 2 4 6 8 10 11 13] [1 2 7 8] [2 4 6 7 9] [1 2 4 6 7] [1 2 4 5 6 8 9] [1 2 4 5 6 8 9 10] [] [] [] [] [] [] [] [] [] [] [] [] [] [] [] [] [] [] [] [] [] [] [] [] [] [] [] [] [] []
49 [] [1 2 3 4 5 6 7 8 9 12 14] [1] [2] [1 2] [1 2 3 4 5 6 7 9] [1 3] [1 2 3 4 5 6 7 8 9 29] [2 4 6] [1 2 3 5 6 7 8 10] [1 2 3 4 5 6 7 9 11] [1 2 3 5 6 8 9] [2 4] [1 2 5 7 8 29] [1 2 3 4 5 6 7 8 10 12] [1 4 6] [2 3 4 7] [2 6] [1 2 3 4 5 6 8] [1 4] [1 2 3] [1 2 3 4 7] [2 4 6 7] [1 2 3 4] [3] [1 2 3 4 6] [1 2 3 4 5 6 7] [1 2 3 7 8 9] [1 2 3 4 5 6 7 10] [1 3 5 29] [5 29] [1 3 5] [1 2 3 4 6 7 8 9] [2 5 7] [1 2 3 4 5 6 7 8 10 14] [2 3 4] [1 2 3 4 5 6 7 8 9 10] [1 2 4 7 8 10] [1 2 3 4 5 6 7 8] [1 2 3 5 6 7 9] [1 2 5 7 8] [1 2 6 10] [1 2 3 4 5 6 8 10 11 13] [1 2 3 4 5 6 7 8 9] [2 3 6 7] [1 2 3 4 5] [5] [1 2 3 4 5 6 7 8 10 29] [1 2 3 4 5 6 7 8 29] [1 2 3 4 5 6 7 10 11 13] [2 3] [1 2 3 6 7] [1 2 3 5] [1 2 3 4 5 6 7 8 9 10 12 29] [1 2 7 8 10] [1 2 3 4 5 6 7 8 9 12 13] [1 2 3 4 6 10 11 13] [1 2 3 7 8] [2 3 4 6 7] [1 2 4 6 7] [1 2 3 4 5 7 8] [1 6] [1 2 3 4 6 9] [1 2 3 4 5 6 8 9 10] [] [] [] [] [] [] [] [] [] [] [] [] [] [] [] [] [] [] [] [] [] [] [] [] [] [] [] [] [] []
50 [] [1] [1 2] [2] [1 2 3 4 5 6 7 9] [1 3] [1 2 3 4 5 6 7 8 9 29] [2 4 6] [1 2 3 5 6 7 8 10] [1 2 3 4 5 6 7 9 11] [1 2 3 5 6 8 9] [2 4] [1 2 5 7 8 29] [1 2 3 4 5 6 7 8 10 12] [1 4 6] [2 3 4 7] [2 6] [1 2 3 4 5 6 8] [1 4] [1 2 3] [1 2 3 4 7] [2 4 6 7] [1 2 3 4] [3] [1 2 3 4 6] [1 2 3 4 5 6 7] [1 2 3 7 8 9] [1 2 3 4 5 6 7 10] [1 3 5 29] [5 29] [1 3 5] [1 2 3 4 6 7 8 9] [2 5 7] [1 2 3 4 5 6 7 8 10 14] [2 3 4] [1 2 3 4 5 6 7 8 9 10] [1 2 4 7 8 10] [1 2 3 4 5 6 7 8] [1 2 3 5 6 7 9] [1 2 5 7 8] [1 2 6 10] [1 2 3 4 5 6 8 10 11 13] [1 2 3 4 5 6 7 8 9] [2 3 6 7] [1 2 3 4 5] [5] [1 2 3 4 5 6 7 8 10 29] [1 2 3 4 5 6 7 8 29] [1 2 3 4 5 6 7 10 11 13] [2 3] [1 2 3 6 7] [1 2 3 5] [1 2 3 4 5 6 7 8 9 10 12 29] [1 2 7 8 10] [1 2 3 4 5 6 7 8 9 12 13] [1 2 3 4 6 10 11 13] [1 2 3 7 8] [2 3 4 6 7] [1 2 4 6 7] [1 2 3 4 5 7 8] [1 6] [1 2 3 4 6 9] [1 2 3 4 5 6 8 9 10] [] [] [] [] [] [] [] [] [] [] [] [] [] [] [] [] [] [] [] [] [] [] [] [] [] [] [] [] [] [] []
51 [17] [1 2] [2] [1 3] [1 2 3 4 5 6 7 8 9 29] [1] [2 4 6] [1 2 3 5 6 7 8 10] [1 2 3 4 5 6 7 9 11] [1 2 3 5 6 8 9] [2 4] [1 2 5 7 8 29] [1 2 3 4 5 6 7 8 10 12] [1 4 6] [2 3 4 7] [2 6] [1 2 3 4 5 6 8] [1 4] [1 2 3] [1 2 3 4 7] [2 4 6 7] [1 2 3 4] [3] [1 2 3 4 6] [1 2 3 4 5 6 7] [1 2 3 7 8 9] [1 2 3 4 5 6 7 10] [1 3 5 29] [5 29] [1 3 5] [1 2 3 4 6 7 8 9] [2 5 7] [1 2 3 4 5 6 7 8 10 14] [2 3 4] [1 2 3 4 5 6 7 8 9 10] [1 2 4 7 8 10] [1 2 3 4 5 6 7 8] [1 2 3 5 6 7 9] [1 2 5 7 8] [1 2 6 10] [1 2 3 4 5 6 8 10 11 13] [1 2 3 4 5 6 7 8 9] [2 3 6 7] [1 2 3 4 5] [5] [1 2 3 4 5 6 7 8 10 29] [1 2 3 4 5 6 7 8 29] [1 2 3 4 5 6 7 10 11 13] [2 3] [1 2 3 6 7] [1 2 3 5] [1 2 3 4 5 6 7 8 9 10 12 29] [1 2 7 8 10] [1 2 3 4 5 6 7 8 9 12 13] [1 2 3 4 6 10 11 13] [1 2 3 7 8] [2 3 4 6 7] [1 2 4 6 7] [1 2 3 4 5 7 8] [1 6] [1 2 3 4 6 9] [1 2 3 4 5 6 8 9 10] [] [] [] [] [] [] [] [] [] [] [] [] [] [] [] [] [] [] [] [] [] [] [] [] [] [] [] [] [] [] [] []
52 [26] [1 3] [1 2 3 4 5 6 7 8 9 29] [1] [2] [2 4 6] [1 2 3 5 6 7 8 10] [1 2 3 4 5 6 7 9 11] [1 2 3 5 6 8 9] [2 4] [1 2] [1 2 5 7 8 29] [1 2 3 4 5 6 7 8 10 12] [1 4 6] [2 3 4 7] [2 6] [1 2 3 4 5 6 8] [1 4] [1 2 3] [1 2 3 4 7] [2 4 6 7] [1 2 3 4] [3] [1 2 3 4 6] [1 2 3 4 5 6 7] [1 2 3 7 8 9] [1 2 3 4 5 6 7 10] [1 3 5 29] [5 29] [1 3 5] [1 2 3 4 6 7 8 9] [2 5 7] [1 2 3 4 5 6 7 8 10 14] [2 3 4] [1 2 3 4 5 6 7 8 9 10] [1 2 4 7 8 10] [1 2 3 4 5 6 7 8] [1 2 3 5 6 7 9] [1 2 5 7 8] [1 2 6 10] [1 2 3 4 5 6 8 10 11 13] [1 2 3 4 5 6 7 8 9] [2 3 6 7] [1 2 3 4 5] [5] [1 2 3 4 5 6 7 8 10 29] [1 2 3 4 5 6 7 8 29] [1 2 3 4 5 6 7 10 11 13] [2 3] [1 2 3 6 7] [1 2 3 5] [1 2 3 4 5 6 7 8 9 10 12 29] [1 2 7 8 10] [1 2 3 4 5 6 7 8 9 12 13] [1 2 3 4 6 10 11 13] [1 2 3 7 8] [2 3 4 6 7] [1 2 4 6 7] [1 2 3 4 5 7 8] [1 6] [1 2 3 4 6 9] [1 2 3 4 5 6 8 9 10] [] [] [] [] [] [] [] [] [] [] [] [] [] [] [] [] [] [] [] [] [] [] [] [] [] [] [] [] [] [] [] []
53 [] [1] [2] [1 2 3 4 5 6 7 9 11] [1 2 3 5 6 8 9] [2 4] [1 2] [1 2 3 4 5 6 7 8 9 29] [1 2 5 7 8 29] [1 2 3 4 5 6 7 8 10 12] [1 4 6] [2 3 4 7] [2 6] [1 2 3 4 5 6 8] [1 4] [1 2 3] [1 2 3 4 7] [2 4 6 7] [1 2 3 4] [3] [1 2 3 4 6] [1 2 3 4 5 6 7] [1 3] [1 2 3 7 8 9] [1 2 3 4 5 6 7 10] [1 3 5 29] [5 29] [1 3 5] [1 2 3 4 6 7 8 9] [2 5 7] [1 2 3 4 5 6 7 8 10 14] [2 3 4] [1 2 3 4 5 6 7 8 9 10] [1 2 4 7 8 10] [1 2 3 4 5 6 7 8] [1 2 3 5 6 7 9] [1 2 5 7 8] [1 2 6 10] [1 2 3 4 5 6 8 10 11 13] [1 2 3 4 5 6 7 8 9] [2 3 6 7] [1 2 3 4 5] [5] [1 2 3 4 5 6 7 8 10 29] [1 2 3 4 5 6 7 8 29] [1 2 3 4 5 6 7 10 11 13] [2 3] [1 2 3 6 7] [1 2 3 5] [1 2 3 4 5 6 7 8 9 10 12 29] [1 2 7 8 10] [1 2 3 4 5 6 7 8 9 12 13] [1 2 3 4 6 10 11 13] [1 2 3 7 8] [2 3 4 6 7] [1 2 4 6 7] [1 2 3 4 5 7 8] [1 6] [1 2 3 4 6 9] [1 2 3 4 5 6 8 9 10] [] [] [] [] [] [] [] [] [] [] [] [] [] [] [] [] [] [] [] [] [] [] [] [] [] [] [] [] [] [] [] [] [] []
54 [] [1 2 3 4 5 6 7 9 11] [2] [1 2 3 4 5 6 7 8 10] [1 2 3 5 6 8 9] [1] [2 4] [1 2] [1 2 3 4 5 6 7 8 9 29] [1 2 5 7 8 29] [1 2 3 4 5 6 7 8 10 12] [1 4 6] [2 3 4 7] [2 6] [1 2 3 4 5 6 8] [1 4] [1 2 3] [1 2 3 4 7] [2 4 6 7] [1 2 3 4] [3] [1 2 3 4 6] [1 2 3 4 5 6 7] [1 3] [1 2 3 7 8 9] [1 2 3 4 5 6 7 10] [1 3 5 29] [5 29] [1 3 5] [1 2 3 4 6 7 8 9] [2 5 7] [1 2 3 4 5 6 7 8 10 14] [2 3 4] [1 2 3 4 5 6 7 8 9 10] [1 2 4 7 8 10] [1 2 3 4 5 6 7 8] [1 2 3 5 6 7 9] [1 2 5 7 8] [1 2 6 10] [1 2 3 4 5 6 8 10 11 13] [1 2 3 4 5 6 7 8 9] [2 3 6 7] [1 2 3 4 5] [5] [1 2 3 4 5 6 7 8 10 29] [1 2 3 4 5 6 7 8 29] [1 2 3 4 5 6 7 10 11 13] [2 3] [1 2 3 6 7] [1 2 3 5] [1 2 3 4 5 6 7 8 9 10 12 29] [1 2 7 8 10] [1 2 3 4 5 6 7 8 9 12 13] [1 2 3 4 6 10 11 13] [1 2 3 7 8] [2 3 4 6 7] [1 2 4 6 7] [1 2 3 4 5 7 8] [1 6] [1 2 3 4 6 9] [1 2 3 4 5 6 8 9 10] [] [] [] [] [] [] [] [] [] [] [] [] [] [] [] [] [] [] [] [] [] [] [] [] [] [] [] [] [] [] [] [] []
55 [14] [1 2] [2 3 6 7] [2] [1] [1 2 5 7 8 29] [1 2 3 4 5 6 7 8 10 12] [1 4 6] [2 3 4 7] [2 6] [1 2 3 4 5 6 8] [1 4] [1 2 3] [1 2 3 4 7] [2 4 6 7] [1 2 3 4] [3] [1 2 3 4 6] [1 2 3 4 5 6 7 9 11] [1 2 3 4 5 6 7] [1 3] [1 2 3 7 8 9] [1 2 3 4 5 6 7 10] [1 3 5 29] [5 29] [1 3 5] [1 2 3 4 6 7 8 9] [2 5 7] [1 2 3 4 5 6 7 8 10 16] [2 3 4] [1 2 3 4 5 6 7 8 9 10] [1 2 4 7 8 10] [1 2 3 4 5 6 7 8] [1 2 3 5 6 7 9] [1 2 5 7 8] [1 2 6 10] [1 2 3 4 5 6 8 10 11 13] [1 2 3 4 5 6 7 8 9] [1 2 3 4 5] [5] [1 2 3 4 5 6 7 8 10 29] [1 2 3 4 5 6 7 8 29] [1 2 3 4 5 6 7 10 11 13] [2 3] [1 2 3 6 7] [1 2 3 5] [1 2 3 4 5 6 7 8 9 10 12 29] [1 2 7 8 10] [1 2 3 4 5 6 7 8 9 12 13] [1 2 3 5 6 8 9] [1 2 3 4 6 10 11 13] [1 2 3 7 8] [2 3 4 6 7] [1 2 4 6 7] [1 2 3 4 5 7 8] [1 6] [1 2 3 4 6 9] [1 2 3 4 5 6 8 9 10] [] [] [] [] [] [] [] [] [] [] [] [] [] [] [] [] [] [] [] [] [] [] [] [] [] [] [] [] [] [] [] [] [] [] [] []
56 [] [1] [1 2 5 7 8 29] [1 2 3 4 5 6 7 8 10 12] [1 4 6] [2] [2 3 4 7] [2 6] [1 2 3 4 5 6 8] [1 4] [1 2 3] [1 2] [1 2 3 4 7] [2 4 6 7] [1 2 3 4] [3] [1 2 3 4 6] [1 2 3 4 5 6 7 9 11] [1 2 3 4 5 6 7] [1 3] [1 2 3 7 8 9] [1 2 3 4 5 6 7 10] [1 3 5 29] [5 29] [1 3 5] [1 2 3 4 6 7 8 9] [2 5 7] [1 2 3 4 5 6 7 8 10 14] [2 3 4] [1 2 3 4 5 6 7 8 9 10] [1 2 4 7 8 10] [1 2 3 4 5 6 7 8] [1 2 3 5 6 7 9] [1 2 5 7 8] [1 2 6 10] [1 2 3 4 5 6 8 10 11 13] [1 2 3 4 5 6 7 8 9] [2 3 6 7] [1 2 3 4 5] [5] [1 2 3 4 5 6 7 8 10 29] [1 2 3 4 5 6 7 8 29] [1 2 3 4 5 6 7 10 11 13] [2 3] [1 2 3 6 7] [1 2 3 5] [1 2 3 4 5 6 7 8 9 10 12 29] [1 2 7 8 10] [1 2 3 4 5 6 7 8 9 12 13] [1 2 3 5 6 8 9] [1 2 3 4 6 10 11 13] [1 2 3 7 8] [2 3 4 6 7] [1 2 4 6 7] [1 2 3 4 5 7 8] [1 6] [1 2 3 4 6 9] [1 2 3 4 5 6 8 9 10] [] [] [] [] [] [] [] [] [] [] [] [] [] [] [] [] [] [] [] [] [] [] [] [] [] [] [] [] [] [] [] [] [] [] [] []
57 [] [1 2 3 4 5 6 7 8 10 12] [1] [2] [2 6] [1 2 3 4 5 6 8] [1 4] [1 2 3] [1 2] [1 2 3 4 7] [2 4 6 7] [1 2 3 4] [3] [1 2 3 4 6] [1 2 3 4 5 6 7 9 11] [1 2 3 4 5 6 7] [1 3] [1 2 3 7 8 9] [1 2 3 4 5 6 7 10] [1 3 5 29] [5 29] [1 3 5] [1 2 3 4 6 7 8 9] [2 5 7] [1 2 3 4 5 6 7 8 10 14] [2 3 4] [1 2 3 4 5 6 7 8 9 10] [1 2 4 7 8 10] [1 2 3 4 5 6 7 8] [1 2 3 5 6 7 9] [1 2 5 7 8] [1 2 6 10] [1 2 3 4 5 6 8 10 11 13] [1 2 3 4 5 6 7 8 9] [2 3 6 7] [1 2 3 4 5] [5] [1 2 3 4 5 6 7 8 10 29] [1 2 3 4 5 6 7 8 29] [1 2 3 4 5 6 7 10 11 13] [2 3] [1 2 3 6 7] [1 2 3 5] [1 2 3 4 5 6 7 8 9 10 12 29] [1 2 7 8 10] [1 2 3 4 5 6 7 8 9 12 13] [1 2 3 5 6 8 9] [1 2 3 4 6 10 11 13] [1 2 3 7 8] [2 3 4 6 7] [1 2 4 6 7] [1 2 3 4 5 7 8] [1 6] [1 2 3 4 6 9] [1 2 3 4 5 6 8 9 10] [] [] [] [] [] [] [] [] [] [] [] [] [] [] [] [] [] [] [] [] [] [] [] [] [] [] [] [] [] [] [] [] [] [] [] [] [] [] []
58 [] [2] [1] [2 6] [1 2 3 4 5 6 8] [1 4] [1 2 3] [1 2] [1 2 3 4 7] [2 4 6 7] [1 2 3 4] [3] [1 2 3 4 6] [1 2 3 4 5 6 7 9 11] [1 2 3 4 5 6 7] [1 3] [1 2 3 7 8 9] [1 2 3 4 5 6 7 10] [1 3 5 29] [5 29] [1 3 5] [1 2 3 4 6 7 8 9] [2 5 7] [1 2 3 4 5 6 7 8 10 14] [2 3 4] [1 2 3 4 5 6 7 8 9 10] [1 2 4 7 8 10] [1 2 3 4 5 6 7 8] [1 2 3 5 6 7 9] [1 2 5 7 8] [1 2 6 10] [1 2 3 4 5 6 8 10 11 13] [1 2 3 4 5 6 7 8 9] [2 3 6 7] [1 2 3 4 5] [5] [1 2 3 4 5 6 7 8 10 29] [1 2 3 4 5 6 7 8 29] [1 2 3 4 5 6 7 10 11 13] [2 3] [1 2 3 6 7] [1 2 3 5] [1 2 3 4 5 6 7 8 9 10 12 29] [1 2 7 8 10] [1 2 3 4 5 6 7 8 9 12 13] [1 2 3 5 6 8 9] [1 2 3 4 6 10 11 13] [1 2 3 7 8] [2 3 4 6 7] [1 2 4 6 7] [1 2 3 4 5 7 8] [1 6] [1 2 3 4 6 9] [1 2 3 4 5 6 8 9 10] [] [] [] [] [] [] [] [] [] [] [] [] [] [] [] [] [] [] [] [] [] [] [] [] [] [] [] [] [] [] [] [] [] [] [] [] [] [] [] []
59 [] [1 4] [2] [1 2 3] [1 2] [1] [1 2 3 4 7] [2 4 6 7] [1 2 3 4] [3] [1 2 3 4 6] [1 2 3 4 5 6 7 9 11] [1 2 3 4 5 6 7] [1 3] [1 2 3 7 8 9] [1 2 3 4 5 6 7 10] [1 3 5 29] [5 29] [1 3 5] [1 2 3 4 6 7 8 9] [2 5 7] [1 2 3 4 5 6 7 8 10 14] [2 3 4] [1 2 3 4 5 6 7 8 9 10] [1 2 4 7 8 10] [1 2 3 4 5 6 7 8] [1 2 3 5 6 7 9] [1 2 5 7 8] [1 2 6 10] [1 2 3 4 5 6 8 10 11 13] [1 2 3 4 5 6 7 9 11 12] [1 2 3 4 5 6 7 8 9] [2 3 6 7] [1 2 3 4 5] [5] [1 2 3 4 5 6 7 8 10 29] [1 2 3 4 5 6 7 8 29] [1 2 3 4 5 6 7 10 11 13] [2 3] [1 2 3 6 7] [2 6] [1 2 3 5] [1 2 3 4 5 6 7 8 9 10 12 29] [1 2 7 8 10] [1 2 3 4 5 6 7 8 9 12 13] [1 2 3 5 6 8 9] [1 2 3 4 6 10 11 13] [1 2 3 7 8] [2 3 4 6 7] [1 2 4 6 7] [1 2 3 4 5 7 8] [1 6] [1 2 3 4 6 9] [1 2 3 4 5 6 8 9 10] [] [] [] [] [] [] [] [] [] [] [] [] [] [] [] [] [] [] [] [] [] [] [] [] [] [] [] [] [] [] [] [] [] [] [] [] [] [] [] []
60 [] [1 2] [1 2 3 4 7] [2 4 6 7] [1] [1 2 3 4] [3] [1 2 3] [1 2 3 4 6] [1 2 3 4 5 6 7 9 11] [1 2 3 4 5 6 7] [1 3] [1 2 3 7 8 9] [2] [1 2 3 4 5 6 7 10] [1 3 5 29] [5 29] [1 3 5] [1 2 3 4 6 7 8 9] [2 5 7] [1 2 3 4 5 6 7 8 10 14] [2 3 4] [1 2 3 4 5 6 7 8 9 10] [1 2 4 7 8 10] [1 2 3 4 5 6 7 8] [1 2 3 5 6 7 9] [1 2 5 7 8] [1 2 6 10] [1 2 3 4 5 6 8 10 11 13] [1 2 3 4 5 6 7 9 11 12] [1 2 3 4 5 6 7 8 9] [2 3 6 7] [1 2 3 4 5] [5] [1 2 3 4 5 6 7 8 10 29] [1 2 3 4 5 6 7 8 29] [1 2 3 4 5 6 7 10 11 13] [2 3] [1 2 3 6 7] [2 6] [1 2 3 5] [1 2 3 4 5 6 7 8 9 10 12 29] [1 4] [1 2 7 8 10] [1 2 3 4 5 6 7 8 9 12 13] [1 2 3 5 6 8 9] [1 2 3 4 6 10 11 13] [1 2 3 7 8] [2 3 4 6 7] [1 2 4 6 7] [1 2 3 4 5 7 8] [1 6] [1 2 3 4 6 9] [1 2 3 4 5 6 8 9 10] [] [] [] [] [] [] [] [] [] [] [] [] [] [] [] [] [] [] [] [] [] [] [] [] [] [] [] [] [] [] [] [] [] [] [] [] [] [] [] []
61 [] [1 2] [1] [1 2 3 4 7] [3] [1 2 3] [1 2 3 4 6] [1 2 3 4 5 6 7 9 11] [1 2 3 4 5 6 7] [1 3] [1 2 3 7 8 9] [2] [1 2 3 4 5 6 7 10] [1 3 5 29] [5 29] [1 3 5] [1 2 3 4 6 7 8 9] [2 5 7] [1 2 3 4 5 6 7 8 10 14] [2 3 4] [1 2 3 4 5 6 7 8 9 10] [1 2 4 7 8 10] [1 2 3 4 5 6 7 8] [1 2 3 5 6 7 9] [1 2 5 7 8] [1 2 6 10] [1 2 3 4 5 6 8 10 11 13] [1 2 3 4 5 6 7 9 11 12] [1 2 3 4 5 6 7 8 9] [2 3 6 7] [1 2 3 4 5] [5] [1 2 3 4 5 6 7 8 10 29] [1 2 3 4 5 6 7 8 29] [1 2 3 4 5 6 7 10 11 13] [2 3] [1 2 3 6 7] [2 6] [1 2 3 5] [1 2 3 4 5 6 7 8 9 10 12 29] [1 4] [1 2 7 8 10] [1 2 3 4 5 6 7 8 9 12 13] [1 2 3 5 6 8 9] [1 2 3 4 6 10 11 13] [1 2 3 7 8] [2 3 4 6 7] [1 2 4 6 7] [1 2 3 4 5 7 8] [1 6] [1 2 3 4 6 9] [1 2 3 4 5 6 8 9 10] [] [] [] [] [] [] [] [] [] [] [] [] [] [] [] [] [] [] [] [] [] [] [] [] [] [] [] [] [] [] [] [] [] [] [] [] [] [] [] [] [] []
62 [] [1] [3] [1 2 3] [1 2 3 4 6] [1 2 3 4 5 6 7 9 11] [1 2 3 4 5 6 7] [1 3] [1 2 3 7 8 9] [2] [1 2 3 4 5 6 7 10] [1 3 5 29] [5 29] [1 3 5] [1 2 3 4 6 7 8 9] [2 5 7] [1 2 3 4 5 6 7 8 10 14] [2 3 4] [1 2 3 4 5 6 7 8 9 10] [1 2 4 7 8 10] [1 2 3 4 5 6 7 8] [1 2 3 5 6 7 9] [1 2 5 7 8] [1 2 6 10] [1 2 3 4 5 6 8 10 11 13] [1 2 3 4 5 6 7 9 11 12] [1 2 3 4 5 6 7 8 9] [1 2] [2 3 6 7] [1 2 3 4 5] [5] [1 2 3 4 5 6 7 8 10 29] [1 2 3 4 5 6 7 8 29] [1 2 3 4 5 6 7 10 11 13] [2 3] [1 2 3 6 7] [2 6] [1 2 3 5] [1 2 3 4 5 6 7 8 9 10 12 29] [1 4] [1 2 7 8 10] [1 2 3 4 5 6 7 8 9 12 13] [1 2 3 5 6 8 9] [1 2 3 4 6 10 11 13] [1 2 3 7 8] [2 3 4 6 7] [1 2 4 6 7] [1 2 3 4 5 7 8] [1 6] [1 2 3 4 6 9] [1 2 3 4 5 6 8 9 10] [] [] [] [] [] [] [] [] [] [] [] [] [] [] [] [] [] [] [] [] [] [] [] [] [] [] [] [] [] [] [] [] [] [] [] [] [] [] [] [] [] [] []
63 [] [3] [1 2 3] [1 2 3 4 6] [1 2 3 4 5 6 7 9 11] [1 2 3 4 5 6 7] [1 3] [1 2 3 7 8 9] [2] [1] [1 2 3 4 5 6 7 10] [1 3 5 29] [5 29] [1 3 5] [1 2 3 4 6 7 8 9] [2 5 7] [1 2 3 4 5 6 7 8 10 14] [2 3 4] [1 2 3 4 5 6 7 8 9 10] [1 2 4 7 8 10] [1 2 3 4 5 6 7 8] [1 2 3 5 6 7 9] [1 2 5 7 8] [1 2 6 10] [1 2 3 4 5 6 8 10 11 13] [1 2 3 4 5 6 7 9 11 12] [1 2 3 4 5 6 7 8 9] [1 2] [2 3 6 7] [1 2 3 4 5] [5] [1 2 3 4 5 6 7 8 10 29] [1 2 3 4 5 6 7 8 29] [1 2 3 4 5 6 7 10 11 13] [2 3] [1 2 3 6 7] [2 6] [1 2 3 5] [1 2 3 4 5 6 7 8 9 10 12 29] [1 4] [1 2 7 8 10] [1 2 3 4 5 6 7 8 9 12 13] [1 2 3 5 6 8 9] [1 2 3 4 6 10 11 13] [1 2 3 7 8] [2 3 4 6 7] [1 2 4 6 7] [1 2 3 4 5 7 8] [1 6] [1 2 3 4 6 9] [1 2 3 4 5 6 8 9 10] [] [] [] [] [] [] [] [] [] [] [] [] [] [] [] [] [] [] [] [] [] [] [] [] [] [] [] [] [] [] [] [] [] [] [] [] [] [] [] [] [] [] []
64 [] [1 2 3 4 5 6 7 9 11] [1 2 3 4 5 6 7] [1 3] [1 2 3 7 8 9] [3] [2] [1] [1 2 3 4 5 6 7 10] [1 3 5 29] [1 2 3] [5 29] [1 3 5] [1 2 3 4 6] [1 2 3 4 6 7 8 9] [2 5 7] [1 2 3 4 5 6 7 8 10 14] [2 3 4] [1 2 3 4 5 6 7 8 9 10] [1 2 4 7 8 10] [1 2 3 4 5 6 7 8] [1 2 3 5 6 7 9] [1 2 5 7 8] [1 2 6 10] [1 2 3 4 5 6 8 10 11 13] [1 2 3 4 5 6 7 9 11 12] [1 2 3 4 5 6 7 8 9] [1 2] [2 3 6 7] [1 2 3 4 5] [5] [1 2 3 4 5 6 7 8 10 29] [1 2 3 4 5 6 7 8 29] [1 2 3 4 5 6 7 10 11 13] [2 3] [1 2 3 6 7] [2 6] [1 2 3 5] [1 2 3 4 5 6 7 8 9 10 12 29] [1 4] [1 2 7 8 10] [1 2 3 4 5 6 7 8 9 12 13] [1 2 3 5 6 8 9] [1 2 3 4 6 10 11 13] [1 2 3 7 8] [2 3 4 6 7] [1 2 4 6 7] [1 2 3 4 5 7 8] [1 6] [1 2 3 4 6 9] [1 2 3 4 5 6 8 9 10] [] [] [] [] [] [] [] [] [] [] [] [] [] [] [] [] [] [] [] [] [] [] [] [] [] [] [] [] [] [] [] [] [] [] [] [] [] [] [] [] [] [] []
65 [] [3] [1] [1 2 3 4 5 6 7 10] [1 3 5 29] [1 2 3] [1 3] [2] [5 29] [1 3 5] [1 2 3 4 6] [1 2 3 4 6 7 8 9] [2 5 7] [1 2 3 4 5 6 7 8 10 14] [2 3 4] [1 2 3 4 5 6 7 8 9 10] [1 2 4 7 8 10] [1 2 3 4 5 6 7] [1 2 3 4 5 6 7 8] [1 2 3 5 6 7 9] [1 2 5 7 8] [1 2 6 10] [1 2 3 4 5 6 8 10 11 13] [1 2 3 4 5 6 7 9 11 12] [1 2 3 4 5 6 7 8 9] [1 2] [2 3 6 7] [1 2 3 4 5] [5] [1 2 3 4 5 6 7 8 10 29] [1 2 3 4 5 6 7 8 29] [1 2 3 4 5 6 7 10 11 13] [2 3] [1 2 3 6 7] [2 6] [1 2 3 5] [1 2 3 4 5 6 7 8 9 10 12 29] [1 4] [1 2 7 8 10] [1 2 3 4 5 6 7 8 9 12 13] [1 2 3 5 6 8 9] [1 2 3 4 6 10 11 13] [1 2 3 7 8] [2 3 4 6 7] [1 2 4 6 7] [1 2 3 4 5 7 8] [1 6] [1 2 3 4 6 9] [1 2 3 4 5 6 8 9 10] [] [] [] [] [] [] [] [] [] [] [] [] [] [] [] [] [] [] [] [] [] [] [] [] [] [] [] [] [] [] [] [] [] [] [] [] [] [] [] [] [] [] [] [] []
66 [] [1 3 5 29] [1 2 3] [1 4 5 6 8 12] [1] [1 2 3 4 5 6 7 8] [1 3] [2] [5 29] [1 3 5] [1 2 3 4 6] [1 2 3 4 6 7 8 9] [2 5 7] [1 2 3 4 5 6 7 8 10 14] [2 3 4] [1 2 3 4 5 6 7 8 9 10] [1 2 4 7 8 10] [1 2 3 4 5 6 7] [1 2 3 5 6 7 9] [1 2 5 7 8] [1 2 6 10] [1 2 3 4 5 6 8 10 11 13] [1 2 3 4 5 6 7 9 11 12] [1 2 3 4 5 6 7 8 9] [1 2] [2 3 6 7] [1 2 3 4 5] [5] [1 2 3 4 5 6 7 8 10 29] [1 2 3 4 5 6 7 8 29] [1 2 3 4 5 6 7 10 11 13] [2 3] [1 2 3 6 7] [2 6] [1 2 3 5] [1 2 3 4 5 6 7 8 9 10 12 29] [1 4] [1 2 7 8 10] [1 2 3 4 5 6 7 8 9 12 13] [1 2 3 5 6 8 9] [1 2 3 4 6 10 11 13] [1 2 3 7 8] [2 3 4 6 7] [1 2 4 6 7] [1 2 3 4 5 7 8] [1 6] [3] [1 2 3 4 6 9] [1 2 3 4 5 6 8 9 10] [] [] [] [] [] [] [] [] [] [] [] [] [] [] [] [] [] [] [] [] [] [] [] [] [] [] [] [] [] [] [] [] [] [] [] [] [] [] [] [] [] [] [] [] []
67 [] [5 29] [1 3] [1] [1 3 5] [1 4] [1 2 3 4 6] [1 2 3 4 6 7 8 9] [2 5 7] [1 2 3 4 5 6 7 8 10 14] [2 3 4] [1 2 3 4 5 6 7 8 9 10] [1 2 4 7 8 10] [1 2 3 4 5 6 7] [2] [1 2 3 4 5 6 7 8] [1 2 3 5 6 7 9] [1 2 5 7 8] [1 2 6 10] [1 2 3 4 5 6 8 10 11 13] [1 2 3] [1 2 3 4 5 6 7 9 11 12] [1 2 3 4 5 6 7 8 9] [1 2] [2 3 6 7] [1 2 3 4 5] [5] [1 2 3 4 5 6 7 8 10 29] [1 2 3 4 5 6 7 8 29] [1 2 3 4 5 6 7 10 11 13] [2 3] [1 2 3 6 7] [2 6] [1 2 3 5] [1 2 3 4 5 6 7 8 9 10 12 29] [1 2 7 8 10] [1 2 3 4 5 6 7 8 9 12 13] [1 2 3 5 6 8 9] [1 2 3 4 6 10 11 13] [1 2 3 7 8] [2 3 4 6 7] [1 2 4 6 7] [1 2 3 4 5 7 8] [1 6] [3] [1 2 3 4 6 9] [1 2 3 4 5 6 8 9 10] [] [] [] [] [] [] [] [] [] [] [] [] [] [] [] [] [] [] [] [] [] [] [] [] [] [] [] [] [] [] [] [] [] [] [] [] [] [] [] [] [] [] [] [] [] [] []
68 [] [1] [1 4] [1 2 3 4 6] [1 2 3 4 6 7 8 9] [2 5 7] [1 2 3 4 5 6 7 8 10 14] [5 29] [2 3 4] [1 2 3 4 5 6 7 8 9 10] [1 2 4 7 8 10] [1 2 3 4 5 6 7] [2] [1 2 3 4 5 6 7 8] [1 2 3 5 6 7 9] [1 2 5 7 8] [1 2 6 10] [1 2 3 4 5 6 8 10 11 13] [1 2 3] [1 2 3 4 5 6 7 9 11 12] [1 2 3 4 5 6 7 8 9] [1 3] [1 2] [2 3 6 7] [1 2 3 4 5] [5] [1 2 3 4 5 6 7 8 10 29] [1 2 3 4 5 6 7 8 29] [1 2 3 4 5 6 7 10 11 13] [2 3] [1 2 3 6 7] [2 6] [1 2 3 5] [1 2 3 4 5 6 7 8 9 10 12 29] [1 2 7 8 10] [1 2 3 4 5 6 7 8 9 12 13] [1 2 3 5 6 8 9] [1 2 3 4 6 10 11 13] [1 2 3 7 8] [2 3 4 6 7] [1 2 4 6 7] [1 2 3 4 5 7 8] [1 6] [3] [1 2 3 4 6 9] [1 2 3 4 5 6 8 9 10] [] [] [] [] [] [] [] [] [] [] [] [] [] [] [] [] [] [] [] [] [] [] [] [] [] [] [] [] [] [] [] [] [] [] [] [] [] [] [] [] [] [] [] [] [] [] [] []
69 [] [1 2 3 4 6] [1 2 3 4 6 7 8 9] [2 5 7] [1 2 3 4 5 6 7 8 10 14] [5 29] [1] [2 3 4] [1 2 3 4 5 6 7 8 9 10] [1 2 4 7 8 10] [1 2 3 4 5 6 7] [2] [1 2 3 4 5 6 7 8] [1 2 3 5 6 7 9] [1 2 5 7 8] [1 2 6 10] [1 2 3 4 5 6 8 10 11 13] [1 2 3] [1 2 3 4 5 6 7 9 11 12] [1 2 3 4 5 6 7 8 9] [1 3] [1 2] [2 3 6 7] [1 2 3 4 5] [5] [1 2 3 4 5 6 7 8 10 29] [1 2 3 4 5 6 7 8 29] [1 2 3 4 5 6 7 10 11 13] [2 3] [1 2 3 6 7] [2 6] [1 2 3 5] [1 2 3 4 5 6 7 8 9 10 12 29] [1 4] [1 2 7 8 10] [1 2 3 4 5 6 7 8 9 12 13] [1 2 3 5 6 8 9] [1 2 3 4 6 10 11 13] [1 2 3 7 8] [2 3 4 6 7] [1 2 4 6 7] [1 2 3 4 5 7 8] [1 6] [3] [1 2 3 4 6 9] [1 2 3 4 5 6 8 9 10] [] [] [] [] [] [] [] [] [] [] [] [] [] [] [] [] [] [] [] [] [] [] [] [] [] [] [] [] [] [] [] [] [] [] [] [] [] [] [] [] [] [] [] [] [] [] [] []
70 [] [2 5 7] [2 5 6 7 9 11 12] [1 2 3 4 5 6 7 8 10 14] [5 29] [1] [2 3 4] [1 2 3 4 5 6 7 8 9 10] [1 2 4 7 8 10] [1 2 3 4 5 6 7] [2] [1 2 3 4 5 6 7 8] [1 2 3 5 6 7 9] [1 2 5 7 8] [1 2 6 10] [1 2 3 4 5 6 8 10 11 13] [1 2 3] [1 2 3 4 5 6 7 9 11 12] [1 2 3 4 5 6 7 8 9] [1 3] [1 2] [2 3 6 7] [1 2 3 4 5] [1 2 3 4 6] [5] [1 2 3 4 5 6 7 8 10 29] [1 2 3 4 5 6 7 8 29] [1 2 3 4 5 6 7 10 11 13] [2 3] [1 2 3 6 7] [2 6] [1 2 3 5] [1 2 3 4 5 6 7 8 9 10 12 29] [1 4] [1 2 7 8 10] [1 2 3 4 5 6 7 8 9 12 13] [1 2 3 5 6 8 9] [1 2 3 4 6 10 11 13] [1 2 3 7 8] [2 3 4 6 7] [1 2 4 6 7] [1 2 3 4 5 7 8] [1 6] [3] [1 2 3 4 6 9] [1 2 3 4 5 6 8 9 10] [] [] [] [] [] [] [] [] [] [] [] [] [] [] [] [] [] [] [] [] [] [] [] [] [] [] [] [] [] [] [] [] [] [] [] [] [] [] [] [] [] [] [] [] [] [] [] []
71 [] [2 3 4] [1] [1 4] [2 3] [1 2 3 4 5 6 7 8 9 10] [1 2 4 7 8 10] [1 2 3 4 5 6 7] [2] [1 2 3 4 5 6 7 8] [1 2 3 5 6 7 9] [1 2 5 7 8] [1 2 6 10] [1 2 3 4 5 6 8 10 11 13] [1 2 3] [1 2 3 4 5 6 7 9 11 12] [1 2 3 4 5 6 7 8 9] [1 3] [1 2] [2 3 6 7] [1 2 3 4 5] [1 2 3 4 6] [5] [1 2 3 4 5 6 7 8 10 29] [1 2 3 4 5 6 7 8 29] [1 2 3 4 5 6 7 10 11 13] [1 2 3 6 7] [2 6] [1 2 3 5] [1 2 3 4 5 6 7 8 9 10 12 29] [1 2 7 8 10] [1 2 3 4 5 6 7 8 9 12 13] [1 2 3 5 6 8 9] [1 2 3 4 6 10 11 13] [1 2 3 7 8] [2 3 4 6 7] [1 2 4 6 7] [1 2 3 4 5 7 8] [1 6] [3] [1 2 3 4 6 9] [1 2 3 4 5 6 8 9 10] [] [] [] [] [] [] [] [] [] [] [] [] [] [] [] [] [] [] [] [] [] [] [] [] [] [] [] [] [] [] [] [] [] [] [] [] [] [] [] [] [] [] [] [] [] [] [] [] [] [] [] []
72 [] [2 3] [1 2 3 4 5 6 7 8 9 10] [1 2 4 7 8 10] [1] [1 2 3 4 5 6 7] [2] [1 2 3 4 5 6 7 8] [1 2 3 5 6 7 9] [1 2 5 7 8] [1 2 6 10] [1 2 3 4 5 6 8 10 11 13] [1 2 3] [1 2 3 4 5 6 7 9 11 12] [1 2 3 4 5 6 7 8 9] [1 3] [1 2] [2 3 6 7] [1 2 3 4 5] [1 2 3 4 6] [5] [1 2 3 4 5 6 7 8 10 29] [1 2 3 4 5 6 7 8 29] [1 2 3 4 5 6 7 10 11 13] [2 3 4] [1 2 3 6 7] [2 6] [1 2 3 5] [1 2 3 4 5 6 7 8 9 10 12 29] [1 4] [1 2 7 8 10] [1 2 3 4 5 6 7 8 9 12 13] [1 2 3 5 6 8 9] [1 2 3 4 6 10 11 13] [1 2 3 7 8] [2 3 4 6 7] [1 2 4 6 7] [1 2 3 4 5 7 8] [1 6] [3] [1 2 3 4 6 9] [1 2 3 4 5 6 8 9 10] [] [] [] [] [] [] [] [] [] [] [] [] [] [] [] [] [] [] [] [] [] [] [] [] [] [] [] [] [] [] [] [] [] [] [] [] [] [] [] [] [] [] [] [] [] [] [] [] [] [] [] []
73 [] [1 2 3 4 5 6 7 8 9 10] [1 2 4 7 8 10] [1] [1 2 3 4 5 6 7] [1 2 3 4 5 6 7 8] [1 2 3 5 6 7 9] [1 2 5 7 8] [1 2 6 10] [1 2 3 4 5 6 8 10 11 13] [1 2 3] [2] [1 2 3 4 5 6 7 9 11 12] [1 2 3 4 5 6 7 8 9] [1 3] [1 2] [2 3 6 7] [1 2 3 4 5] [1 2 3 4 6] [5] [1 2 3 4 5 6 7 8 10 29] [1 2 3 4 5 6 7 8 29] [1 2 3 4 5 6 7 10 11 13] [2 3] [2 3 4] [1 2 3 6 7] [2 6] [1 2 3 5] [1 2 3 4 5 6 7 8 9 10 12 29] [1 4] [1 2 7 8 10] [1 2 3 4 5 6 7 8 9 12 13] [1 2 3 5 6 8 9] [1 2 3 4 6 10 11 13] [1 2 3 7 8] [2 3 4 6 7] [1 2 4 6 7] [1 2 3 4 5 7 8] [1 6] [3] [1 2 3 4 6 9] [1 2 3 4 5 6 8 9 10] [] [] [] [] [] [] [] [] [] [] [] [] [] [] [] [] [] [] [] [] [] [] [] [] [] [] [] [] [] [] [] [] [] [] [] [] [] [] [] [] [] [] [] [] [] [] [] [] [] [] [] []
74 [] [1 2 4 7 8 10] [1] [1 2 3 4 5 6 7] [1 2 3 5 6 7 9] [1 2 5 7 8] [1 2 6 10] [1 2 3 4 5 6 8 10 11 13] [1 2 3] [2] [1 2 3 4 5 6 7 8] [1 2 3 4 5 6 7 9 11 12] [1 2 3 4 5 6 7 8 9] [1 3] [1 2] [2 3 6 7] [1 2 3 4 5] [1 2 3 4 6] [5] [1 2 3 4 5 6 7 8 10 29] [1 2 3 4 5 6 7 8 29] [1 2 3 4 5 6 7 10 11 13] [2 3] [2 3 4] [1 2 3 6 7] [2 6] [1 2 3 5] [1 2 3 4 5 6 7 8 9 10 12 29] [1 4] [1 2 7 8 10] [1 2 3 4 5 6 7 8 9 12 13] [1 2 3 5 6 8 9] [1 2 3 4 6 10 11 13] [1 2 3 7 8] [2 3 4 6 7] [1 2 4 6 7] [1 2 3 4 5 6 7 8 9 10] [1 2 3 4 5 7 8] [1 6] [3] [1 2 3 4 6 9] [1 2 3 4 5 6 8 9 10] [] [] [] [] [] [] [] [] [] [] [] [] [] [] [] [] [] [] [] [] [] [] [] [] [] [] [] [] [] [] [] [] [] [] [] [] [] [] [] [] [] [] [] [] [] [] [] [] [] [] [] []
75 [] [1] [1 2 3 4 5 6 7] [1 2 6 10] [1 2 3 4 5 6 8 10 11 13] [1 2 3] [2] [1 2 3 4 5 6 7 8] [1 2 3 4 5 6 7 9 11 12] [1 2 3 4 5 6 7 8 9] [1 3] [1 2] [2 3 6 7] [1 2 3 4 5] [1 2 3 4 6] [5] [1 2 3 4 5 6 7 8 10 29] [1 2 3 4 5 6 7 8 29] [1 2 3 4 5 6 7 10 11 13] [2 3] [2 3 4] [1 2 3 6 7] [2 6] [1 2 3 5] [1 2 3 4 5 6 7 8 9 10 12 29] [1 4] [1 2 7 8 10] [1 2 3 4 5 6 7 8 9 12 13] [1 2 3 5 6 8 9] [1 2 3 4 6 10 11 13] [1 2 3 7 8] [2 3 4 6 7] [1 2 4 6 7] [1 2 3 4 5 6 7 8 9 10] [1 2 3 4 5 7 8] [1 6] [3] [1 2 3 4 6 9] [1 2 3 4 5 6 8 9 10] [] [] [] [] [] [] [] [] [] [] [] [] [] [] [] [] [] [] [] [] [] [] [] [] [] [] [] [] [] [] [] [] [] [] [] [] [] [] [] [] [] [] [] [] [] [] [] [] [] [] [] [] [] [] []
76 [] [1] [1 2 3 4 5 6 7] [1 2 6 10] [1 2 3 4 5 7] [1 2 3 4 5 6 8 10 11 13] [1 2 3] [2] [1 2 3 4 5 6 7 8] [1 2 3 4 5 6 7 9 11 12] [1 2 3 4 5 6 7 8 9] [1 3] [1 2] [2 3 6 7] [1 2 3 4 5] [1 2 3 4 6] [5] [1 2 3 4 5 6 7 8 10 29] [1 2 3 4 5 6 7 8 29] [1 2 3 4 5 6 7 10 11 13] [2 3] [2 3 4] [1 2 3 6 7] [2 6] [1 2 3 5] [1 2 3 4 5 6 7 8 9 10 12 29] [1 4] [1 2 7 8 10] [1 2 3 4 5 6 7 8 9 12 13] [1 2 3 5 6 8 9] [1 2 3 4 6 10 11 13] [1 2 3 7 8] [2 3 4 6 7] [1 2 4 6 7] [1 2 3 4 5 6 7 8 9 10] [1 2 3 4 5 7 8] [1 6] [3] [1 2 3 4 6 9] [1 2 3 4 5 6 8 9 10] [] [] [] [] [] [] [] [] [] [] [] [] [] [] [] [] [] [] [] [] [] [] [] [] [] [] [] [] [] [] [] [] [] [] [] [] [] [] [] [] [] [] [] [] [] [] [] [] [] [] [] [] [] []
77 [] [1 2 3 4 5 6 7] [1 2 3 4 5 7] [1] [1 2 3 4 5 6 8 10 11 13] [1 2 3] [2] [1 2 3 4 5 6 7 8] [1 2 3 4 5 6 7 9 11 12] [1 2 3 4 5 6 7 8 9] [1 3] [1 2] [2 3 6 7] [1 2 3 4 5] [1 2 3 4 6] [5] [1 2 3 4 5 6 7 8 10 29] [1 2 3 4 5 6 7 8 29] [1 2 3 4 5 6 7 10 11 13] [2 3] [2 3 4] [1 2 3 6 7] [2 6] [1 2 3 5] [1 2 3 4 5 6 7 8 9 10 12 29] [1 4] [1 2 7 8 10] [1 2 3 4 5 6 7 8 9 12 13] [1 2 3 5 6 8 9] [1 2 3 4 6 10 11 13] [1 2 3 7 8] [2 3 4 6 7] [1 2 4 6 7] [1 2 3 4 5 6 7 8 9 10] [1 2 3 4 5 7 8] [1 6] [3] [1 2 3 4 6 9] [1 2 3 4 5 6 8 9 10] [] [] [] [] [] [] [] [] [] [] [] [] [] [] [] [] [] [] [] [] [] [] [] [] [] [] [] [] [] [] [] [] [] [] [] [] [] [] [] [] [] [] [] [] [] [] [] [] [] [] [] [] [] [] []
78 [] [1 2 3 4 5 7] [1 2 3 4 5 6 7] [1 2 3 4 5 6 7 8 9 10] [1 2 3 4 5 6 8 10 11 13] [1 2 3] [2] [1 2 3 4 5 6 7 8] [1 2 3 4 5 6 7 9 11 12] [1] [1 2 3 4 5 6 7 8 9] [1 3] [1 2] [2 3 6 7] [1 2 3 4 5] [1 2 3 4 6] [5] [1 2 3 4 5 6 7 8 10 29] [1 2 3 4 5 6 7 8 29] [1 2 3 4 5 6 7 10 11 13] [2 3] [2 3 4] [1 2 3 6 7] [2 6] [1 2 3 5] [1 2 3 4 5 6 7 8 9 10 12 29] [1 4] [1 2 7 8 10] [1 2 3 4 5 6 7 8 9 12 13] [1 2 3 5 6 8 9] [1 2 3 4 6 10 11 13] [1 2 3 7 8] [2 3 4 6 7] [1 2 4 6 7] [1 2 3 4 5 7 8] [1 6] [3] [1 2 3 4 6 9] [1 2 3 4 5 6 8 9 10] [] [] [] [] [] [] [] [] [] [] [] [] [] [] [] [] [] [] [] [] [] [] [] [] [] [] [] [] [] [] [] [] [] [] [] [] [] [] [] [] [] [] [] [] [] [] [] [] [] [] [] [] [] [] []
79 [] [1 2 3 4 5 6 7 8 9 10] [1 2 3 4 5 6 7] [1 2 3] [2] [1 2 3 4 5 6 7 8] [1 2 3 4 5 6 7 9 11 12] [1] [1 2 3 4 5 6 7 8 9] [1 3] [1 2] [2 3 6 7] [1 2 3 4 5] [1 2 3 4 6] [5] [1 2 3 4 5 6 7 8 10 29] [1 2 3 4 5 6 7 8 29] [1 2 3 4 5 6 7 10 11 13] [2 3] [2 3 4] [1 2 3 6 7] [2 6] [1 2 3 5] [1 2 3 4 5 6 7 8 9 10 12 29] [1 4] [1 2 7 8 10] [1 2 3 4 5 6 7 8 9 12 13] [1 2 3 5 6 8 9] [1 2 3 4 6 10 11 13] [1 2 3 7 8] [2 3 4 6 7] [1 2 4 6 7] [1 2 3 4 5 7 8] [1 6] [3] [1 2 3 4 6 9] [1 2 3 4 5 6 8 9 10] [] [] [] [] [] [] [] [] [] [] [] [] [] [] [] [] [] [] [] [] [] [] [] [] [] [] [] [] [] [] [] [] [] [] [] [] [] [] [] [] [] [] [] [] [] [] [] [] [] [] [] [] [] [] [] [] []
80 [] [1 2 3] [2] [1 2 3 4 5 6 7 8] [1 2 3 4 5 6 7 9 11 12] [1] [1 2 3 4 5 6 7 8 9] [1 3] [1 2] [2 3 6 7] [1 2 3 4 5] [1 2 3 4 6] [5] [1 2 3 4 5 6 7 8 10 29] [1 2 3 4 5 6 7 8 29] [1 2 3 4 5 6 7 10 11 13] [2 3] [2 3 4] [1 2 3 6 7] [2 6] [1 2 3 5] [1 2 3 4 5 6 7 8 9 10 12 29] [1 4] [1 2 7 8 10] [1 2 3 4 5 6 7 8 9 12 13] [1 2 3 5 6 8 9] [1 2 3 4 6 10 11 13] [1 2 3 7 8] [2 3 4 6 7] [1 2 4 6 7] [1 2 3 4 5 6 7 8 9 10] [1 2 3 4 5 7 8] [1 6] [3] [1 2 3 4 6 9] [1 2 3 4 5 6 8 9 10] [] [] [] [] [] [] [] [] [] [] [] [] [] [] [] [] [] [] [] [] [] [] [] [] [] [] [] [] [] [] [] [] [] [] [] [] [] [] [] [] [] [] [] [] [] [] [] [] [] [] [] [] [] [] [] [] [] []
81 [] [1 2] [1 4] [1 3 4 6] [2 3 6 7] [1] [1 2 3 4 5] [1 2 3 4 5 6 7 8] [1 3] [2] [1 2 3 4 6] [5] [1 2 3 4 5 6 7 8 10 29] [1 2 3 4 5 6 7 8 29] [1 2 3 4 5 6 7 10 11 13] [2 3] [2 3 4] [1 2 3 6 7] [2 6] [1 2 3 5] [1 2 3] [1 2 3 4 5 6 7 8 9 10 12 29] [1 2 7 8 10] [1 2 3 4 5 6 7 8 9 12 13] [1 2 3 5 6 8 9] [1 2 3 4 6 10 11 13] [1 2 3 4 5 6 7 8 9] [1 2 3 7 8] [2 3 4 6 7] [1 2 4 6 7] [1 2 3 4 5 6 7 8 9 10] [1 2 3 4 5 7 8] [1 6] [3] [1 2 3 4 6 9] [1 2 3 4 5 6 8 9 10] [] [] [] [] [] [] [] [] [] [] [] [] [] [] [] [] [] [] [] [] [] [] [] [] [] [] [] [] [] [] [] [] [] [] [] [] [] [] [] [] [] [] [] [] [] [] [] [] [] [] [] [] [] [] [] [] [] []
82 [] [2 3 6 7] [1] [1 2 3 4 5] [1 2 3 4 5 6 7 8] [1 3] [2] [1 2 3 4 6] [1 2] [5] [1 2 3 4 5 6 7 8 10 29] [1 2 3 4 5 6 7 8 29] [1 2 3 4 5 6 7 10 11 13] [2 3] [2 3 4] [1 2 3 6 7] [2 6] [1 2 3 5] [1 2 3] [1 2 3 4 5 6 7 8 9 10 12 29] [1 4] [1 2 7 8 10] [1 2 3 4 5 6 7 8 9 12 13] [1 2 3 5 6 8 9] [1 2 3 4 6 10 11 13] [1 2 3 4 5 6 7 8 9] [1 2 3 7 8] [2 3 4 6 7] [1 2 4 6 7] [1 2 3 4 5 6 7 8 9 10] [1 2 3 4 5 7 8] [1 6] [3] [1 2 3 4 6 9] [1 2 3 4 5 6 8 9 10] [] [] [] [] [] [] [] [] [] [] [] [] [] [] [] [] [] [] [] [] [] [] [] [] [] [] [] [] [] [] [] [] [] [] [] [] [] [] [] [] [] [] [] [] [] [] [] [] [] [] [] [] [] [] [] [] [] [] []
83 [] [1] [1 2 3 4 5] [1 2 3 4 6] [1 2 3 4 5 6 7 8] [1 2 3] [1 3] [2] [1 2] [5] [1 2 3 4 5 6 7 8 10 29] [1 2 3 4 5 6 7 8 29] [1 2 3 4 5 6 7 10 11 13] [2 3] [2 3 4] [1 2 3 6 7] [2 6] [1 2 3 5] [1 2 3 4 5 6 7 8 9 10 12 29] [1 4] [1 2 7 8 10] [1 2 3 4 5 6 7 8 9 12 13] [1 2 3 5 6 8 9] [1 2 3 4 6 10 11 13] [1 2 3 4 5 6 7 8 9] [1 2 3 7 8] [2 3 4 6 7] [1 2 4 6 7] [1 2 3 4 5 6 7 8 9 10] [1 2 3 4 5 7 8] [1 6] [3] [1 2 3 4 6 9] [1 2 3 4 5 6 8 9 10] [] [] [] [] [] [] [] [] [] [] [] [] [] [] [] [] [] [] [] [] [] [] [] [] [] [] [] [] [] [] [] [] [] [] [] [] [] [] [] [] [] [] [] [] [] [] [] [] [] [] [] [] [] [] [] [] [] [] [] []
84 [] [1] [1 3] [2] [1 2 3 4 6] [1 2] [5] [1 2 3 4 5 6 7 8 10 29] [1 2 3 4 5 6 7 8 29] [1 2 3 4 5 6 7 10 11 13] [2 3] [2 3 4] [1 2 3 6 7] [2 6] [1 2 3 5] [1 2 3] [1 2 3 4 5] [1 2 3 4 5 6 7 8 9 10 12 29] [1 4] [1 2 7 8 10] [1 2 3 4 5 6 7 8 9 12 13] [1 2 3 5 6 8 9] [1 2 3 4 5 6 7 8] [1 2 3 4 6 10 11 13] [1 2 3 4 5 6 7 8 9] [1 2 3 7 8] [2 3 4 6 7] [1 2 4 6 7] [1 2 3 4 5 6 7 8 9 10] [1 2 3 4 5 7 8] [1 6] [3] [1 2 3 4 6 9] [1 2 3 4 5 6 8 9 10] [] [] [] [] [] [] [] [] [] [] [] [] [] [] [] [] [] [] [] [] [] [] [] [] [] [] [] [] [] [] [] [] [] [] [] [] [] [] [] [] [] [] [] [] [] [] [] [] [] [] [] [] [] [] [] [] [] [] [] []
85 [] [2] [1 2 3 4 6] [1 2] [5] [1 2 3 4 5 6 7 8 10 29] [1 2 3 4 5 6 7 8 29] [1 2 3 4 5 6 7 10 11 13] [1] [2 3] [2 3 4] [1 2 3 6 7] [2 6] [1 2 3 5] [1 2 3] [1 2 3 4 5] [1 2 3 4 5 6 7 8 9 10 12 29] [1 4] [1 2 7 8 10] [1 2 3 4 5 6 7 8 9 12 13] [1 2 3 5 6 8 9] [1 2 3 4 5 6 7 8] [1 2 3 4 6 10 11 13] [1 2 3 4 5 6 7 8 9] [1 2 3 7 8] [2 3 4 6 7] [1 2 4 6 7] [1 3] [1 2 3 4 5 6 7 8 9 10] [1 2 3 4 5 7 8] [1 6] [3] [1 2 3 4 6 9] [1 2 3 4 5 6 8 9 10] [] [] [] [] [] [] [] [] [] [] [] [] [] [] [] [] [] [] [] [] [] [] [] [] [] [] [] [] [] [] [] [] [] [] [] [] [] [] [] [] [] [] [] [] [] [] [] [] [] [] [] [] [] [] [] [] [] [] [] []
86 [] [1 2 3 4 5 6 7 8 29] [1 2 3 4 5 6 7 10 11 13] [1] [2] [5] [2 3] [2 3 4] [1 2 3 6 7] [2 6] [1 2] [1 2 3 5] [1 2 3] [1 2 3 4 5] [1 2 3 4 5 6 7 8 9 10 12 29] [1 4] [1 2 7 8 10] [1 2 3 4 5 6 7 8 9 12 13] [1 2 3 5 6 8 9] [1 2 3 4 5 6 7 8] [1 2 3 4 6 10 11 13] [1 2 3 4 5 6 7 8 9] [1 2 3 7 8] [2 3 4 6 7] [1 2 4 6 7] [1 3] [1 2 3 4 5 6 7 8 9 10] [1 2 3 4 5 7 8] [1 6] [3] [1 2 3 4 6 9] [1 2 3 4 5 6 8 9 10] [] [] [] [] [] [] [] [] [] [] [] [] [] [] [] [] [] [] [] [] [] [] [] [] [] [] [] [] [] [] [] [] [] [] [] [] [] [] [] [] [] [] [] [] [] [] [] [] [] [] [] [] [] [] [] [] [] [] [] [] [] []
87 [] [2 3 4] [1 2 3 6 7] [1] [2 6] [1 2] [1 2 3 4 5 6] [1 2 3 5] [1 2 3] [1 2 3 4 5] [1 2 3 4 5 6 7 8 9 10 12 29] [1 4] [1 2 7 8 10] [1 2 3 4 5 6 7 8 9 12 13] [1 2 3 5 6 8 9] [1 2 3 4 5 6 7 8] [1 2 3 4 6 10 11 13] [1 2 3 4 5 6 7 8 9] [2] [1 2 3 7 8] [2 3 4 6 7] [1 2 4 6 7] [1 3] [1 2 3 4 5 6 7 8 9 10] [1 2 3 4 5 7 8] [1 6] [3] [1 2 3 4 6 9] [1 2 3 4 5 6 8 9 10] [] [] [] [] [] [] [] [] [] [] [] [] [] [] [] [] [] [] [] [] [] [] [] [] [] [] [] [] [] [] [] [] [] [] [] [] [] [] [] [] [] [] [] [] [] [] [] [] [] [] [] [] [] [] [] [] [] [] [] [] [] [] [] [] []
88 [] [1] [1 2 3 5] [1 2 3] [1 2 3 4 5] [1 2 3 4 5 6 7 8 9 10 12 29] [1 4] [1 2 7 8 10] [1 2 3 4 5 6 7 8 9 12 13] [1 2 3 5 6 8 9] [1 2 3 4 5 6 7 8] [1 2] [1 2 3 4 6 10 11 13] [1 2 3 4 5 6 7 8 9] [2] [1 2 3 7 8] [2 3 4 6 7] [1 2 3 6 7] [1 2 4 6 7] [1 3] [1 2 3 4 5 6 7 8 9 10] [2 6] [1 2 3 4 5 7 8] [1 6] [3] [1 2 3 4 6 9] [1 2 3 4 5 6 8 9 10] [] [] [] [] [] [] [] [] [] [] [] [] [] [] [] [] [] [] [] [] [] [] [] [] [] [] [] [] [] [] [] [] [] [] [] [] [] [] [] [] [] [] [] [] [] [] [] [] [] [] [] [] [] [] [] [] [] [] [] [] [] [] [] [] [] [] []
89 [] [1 2 3 5] [1] [1 2 3 4 5] [1 2 3 4 5 6 7 8 9 10 12 29] [1 4] [1 2 3 4 5 6 7 8 9 12 13] [1 2 3 5 6 8 9] [1 2 3 4 5 6 7 8] [1 2] [1 2 3 4 6 10 11 13] [1 2 3 4 5 6 7 8 9] [2] [1 2 3 7 8] [2 3 4 6 7] [1 2 3 6 7] [1 2 4 6 7] [1 3] [1 2 3 4 5 6 7 8 9 10] [2 6] [1 2 3 4 5 7 8] [1 6] [3] [1 2 3 4 6 9] [1 2 3 4 5 6 8 9 10] [] [] [] [] [] [] [] [] [] [] [] [] [] [] [] [] [] [] [] [] [] [] [] [] [] [] [] [] [] [] [] [] [] [] [] [] [] [] [] [] [] [] [] [] [] [] [] [] [] [] [] [] [] [] [] [] [] [] [] [] [] [] [] [] [] [] [] [] []
90 [] [1 2 3 4 5] [1 2 3 4 5 6 7 8 9 10 12 29] [1] [1 4] [1 2 3 4 5 6 7 8 9 12 13] [1 2 3 5 6 8 9] [1 2 3 4 5 6 7 8] [1 2] [1 2 3 4 6 10 11 13] [1 2 3 4 5 6 7 8 9] [2] [1 2 3 7 8] [2 3 4 6 7] [1 2 3 6 7] [1 2 4 6 7] [1 3] [1 2 3 4 5 6 7 8 9 10] [2 6] [1 2 3 4 5 7 8] [1 6] [3] [1 2 3 4 6 9] [1 2 3 4 5 6 8 9 10] [] [] [] [] [] [] [] [] [] [] [] [] [] [] [] [] [] [] [] [] [] [] [] [] [] [] [] [] [] [] [] [] [] [] [] [] [] [] [] [] [] [] [] [] [] [] [] [] [] [] [] [] [] [] [] [] [] [] [] [] [] [] [] [] [] [] [] [] [] []
91 [] [1] [1 4] [1 2 3 4 5 6 7 8 9 12 13] [1 2 3] [1 2 3 5 6] [1 2 3 5 6 8 9] [1 2 3 4 5 6 7 8] [1 2] [1 2 3 4 6 10 11 13] [1 2 3 4 5 6 7 8 9] [2] [1 2 3 7 8] [2 3 4 6 7] [1 2 3 6 7] [1 2 4 6 7] [1 3] [1 2 3 4 5 6 7 8 9 10] [2 6] [1 2 3 4 5 7 8] [1 6] [3] [1 2 3 4 6 9] [1 2 3 4 5 6 8 9 10] [] [] [] [] [] [] [] [] [] [] [] [] [] [] [] [] [] [] [] [] [] [] [] [] [] [] [] [] [] [] [] [] [] [] [] [] [] [] [] [] [] [] [] [] [] [] [] [] [] [] [] [] [] [] [] [] [] [] [] [] [] [] [] [] [] [] [] [] [] []
92 [] [1] [1 2 3 4 5 6 7] [1 2 3 4 5 6 7 8 9 12 13] [1 2 3] [1 2 3 5 6] [1 2] [1 2 3 5 6 8 9] [1 2 3 4 5 6 7 8] [1 2 3 4 6 10 11 13] [1 2 3 4 5 6 7 8 9] [2] [1 2 3 7 8] [2 3 4 6 7] [1 2 3 6 7] [1 2 4 6 7] [1 3] [1 2 3 4 5 6 7 8 9 10] [2 6] [1 2 3 4 5 7 8] [1 6] [3] [1 2 3 4 6 9] [1 2 3 4 5 6 8 9 10] [] [] [] [] [] [] [] [] [] [] [] [] [] [] [] [] [] [] [] [] [] [] [] [] [] [] [] [] [] [] [] [] [] [] [] [] [] [] [] [] [] [] [] [] [] [] [] [] [] [] [] [] [] [] [] [] [] [] [] [] [] [] [] [] [] [] [] [] [] []
93 [] [1 2 3 4 5 6 7 8 9 12 13] [1] [1 2 3] [1 2] [1 2 3 5 6 8 9] [1 2 3 4 5 6 7 8] [1 2 3 4 6 10 11 13] [1 2 3 4 5 6 7 8 9] [2] [1 2 3 7 8] [2 3 4 6 7] [1 2 3 6 7] [1 2 4 6 7] [1 3] [1 2 3 4 5 6 7 8 9 10] [2 6] [1 2 3 4 5 7 8] [1 6] [3] [1 2 3 4 6 9] [1 2 3 4 5 6 8 9 10] [] [] [] [] [] [] [] [] [] [] [] [] [] [] [] [] [] [] [] [] [] [] [] [] [] [] [] [] [] [] [] [] [] [] [] [] [] [] [] [] [] [] [] [] [] [] [] [] [] [] [] [] [] [] [] [] [] [] [] [] [] [] [] [] [] [] [] [] [] [] [] []
94 [] [1 2 3] [1 2] [2] [1 2 3 5 6 8 9] [1 2 3 4 5 6 7 8] [1 2 3 4 6 10 11 13] [1 2 3 4 5 6 7 8 9] [1] [1 2 3 7 8] [2 3 4 6 7] [1 2 3 6 7] [1 2 4 6 7] [1 3] [1 2 3 4 5 6 7 8 9 10] [2 6] [1 2 3 4 5 7 8] [1 6] [3] [1 2 3 4 6 9] [1 2 3 4 5 6 8 9 10] [] [] [] [] [] [] [] [] [] [] [] [] [] [] [] [] [] [] [] [] [] [] [] [] [] [] [] [] [] [] [] [] [] [] [] [] [] [] [] [] [] [] [] [] [] [] [] [] [] [] [] [] [] [] [] [] [] [] [] [] [] [] [] [] [] [] [] [] [] [] [] [] []
95 [] [2] [3] [1 2 3 5 6 8 9] [1 2 3 4 5 6 7 8 9] [1] [1 2] [1 2 3 7 8] [2 3 4 6 7] [1 2 3 6 7] [1 2 4 6 7] [1 3] [1 2 3 4 5 6 7 8 9 10] [2 6] [1 2 3 4 5 7 8] [1 6] [1 2 3 4 6 9] [1 2 3 4 5 6 8 9 10] [] [] [] [] [] [] [] [] [] [] [] [] [] [] [] [] [] [] [] [] [] [] [] [] [] [] [] [] [] [] [] [] [] [] [] [] [] [] [] [] [] [] [] [] [] [] [] [] [] [] [] [] [] [] [] [] [] [] [] [] [] [] [] [] [] [] [] [] [] [] [] [] [] [] [] []
96 [] [1 2 3 5 6 8 9] [1 2 3 4 5 6 7 8 9] [1] [2] [1 2] [1 2 3 7 8] [2 3 4 6 7] [1 2 3 6 7] [1 2 4 6 7] [1 3] [1 2 3 4 5 6 7 8 9 10] [2 6] [1 2 3 4 5 7 8] [1 6] [3] [1 2 3 4 6 9] [1 2 3 4 5 6 8 9 10] [] [] [] [] [] [] [] [] [] [] [] [] [] [] [] [] [] [] [] [] [] [] [] [] [] [] [] [] [] [] [] [] [] [] [] [] [] [] [] [] [] [] [] [] [] [] [] [] [] [] [] [] [] [] [] [] [] [] [] [] [] [] [] [] [] [] [] [] [] [] [] [] [] [] [] []
97 [] [1 2 3 4 5 6 7 8 9] [1] [2] [1 2] [1 2 3 7 8] [2 3 4 6 7] [1 2 3 6 7] [1 2 4 6 7] [1 3] [1 2 3 4 5 6 7 8 9 10] [2 6] [1 2 3 4 5 7 8] [1 6] [3] [1 2 3 4 6 9] [1 2 3 4 5 6 8 9 10] [] [] [] [] [] [] [] [] [] [] [] [] [] [] [] [] [] [] [] [] [] [] [] [] [] [] [] [] [] [] [] [] [] [] [] [] [] [] [] [] [] [] [] [] [] [] [] [] [] [] [] [] [] [] [] [] [] [] [] [] [] [] [] [] [] [] [] [] [] [] [] [] [] [] [] [] []
98 [] [1] [2] [1 2] [1 2 3 7 8] [2 3 4 6 7] [1 2 3 6 7] [1 2 4 6 7] [1 3] [1 2 3 4 5 6 7 8 9 10] [2 6] [1 2 3 4 5 7 8] [1 6] [3] [1 2 3 4 6 9] [1 2 3 4 5 6 8 9 10] [] [] [] [] [] [] [] [] [] [] [] [] [] [] [] [] [] [] [] [] [] [] [] [] [] [] [] [] [] [] [] [] [] [] [] [] [] [] [] [] [] [] [] [] [] [] [] [] [] [] [] [] [] [] [] [] [] [] [] [] [] [] [] [] [] [] [] [] [] [] [] [] [] [] [] [] [] []
99 [] [1] [1 2 3 7 8] [2 3 4 6 7] [1 2 3 6 7] [1 2 4 6 7] [1 3] [1 2 3 4 5 6 7 8 9 10] [2 6] [1 2 3 4 5 7 8] [1 6] [3] [1 2 3 4 6 9] [1 2 3 4 5 6 8 9 10] [] [] [] [] [] [] [] [] [] [] [] [] [] [] [] [] [] [] [] [] [] [] [] [] [] [] [] [] [] [] [] [] [] [] [] [] [] [] [] [] [] [] [] [] [] [] [] [] [] [] [] [] [] [] [] [] [] [] [] [] [] [] [] [] [] [] [] [] [] [] [] [] [] [] [] [] [] [] [] []
100 [] [1 2 3 7 8] [1] [1 3] [1 2 3 4 5 6 7 8 9 10] [2 6] [1 2 3 4 5 7 8] [1 6] [3] [1 2 3 4 6 9] [1 2 3 4 5 6 8 9 10] [] [] [] [] [] [] [] [] [] [] [] [] [] [] [] [] [] [] [] [] [] [] [] [] [] [] [] [] [] [] [] [] [] [] [] [] [] [] [] [] [] [] [] [] [] [] [] [] [] [] [] [] [] [] [] [] [] [] [] [] [] [] [] [] [] [] [] [] [] [] [] [] [] [] [] [] [] [] [] [] [] [] []
101 [] [1 3] [2 3] [1] [1 2 3 4 5 6 7 8 9 10] [2 6] [1 2 3 4 5 7 8] [1 6] [3] [1 2 3 4 6 9] [1 2 3 4 5 6 8 9 10] [] [] [] [] [] [] [] [] [] [] [] [] [] [] [] [] [] [] [] [] [] [] [] [] [] [] [] [] [] [] [] [] [] [] [] [] [] [] [] [] [] [] [] [] [] [] [] [] [] [] [] [] [] [] [] [] [] [] [] [] [] [] [] [] [] [] [] [] [] [] [] [] [] [] [] [] [] [] [] [] [] [] []
102 [] [1] [1 2 3 4 5 6 7 8 9 10] [1 2 3 4 5 7 8] [1 6] [3] [1 2 3 4 6 9] [1 2 3 4 5 6 8 9 10] [] [] [] [] [] [] [] [] [] [] [] [] [] [] [] [] [] [] [] [] [] [] [] [] [] [] [] [] [] [] [] [] [] [] [] [] [] [] [] [] [] [] [] [] [] [] [] [] [] [] [] [] [] [] [] [] [] [] [] [] [] [] [] [] [] [] [] [] [] [] [] [] [] [] [] [] [] [] [] [] [] [] [] [] [] []
103 [] [1 2 3 4 5 7 8] [1] [1 3 4 6 7] [1 6] [3] [1 2 3 4 6 9] [1 2 3 4 5 6 8 9 10] [] [] [] [] [] [] [] [] [] [] [] [] [] [] [] [] [] [] [] [] [] [] [] [] [] [] [] [] [] [] [] [] [] [] [] [] [] [] [] [] [] [] [] [] [] [] [] [] [] [] [] [] [] [] [] [] [] [] [] [] [] [] [] [] [] [] [] [] [] [] [] [] [] [] [] [] [] [] [] [] [] [] [] [] [] []
104 [] [1 3 4 6 7] [1 6] [1 2 3 4 5 6 7 8 9] [1] [3] [1 2 3 4 6 9] [1 2 3 4 5 6 8 9 10] [] [] [] [] [] [] [] [] [] [] [] [] [] [] [] [] [] [] [] [] [] [] [] [] [] [] [] [] [] [] [] [] [] [] [] [] [] [] [] [] [] [] [] [] [] [] [] [] [] [] [] [] [] [] [] [] [] [] [] [] [] [] [] [] [] [] [] [] [] [] [] [] [] [] [] [] [] [] [] [] [] [] [] [] [] []
105 [] [3] [1 2 3 4 6 9] [1] [1 2 3 4 5 6 8 9 10] [1 2 3 4 6] [] [] [] [] [] [] [] [] [] [] [] [] [] [] [] [] [] [] [] [] [] [] [] [] [] [] [] [] [] [] [] [] [] [] [] [] [] [] [] [] [] [] [] [] [] [] [] [] [] [] [] [] [] [] [] [] [] [] [] [] [] [] [] [] [] [] [] [] [] [] [] [] [] [] [] [] [] [] [] [] [] [] [] [] [] [] [] []
