interv day time team
1 276 0 1
2 12 90 70
3 334 0 1
4 12 105 13
5 136 0 1
6 137 0 1
7 138 0 1
8 1 0 1
9 139 0 1
10 140 0 1
11 141 0 1
12 160 90 64
13 335 0 1
14 2 0 1
15 1 60 3
16 276 60 2
17 277 0 1
18 336 0 1
19 3 0 1
20 337 0 1
21 277 60 2
22 329 75 2
23 335 60 3
24 26 75 64
25 278 0 1
26 329 90 9
27 338 0 1
28 339 0 1
29 278 60 2
30 3 15 2
31 329 105 9
32 4 0 1
33 142 0 1
34 3 30 4
35 143 0 1
36 279 0 1
37 337 60 3
38 5 0 1
39 144 0 1
40 145 0 1
41 145 15 2
42 340 0 1
43 340 60 2
44 341 0 1
45 146 0 1
46 147 0 1
47 341 60 2
48 6 0 1
49 7 0 1
50 160 105 68
51 342 0 1
52 343 0 1
53 5 60 3
54 279 60 2
55 344 0 1
56 343 15 3
57 345 0 1
58 148 0 1
59 280 0 1
60 135 60 7
61 281 0 1
62 337 75 3
63 26 90 76
64 26 105 74
65 141 60 6
66 8 0 1
67 3 90 9
68 143 60 5
69 149 0 1
70 150 0 1
71 150 60 2
72 151 0 1
73 9 0 1
74 346 0 1
75 152 0 1
76 347 0 1
77 337 90 3
78 337 105 3
79 340 75 10
80 3 105 9
81 282 0 1
82 153 0 1
83 145 75 9
84 10 0 1
85 153 60 2
86 145 90 11
87 279 75 6
88 348 0 1
89 349 0 1
90 283 0 1
91 340 90 12
92 345 15 4
93 145 105 1
94 350 0 1
95 351 0 1
96 11 0 1
97 154 0 1
98 9 60 3
99 352 0 1
100 353 0 1
101 154 60 2
102 154 75 3
103 354 0 1
104 279 90 2
105 355 0 1
106 284 0 1
107 155 0 1
108 12 0 1
109 154 90 5
110 156 0 1
111 157 0 1
112 279 105 9
113 282 60 3
114 13 0 1
115 14 0 1
116 158 0 1
117 159 0 1
118 160 0 1
119 285 0 1
120 286 0 1
121 161 0 1
122 162 0 1
123 12 60 3
124 287 0 1
125 15 0 1
126 15 60 2
127 288 0 1
128 289 0 1
129 155 60 1
130 290 0 1
131 355 60 2
132 154 105 9
133 163 0 1
134 164 0 1
135 291 0 1
136 16 0 1
137 17 0 1
138 18 0 1
139 19 0 1
140 165 0 1
141 16 60 4
142 20 0 1
143 356 0 1
144 21 0 1
145 356 60 2
146 160 15 1
147 22 0 1
148 23 0 1
149 292 0 1
150 293 0 1
151 293 15 2
152 12 75 13
153 24 0 1
154 25 0 1
155 26 0 1
156 294 0 1
157 166 0 1
158 27 0 1
159 28 0 1
160 160 30 6
161 295 0 1
162 29 0 1
163 30 0 1
164 293 75 5
165 295 60 2
166 357 0 1
167 357 60 2
168 358 0 1
169 359 0 1
170 360 0 1
171 293 90 5
172 361 0 1
173 362 0 1
174 363 0 1
175 364 0 1
176 365 0 1
177 296 0 1
178 297 0 1
179 298 0 1
180 293 105 9
181 299 0 1
182 300 0 1
183 301 0 1
184 302 0 1
185 302 60 2
186 303 0 1
187 304 0 1
188 304 60 2
189 305 0 1
190 306 0 1
191 307 0 1
192 308 0 1
193 309 0 1
194 304 75 2
195 304 90 5
196 310 0 1
197 311 0 1
198 307 60 3
199 312 0 1
200 312 15 2
201 313 0 1
202 304 105 3
203 314 0 1
204 314 60 2
205 312 75 6
206 315 0 1
207 316 0 1
208 317 0 1
209 318 0 1
210 312 90 10
211 319 0 1
212 312 105 1
213 319 60 2
214 320 0 1
215 321 0 1
216 322 0 1
217 323 0 1
218 324 0 1
219 319 75 6
220 325 0 1
221 325 60 2
222 326 0 1
223 327 0 1
224 328 0 1
225 319 90 2
226 329 0 1
227 329 60 2
228 319 105 12
229 330 0 1
230 331 0 1
231 332 0 1
232 333 0 1
233 167 0 1
234 168 0 1
235 169 0 1
236 170 0 1
237 171 0 1
238 172 0 1
239 173 0 1
240 174 0 1
241 175 0 1
242 176 0 1
243 177 0 1
244 178 0 1
245 179 0 1
246 180 0 1
247 181 0 1
248 182 0 1
249 183 0 1
250 184 0 1
251 185 0 1
252 186 0 1
253 187 0 1
254 188 0 1
255 189 0 1
256 190 0 1
257 191 0 1
258 192 0 1
259 193 0 1
260 194 0 1
261 195 0 1
262 196 0 1
263 197 0 1
264 198 0 1
265 199 0 1
266 200 0 1
267 201 0 1
268 202 0 1
269 203 0 1
270 204 0 1
271 205 0 1
272 206 0 1
273 207 0 1
274 208 0 1
275 209 0 1
276 210 0 1
277 211 0 1
278 212 0 1
279 213 0 1
280 214 0 1
281 215 0 1
282 216 0 1
283 217 0 1
284 218 0 1
285 219 0 1
286 220 0 1
287 221 0 1
288 222 0 1
289 223 0 1
290 224 0 1
291 225 0 1
292 226 0 1
293 227 0 1
294 228 0 1
295 228 60 2
296 229 0 1
297 229 60 2
298 230 0 1
299 230 60 2
300 231 0 1
301 231 60 2
302 232 0 1
303 232 60 2
304 233 0 1
305 233 60 2
306 234 0 1
307 234 60 1
308 235 0 1
309 235 60 2
310 236 0 1
311 236 60 2
312 237 0 1
313 237 60 2
314 238 0 1
315 238 60 2
316 239 0 1
317 239 60 2
318 240 0 1
319 240 60 2
320 241 0 1
321 241 60 2
322 242 0 1
323 242 60 2
324 243 0 1
325 243 60 2
326 244 0 1
327 244 60 2
328 245 0 1
329 245 60 2
330 246 0 1
331 246 60 2
332 247 0 1
333 247 60 2
334 248 0 1
335 248 60 2
336 249 0 1
337 249 60 2
338 250 0 1
339 250 60 2
340 251 0 1
341 251 60 2
342 252 0 1
343 252 60 2
344 253 0 1
345 253 60 2
346 254 0 1
347 254 60 2
348 255 0 1
349 255 60 2
350 256 0 1
351 256 60 2
352 257 0 1
353 257 60 2
354 258 0 1
355 258 60 2
356 259 0 1
357 259 60 2
358 260 0 1
359 260 60 2
360 261 0 1
361 261 60 2
362 262 0 1
363 262 60 2
364 263 0 1
365 263 60 1
366 264 0 1
367 264 60 2
368 265 0 1
369 265 60 2
370 266 0 1
371 266 60 2
372 267 0 1
373 267 60 2
374 268 0 1
375 268 60 2
376 269 0 1
377 269 60 2
378 270 0 1
379 270 60 2
380 271 0 1
381 271 60 2
382 272 0 1
383 272 60 2
384 273 0 1
385 273 60 2
386 274 0 1
387 274 60 2
388 275 0 1
389 275 60 2
390 23 60 5
391 26 15 4
392 31 0 1
393 31 60 2
394 32 0 1
395 32 60 2
396 33 0 1
397 33 60 2
398 34 0 1
399 34 60 2
400 35 0 1
401 35 60 2
402 36 0 1
403 36 60 2
404 37 0 1
405 37 60 2
406 38 0 1
407 38 60 2
408 39 0 1
409 39 60 2
410 40 0 1
411 40 60 2
412 41 0 1
413 41 60 2
414 42 0 1
415 42 60 2
416 43 0 1
417 43 60 2
418 44 0 1
419 44 60 2
420 45 0 1
421 45 60 2
422 46 0 1
423 46 60 2
424 47 0 1
425 47 60 2
426 48 0 1
427 48 60 2
428 49 0 1
429 49 60 2
430 50 0 1
431 50 60 2
432 51 0 1
433 51 60 2
434 52 0 1
435 52 60 2
436 53 0 1
437 53 60 2
438 54 0 1
439 54 60 2
440 55 0 1
441 55 60 2
442 56 0 1
443 56 60 2
444 57 0 1
445 57 60 2
446 58 0 1
447 58 60 2
448 59 0 1
449 59 60 2
450 60 0 1
451 60 60 2
452 61 0 1
453 61 60 2
454 62 0 1
455 62 60 2
456 63 0 1
457 63 60 2
458 64 0 1
459 64 60 2
460 65 0 1
461 65 60 2
462 66 0 1
463 66 60 2
464 67 0 1
465 67 60 2
466 68 0 1
467 68 60 2
468 69 0 1
469 69 60 2
470 70 0 1
471 70 60 2
472 71 0 1
473 71 60 2
474 72 0 1
475 72 60 2
476 73 0 1
477 73 60 2
478 74 0 1
479 74 60 2
480 75 0 1
481 75 60 2
482 76 0 1
483 76 60 2
484 77 0 1
485 77 60 2
486 78 0 1
487 78 60 2
488 79 0 1
489 79 60 2
490 80 0 1
491 80 60 2
492 81 0 1
493 81 60 2
494 82 0 1
495 82 60 2
496 83 0 1
497 83 60 2
498 84 0 1
499 84 60 2
500 85 0 1
501 85 60 2
502 86 0 1
503 86 60 2
504 87 0 1
505 87 60 2
506 88 0 1
507 88 60 2
508 89 0 1
509 89 60 2
510 90 0 1
511 90 60 2
512 91 0 1
513 91 60 2
514 92 0 1
515 92 60 2
516 93 0 1
517 93 60 1
518 94 0 1
519 94 60 2
520 95 0 1
521 95 60 2
522 96 0 1
523 96 60 2
524 97 0 1
525 97 60 2
526 98 0 1
527 98 60 2
528 99 0 1
529 99 60 2
530 100 0 1
531 100 60 2
532 101 0 1
533 101 60 2
534 102 0 1
535 102 60 2
536 103 0 1
537 103 60 2
538 104 0 1
539 104 60 2
540 105 0 1
541 105 60 2
542 106 0 1
543 106 60 2
544 107 0 1
545 107 60 2
546 108 0 1
547 108 60 2
548 109 0 1
549 109 60 2
550 110 0 1
551 110 60 2
552 111 0 1
553 111 60 2
554 112 0 1
555 112 60 2
556 113 0 1
557 113 60 2
558 114 0 1
559 114 60 2
560 115 0 1
561 115 60 2
562 116 0 1
563 116 60 2
564 117 0 1
565 117 60 2
566 118 0 1
567 118 60 2
568 119 0 1
569 119 60 2
570 120 0 1
571 120 60 2
572 121 0 1
573 121 60 2
574 122 0 1
575 122 60 2
576 123 0 1
577 123 60 2
578 124 0 1
579 124 60 2
580 125 0 1
581 125 60 2
582 126 0 1
583 126 60 2
584 127 0 1
585 127 60 2
586 128 0 1
587 128 60 2
588 129 0 1
589 129 60 2
590 130 0 1
591 130 60 2
592 131 0 1
593 131 60 1
594 132 0 1
595 132 60 2
596 133 0 1
597 133 60 2
598 134 0 1
599 134 60 2
600 135 0 1
