interv day time team
1 20 0 1
2 23 90 3
3 1 0 1
4 1 30 2
5 20 15 2
6 29 0 1
7 2 0 1
8 29 60 1
9 24 0 1
10 24 30 2
11 30 0 1
12 25 0 1
13 25 60 2
14 30 60 2
15 23 105 3
16 28 75 1
17 28 90 1
18 28 105 1
19 20 45 1
20 29 90 3
21 31 0 1
22 20 75 1
23 21 0 1
24 2 60 2
25 20 90 4
26 31 30 1
27 1 90 4
28 3 0 1
29 24 90 4
30 26 0 1
31 21 60 2
32 26 30 2
33 21 90 3
34 26 60 3
35 22 0 1
36 26 90 3
37 31 60 2
38 3 30 2
39 22 30 2
40 31 90 3
41 27 0 1
42 22 60 3
43 27 30 2
44 27 60 3
45 27 90 4
46 22 90 4
47 28 0 1
48 28 30 2
49 3 60 3
50 32 0 1
51 32 30 2
52 32 60 3
53 32 90 4
54 33 0 1
55 23 0 1
56 23 30 2
57 3 90 1
58 33 30 2
59 23 60 3
60 33 60 3
61 23 75 3
62 33 75 3
63 29 105 3
64 33 90 3
65 33 105 3
66 34 0 1
67 34 15 1
68 34 30 1
69 34 45 1
70 34 60 1
71 28 60 1
72 34 75 1
73 4 0 1
74 4 15 1
75 4 30 1
76 4 45 2
77 4 60 3
78 4 75 1
79 4 90 4
80 4 105 5
81 5 0 1
82 5 15 1
83 5 30 1
84 5 45 1
85 5 60 1
86 5 75 1
87 5 90 1
88 5 105 1
89 6 0 1
90 6 15 1
91 6 30 1
92 6 45 1
93 6 60 1
94 6 75 1
95 6 90 1
96 6 105 1
97 7 0 1
98 7 15 1
99 7 30 1
100 7 45 1
101 7 60 1
102 7 75 1
103 7 90 1
104 7 105 1
105 8 0 1
106 8 15 1
107 8 30 1
108 8 45 1
109 8 60 1
110 8 75 1
111 8 90 1
112 8 105 1
113 9 0 1
114 9 15 1
115 9 30 1
116 9 45 1
117 9 60 1
118 9 75 1
119 9 90 1
120 9 105 1
121 10 0 1
122 10 15 1
123 10 30 1
124 10 45 1
125 10 60 1
126 10 75 1
127 10 90 1
128 10 105 1
129 11 0 1
130 11 15 2
131 11 30 3
132 11 45 3
133 11 60 2
134 11 75 2
135 11 90 4
136 11 105 2
137 12 0 1
138 12 15 1
139 12 30 1
140 12 45 1
141 12 60 1
142 12 75 1
143 12 90 1
144 12 105 1
145 13 0 1
146 13 15 1
147 13 30 1
148 13 45 1
149 13 60 1
150 13 75 1
151 13 90 1
152 13 105 1
153 14 0 1
154 14 15 1
155 14 30 1
156 14 45 1
157 14 60 1
158 14 75 1
159 14 90 1
160 14 105 1
161 15 0 1
162 15 15 1
163 15 30 1
164 15 45 1
165 15 60 1
166 15 75 1
167 15 90 1
168 15 105 1
169 16 0 1
170 16 15 1
171 16 30 1
172 16 45 1
173 16 60 1
174 16 75 1
175 16 90 1
176 16 105 1
177 17 0 1
178 17 15 2
179 17 30 2
180 17 45 2
181 17 60 3
182 17 75 4
183 17 90 4
184 17 105 4
185 18 0 1
186 18 15 1
187 18 30 1
188 18 45 1
189 18 60 1
190 18 75 1
191 18 90 1
192 18 105 1
193 19 0 1
194 19 15 1
195 19 30 1
196 19 45 1
197 19 60 1
198 19 75 1
199 19 90 1
200 19 105 1
