day not_working team1 team2 team3 team4 team5 team6 team7 team8 team9 team10 team11 team12 team13 team14 team15
1 [2 4] [1 5] [1 5 6 9] [1 6] [1 5 6] [1] [] [] [] [] [] [] [] [] [] []
2 [1 3] [4 5 6 9] [4 5 6] [4 5 6 7 9] [4] [4 5] [5 6] [5] [2 5] [2] [4 5 6 7] [] [] [] [] []
3 [17 20] [1 4 5 6] [1 5] [1 5 6 9] [1] [1 5 6] [1 4 5] [1 4 6] [1 6] [1 4] [1 4 5 6 9] [] [] [] [] []
4 [1 9] [4] [4 5] [5 6] [3 5] [5] [2 5] [2] [3] [4 5 6] [3 4 5 6 20] [4 5 6 7] [4 5 6 15 16] [4 5 6 20] [4 5 6 7 14] [4 5 6 15]
5 [13] [1] [1 5] [1 4 5 6] [1 5 6] [1 4 5] [1 4 6] [1 6] [1 4] [1 4 5 6 9] [] [] [] [] [] []
6 [3 16 18] [1] [1 5] [1 4 5 6] [1 5 6] [1 4 5] [1 4 6] [1 6] [1 4] [1 4 5 6 9] [] [] [] [] [] []
7 [2 3 15 20] [1] [1 5] [1 4 5 6] [1 5 6] [1 4 5] [1 4 6] [1 6] [1 4] [1 4 5 6 9] [] [] [] [] [] []
8 [2] [1] [1 5] [1 4 5 6] [1 5 6] [1 4 5] [1 4 6] [1 6] [1 4] [1 4 5 6 9] [] [] [] [] [] []
9 [11] [1] [1 5] [1 4 5 6] [1 5 6] [1 4 5] [1 4 6] [1 6] [1 4] [1 4 5 6 9] [] [] [] [] [] []
10 [9 18] [1] [1 5] [1 4 5 6] [1 5 6] [1 4 5] [1 4 6] [1 6] [1 4] [1 4 5 6 16] [] [] [] [] [] []
11 [1 8 11] [2 5] [5] [4] [5 6] [2] [3 5] [4 5] [4 5 6] [3 4 5 6 9] [4 5 6 7] [4 5 6 9] [4 5 6 7 9] [3] [] []
12 [9 19 20] [1] [1 5] [1 4 5 6] [1 5 6] [1 4 5] [1 4 6] [1 6] [1 4] [1 4 5 6 16] [] [] [] [] [] []
13 [] [1] [1 5] [1 4 5 6] [1 5 6] [1 4 5] [1 4 6] [1 6] [1 4] [1 4 5 6 9] [] [] [] [] [] []
14 [15] [1] [1 5] [1 4 5 6] [1 5 6] [1 4 5] [1 4 6] [1 6] [1 4] [1 4 5 6 9] [] [] [] [] [] []
15 [11 14] [1] [1 5] [1 4 5 6] [1 5 6] [1 4 5] [1 4 6] [1 6] [1 4] [1 4 5 6 9] [] [] [] [] [] []
16 [6 20] [1] [1 5] [1 4 5 9] [1 5 9] [1 4 5] [1 4 9] [1 9] [1 4] [1 4 5 9 16] [] [] [] [] [] []
17 [1 6] [4 5] [5] [2 5] [4] [2] [3 5] [4 5 7 9] [4 5 9] [3 4 5 7 9] [4 5 7 9 15 16] [4 5 7] [3] [4 5 7 9 15] [] []
18 [5 9 13 17] [1] [1 6] [1 4 6] [1 4 6 7] [1 4] [1 4 6 16] [1 4 6 7 14] [] [] [] [] [] [] [] []
19 [4] [1] [1 5] [1 5 6] [1 6] [1 5 6 9] [] [] [] [] [] [] [] [] [] []
20 [2 11 16] [1] [1 5] [1 4 5 6] [1 5 6] [1 4 5] [1 4 6] [1 6] [1 4] [1 4 5 6 9] [] [] [] [] [] []
21 [] [1 4 5 6] [1 4 5] [1 4 6] [1 6] [1 4] [1 4 5 6 9] [1 5 6] [1] [1 5] [] [] [] [] [] []
22 [2 9 14] [1 6] [1 4 5] [1 4] [1 4 5 6 16] [1 5 6] [1] [1 4 5 6] [1 5] [] [] [] [] [] [] []
23 [10 15] [1 4 5] [1 5 6] [1] [1 4 5 6] [1 5] [1 4] [1 6] [] [] [] [] [] [] [] []
24 [8] [1 4 5] [1 6] [1 4 5 6] [1 5] [1 4] [1] [1 5 6] [] [] [] [] [] [] [] []
25 [19] [1 4 5 6] [1] [1 4 5] [1 4] [1 5] [1 5 6] [1 6] [] [] [] [] [] [] [] []
26 [7 12 13] [1 4 5] [1 5] [1 4 5 6] [1 4] [1] [1 5 6] [1 6] [] [] [] [] [] [] [] []
27 [5 16 19] [1 4] [1 4 6 7 9] [1] [1 6] [1 4 6] [] [] [] [] [] [] [] [] [] []
28 [7 16] [1] [1 5] [1 4 5] [1 5 6] [1 4 5 6] [1 4] [1 6] [] [] [] [] [] [] [] []
29 [9 15] [1 5] [1 3 5] [1] [1 4 5] [1 5 6] [1 4 5 6] [1 4] [1 6] [] [] [] [] [] [] []
30 [] [1 3 5] [1 4 5 6] [1 4 5] [1 5] [1] [1 5 6] [1 4] [1 6] [] [] [] [] [] [] []
31 [] [1 4 5] [1 5] [1] [1 5 6] [1 4 5 6] [1 4] [1 6] [] [] [] [] [] [] [] []
32 [] [1 5 6] [1 4 5 6] [1 4] [1 6] [1 4 5] [1 5] [1] [] [] [] [] [] [] [] []
33 [] [1 4 5] [1 5] [1] [] [] [] [] [] [] [] [] [] [] [] []
34 [] [1] [] [] [] [] [] [] [] [] [] [] [] [] [] []
