interv day time team
1 1 0 1
2 2 0 1
3 156 75 55
4 3 0 1
5 333 60 2
6 334 0 1
7 4 0 1
8 133 60 2
9 13 105 8
10 134 0 1
11 5 0 1
12 135 0 1
13 136 0 1
14 134 15 1
15 335 0 1
16 336 0 1
17 337 0 1
18 338 0 1
19 339 0 1
20 340 0 1
21 279 0 1
22 134 30 3
23 279 60 2
24 3 60 4
25 137 0 1
26 138 0 1
27 6 0 1
28 156 90 56
29 7 0 1
30 139 0 1
31 140 0 1
32 141 0 1
33 341 0 1
34 334 60 5
35 3 75 7
36 342 0 1
37 343 0 1
38 344 0 1
39 344 60 2
40 156 105 55
41 280 0 1
42 6 60 3
43 339 60 1
44 280 15 2
45 142 0 1
46 134 45 7
47 280 75 1
48 281 0 1
49 282 0 1
50 141 60 3
51 143 0 1
52 144 0 1
53 145 0 1
54 8 0 1
55 146 0 1
56 283 0 1
57 283 60 2
58 147 0 1
59 9 0 1
60 345 0 1
61 3 90 11
62 284 0 1
63 8 60 3
64 345 60 1
65 346 0 1
66 347 0 1
67 285 0 1
68 286 0 1
69 280 90 1
70 287 0 1
71 288 0 1
72 289 0 1
73 3 105 7
74 348 0 1
75 320 75 20
76 134 105 1
77 10 0 1
78 146 60 3
79 284 60 4
80 349 0 1
81 349 60 2
82 350 0 1
83 10 60 2
84 11 0 1
85 290 0 1
86 351 0 1
87 148 0 1
88 149 0 1
89 280 105 1
90 351 60 2
91 150 0 1
92 287 60 5
93 146 75 6
94 320 90 23
95 352 0 1
96 150 60 2
97 12 0 1
98 13 0 1
99 14 0 1
100 15 0 1
101 146 90 3
102 13 60 3
103 353 0 1
104 354 0 1
105 151 0 1
106 16 0 1
107 355 0 1
108 356 0 1
109 151 60 2
110 17 0 1
111 146 105 10
112 287 75 6
113 320 105 25
114 18 0 1
115 352 60 1
116 357 0 1
117 291 0 1
118 152 0 1
119 153 0 1
120 16 60 4
121 287 90 8
122 326 75 20
123 358 0 1
124 13 75 7
125 13 90 8
126 153 15 2
127 154 0 1
128 155 0 1
129 326 90 20
130 292 0 1
131 292 60 2
132 326 105 22
133 287 105 10
134 293 0 1
135 293 15 2
136 293 75 1
137 293 90 3
138 294 0 1
139 293 105 5
140 295 0 1
141 296 0 1
142 297 0 1
143 298 0 1
144 299 0 1
145 300 0 1
146 301 0 1
147 302 0 1
148 303 0 1
149 304 0 1
150 305 0 1
151 306 0 1
152 307 0 1
153 308 0 1
154 300 60 6
155 308 60 2
156 309 0 1
157 310 0 1
158 300 75 9
159 311 0 1
160 312 0 1
161 310 60 3
162 312 15 2
163 300 90 12
164 313 0 1
165 314 0 1
166 315 0 1
167 315 60 2
168 316 0 1
169 317 0 1
170 316 60 3
171 318 0 1
172 319 0 1
173 320 0 1
174 321 0 1
175 322 0 1
176 318 15 4
177 300 105 9
178 320 15 3
179 323 0 1
180 324 0 1
181 323 60 3
182 325 0 1
183 312 75 15
184 326 0 1
185 326 15 2
186 327 0 1
187 327 60 2
188 328 0 1
189 329 0 1
190 312 90 1
191 312 105 20
192 315 75 18
193 328 60 1
194 315 90 19
195 315 105 20
196 330 0 1
197 330 60 2
198 331 0 1
199 332 0 1
200 333 0 1
201 318 75 17
202 318 90 18
203 318 105 19
204 156 0 1
205 156 60 2
206 157 0 1
207 158 0 1
208 153 75 7
209 153 90 1
210 159 0 1
211 160 0 1
212 161 0 1
213 153 105 9
214 162 0 1
215 163 0 1
216 164 0 1
217 165 0 1
218 166 0 1
219 167 0 1
220 168 0 1
221 169 0 1
222 170 0 1
223 171 0 1
224 172 0 1
225 173 0 1
226 174 0 1
227 175 0 1
228 176 0 1
229 177 0 1
230 178 0 1
231 179 0 1
232 180 0 1
233 181 0 1
234 182 0 1
235 183 0 1
236 184 0 1
237 185 0 1
238 186 0 1
239 187 0 1
240 188 0 1
241 189 0 1
242 190 0 1
243 191 0 1
244 192 0 1
245 193 0 1
246 194 0 1
247 195 0 1
248 196 0 1
249 197 0 1
250 198 0 1
251 199 0 1
252 200 0 1
253 201 0 1
254 202 0 1
255 203 0 1
256 204 0 1
257 205 0 1
258 206 0 1
259 207 0 1
260 208 0 1
261 209 0 1
262 210 0 1
263 211 0 1
264 212 0 1
265 213 0 1
266 214 0 1
267 215 0 1
268 216 0 1
269 217 0 1
270 218 0 1
271 219 0 1
272 220 0 1
273 221 0 1
274 222 0 1
275 223 0 1
276 224 0 1
277 225 0 1
278 226 0 1
279 227 0 1
280 228 0 1
281 229 0 1
282 230 0 1
283 231 0 1
284 232 0 1
285 233 0 1
286 234 0 1
287 235 0 1
288 236 0 1
289 237 0 1
290 238 0 1
291 157 60 34
292 239 0 1
293 239 60 2
294 240 0 1
295 240 60 2
296 241 0 1
297 241 60 2
298 242 0 1
299 242 60 2
300 243 0 1
301 243 60 2
302 244 0 1
303 244 60 2
304 245 0 1
305 245 60 2
306 246 0 1
307 246 60 2
308 247 0 1
309 247 60 2
310 248 0 1
311 248 60 2
312 249 0 1
313 249 60 2
314 250 0 1
315 250 60 2
316 251 0 1
317 251 60 2
318 252 0 1
319 252 60 2
320 253 0 1
321 253 60 2
322 254 0 1
323 254 60 2
324 255 0 1
325 255 60 2
326 256 0 1
327 256 60 2
328 257 0 1
329 257 60 2
330 258 0 1
331 258 60 2
332 259 0 1
333 259 60 2
334 260 0 1
335 260 60 1
336 261 0 1
337 261 60 2
338 262 0 1
339 262 60 2
340 263 0 1
341 263 60 2
342 264 0 1
343 264 60 2
344 265 0 1
345 265 60 2
346 266 0 1
347 266 60 2
348 267 0 1
349 267 60 2
350 268 0 1
351 268 60 2
352 269 0 1
353 269 60 2
354 270 0 1
355 270 60 2
356 271 0 1
357 271 60 1
358 272 0 1
359 272 60 2
360 273 0 1
361 273 60 2
362 274 0 1
363 274 60 2
364 275 0 1
365 275 60 2
366 276 0 1
367 276 60 2
368 277 0 1
369 277 60 2
370 278 0 1
371 278 60 2
372 19 0 1
373 19 60 2
374 20 0 1
375 20 60 2
376 21 0 1
377 21 60 2
378 22 0 1
379 22 60 2
380 23 0 1
381 23 60 2
382 24 0 1
383 24 60 1
384 25 0 1
385 25 60 2
386 26 0 1
387 26 60 2
388 27 0 1
389 27 60 2
390 28 0 1
391 28 60 2
392 29 0 1
393 29 60 2
394 30 0 1
395 30 60 2
396 31 0 1
397 31 60 2
398 32 0 1
399 32 60 2
400 33 0 1
401 33 60 2
402 34 0 1
403 34 60 2
404 35 0 1
405 35 60 2
406 36 0 1
407 36 60 2
408 37 0 1
409 37 60 2
410 38 0 1
411 38 60 2
412 39 0 1
413 39 60 2
414 40 0 1
415 40 60 2
416 41 0 1
417 41 60 2
418 42 0 1
419 42 60 2
420 43 0 1
421 43 60 2
422 44 0 1
423 44 60 2
424 45 0 1
425 45 60 2
426 46 0 1
427 46 60 2
428 47 0 1
429 47 60 2
430 48 0 1
431 48 60 2
432 49 0 1
433 49 60 2
434 50 0 1
435 50 60 2
436 51 0 1
437 51 60 2
438 52 0 1
439 52 60 2
440 53 0 1
441 53 60 2
442 54 0 1
443 54 60 2
444 55 0 1
445 55 60 2
446 56 0 1
447 56 60 2
448 57 0 1
449 57 60 2
450 58 0 1
451 58 60 2
452 59 0 1
453 59 60 2
454 60 0 1
455 60 60 2
456 61 0 1
457 61 60 2
458 62 0 1
459 62 60 2
460 63 0 1
461 63 60 2
462 64 0 1
463 64 60 2
464 65 0 1
465 65 60 2
466 66 0 1
467 66 60 2
468 67 0 1
469 67 60 2
470 68 0 1
471 68 60 2
472 69 0 1
473 69 60 2
474 70 0 1
475 70 60 2
476 71 0 1
477 71 60 2
478 72 0 1
479 72 60 2
480 73 0 1
481 73 60 2
482 74 0 1
483 74 60 2
484 75 0 1
485 75 60 2
486 76 0 1
487 76 60 2
488 77 0 1
489 77 60 2
490 78 0 1
491 78 60 2
492 79 0 1
493 79 60 2
494 80 0 1
495 80 60 2
496 81 0 1
497 81 60 2
498 82 0 1
499 82 60 2
500 83 0 1
501 83 60 2
502 84 0 1
503 84 60 2
504 85 0 1
505 85 60 2
506 86 0 1
507 86 60 2
508 87 0 1
509 87 60 2
510 88 0 1
511 88 60 2
512 89 0 1
513 89 60 2
514 90 0 1
515 90 60 2
516 91 0 1
517 91 60 2
518 92 0 1
519 92 60 2
520 93 0 1
521 93 60 2
522 94 0 1
523 94 60 2
524 95 0 1
525 95 60 2
526 96 0 1
527 96 60 2
528 97 0 1
529 97 60 2
530 98 0 1
531 98 60 2
532 99 0 1
533 99 60 2
534 100 0 1
535 100 60 2
536 101 0 1
537 101 60 2
538 102 0 1
539 102 60 2
540 103 0 1
541 103 60 2
542 104 0 1
543 104 60 2
544 105 0 1
545 105 60 2
546 106 0 1
547 106 60 2
548 107 0 1
549 107 60 2
550 108 0 1
551 108 60 2
552 109 0 1
553 109 60 2
554 110 0 1
555 110 60 2
556 111 0 1
557 111 60 2
558 112 0 1
559 112 60 2
560 113 0 1
561 113 60 2
562 114 0 1
563 114 60 2
564 115 0 1
565 115 60 2
566 116 0 1
567 116 60 2
568 117 0 1
569 117 60 2
570 118 0 1
571 118 60 2
572 119 0 1
573 119 60 2
574 120 0 1
575 120 60 2
576 121 0 1
577 121 60 2
578 122 0 1
579 122 60 2
580 123 0 1
581 123 60 2
582 124 0 1
583 124 60 2
584 125 0 1
585 125 60 2
586 126 0 1
587 126 60 2
588 127 0 1
589 127 60 2
590 128 0 1
591 128 60 2
592 129 0 1
593 129 60 2
594 130 0 1
595 130 60 2
596 131 0 1
597 131 60 2
598 132 0 1
599 132 60 2
600 133 0 1
