interv day time team
1 50 60 3
2 26 70 1
3 33 0 1
4 26 80 7
5 27 0 1
6 34 0 1
7 53 0 1
8 53 60 2
9 1 0 1
10 28 0 1
11 29 0 1
12 35 0 1
13 26 110 8
14 54 0 1
15 1 10 2
16 49 90 7
17 30 0 1
18 36 0 1
19 37 0 1
20 1 40 3
21 38 0 1
22 55 0 1
23 2 0 1
24 35 60 3
25 1 100 5
26 31 0 1
27 38 30 2
28 2 30 2
29 39 0 1
30 8 70 3
31 40 0 1
32 3 0 1
33 4 0 1
34 35 90 5
35 56 0 1
36 41 0 1
37 42 0 1
38 8 80 1
39 43 0 1
40 44 0 1
41 8 90 13
42 45 0 1
43 55 30 3
44 2 60 3
45 39 60 4
46 57 0 1
47 46 0 1
48 38 90 7
49 46 60 2
50 47 0 1
51 46 90 4
52 48 0 1
53 48 60 2
54 49 0 1
55 48 90 3
56 49 60 2
57 50 0 1
58 1 110 7
59 32 0 1
60 26 60 6
61 51 0 1
62 52 0 1
63 5 0 1
64 6 0 1
65 6 60 2
66 7 0 1
67 9 0 1
68 8 0 1
69 10 0 1
70 11 0 1
71 8 10 2
72 12 0 1
73 12 60 1
74 13 0 1
75 13 60 2
76 14 0 1
77 14 60 2
78 15 0 1
79 15 60 2
80 16 0 1
81 16 60 2
82 17 0 1
83 17 60 2
84 18 0 1
85 18 60 2
86 19 0 1
87 19 60 2
88 20 0 1
89 20 60 2
90 21 0 1
91 21 60 2
92 22 0 1
93 22 60 2
94 23 0 1
95 23 60 2
96 24 0 1
97 24 60 2
98 25 0 1
99 25 60 1
100 26 0 1
