day not_working team1 team2 team3 team4 team5 team6 team7 team8 team9 team10 team11 team12 team13 team14 team15 team16 team17 team18 team19 team20 team21 team22 team23 team24 team25 team26 team27 team28
1 [] [1 2 3 4 5 6 22] [1] [1 2 3 4 5 6] [1 2] [1 2 3 4] [1 2 3 4 5] [1 2 3 4 5 6 7 21 23] [1 2 3 4 6] [1 2 3 4 29] [1 2 3 4 7 9 12 26] [1 2 3 4 5 6 7] [1 2 3 4 5 6 21] [1 2 3 4 5 6 7 12 21] [1 2 3 4 5 6 8] [1 2 3 4 5 6 7 21] [1 2 3 4 5 6 7 9 12] [3 4] [1 2 3 4 5 29] [1 2 3 4 5 6 7 12 22] [1 2 3 4 5 6 12 22] [1 2 3 4 5 6 7 12] [1 2 3] [1 2 6] [1 2 3 4 12] [1 2 3 4 5 6 7 12 26] [1 3] [] []
2 [] [1 2] [1] [1 2 3 4 5] [1 2 3 4 6] [1 2 3 4 5 6] [1 2 3 4 29] [1 2 3 4 7 9 12 26] [1 2 3 4 5 6 7] [1 2 3 4 5 6 21] [1 2 3 4 5 6 7 12 21] [1 2 3 4 5 6 8] [1 2 3 4 5 6 7 21] [1 2 3 4 5 6 7 9 12] [1 2 3 4] [1 2 3 4 5 6 22] [3 4] [1 2 3 4 5 6 7 21 23] [1 2 3 4 5 29] [1 2 3 4 5 6 7 12 22] [1 2 3 4 5 6 12 22] [1 2 3 4 5 6 7 12] [1 2 3] [1 2 6] [1 2 3 4 12] [1 2 3 4 5 6 7 12 26] [1 3] [] []
3 [] [1 2 3 4 5] [1 2 3 4 6] [1 2 3 4 5 6] [1 2 3 4 29] [1 2 3 4 7 9 12 26] [1 2 3 4 5 6 7] [1 2 3 4 5 6 21] [1 2 3 4 5 6 7 12 21] [1 2 3 4 5 6 8] [1 2 3 4 5 6 7 21] [1 2 3 4 5 6 7 9 12] [1 2 3 4] [1 2 3 4 5 6 22] [3 4] [1 2 3 4 5 6 7 21 23] [1 2 3 4 5 29] [1] [1 2 3 4 5 6 7 12 22] [1 2] [1 2 3 4 5 6 12 22] [1 2 3 4 5 6 7 12] [1 2 3] [1 2 6] [1 2 3 4 12] [1 2 3 4 5 6 7 12 26] [1 3] [] []
4 [2] [1 3 4 5] [1 3 4 6] [1 3 4 5 6] [1 3 4 6 29] [1 3 4 5 7 9 12 26] [1 3 4 5 6 7] [1 3 4 5 6 21] [1 3 4 5 6 7 12 21] [1 3 4 5 6 8] [1 3 4 5 6 7 21] [1 3 4 5 6 7 9 12] [1 3 4 5 6 22] [3 4] [1 3 4 5 6 7 21 23] [1 3 4 5 6 29] [1] [1 3 4 5 6 7 12 22] [1 3] [1 3 4 5 6 12 22] [1 3 4 5 6 7 12] [1 6] [1 3 4 6 12] [1 3 4 5 6 7 12 26] [] [] [] [] []
5 [] [1 2 3 4 6] [1 2 3 4 5] [1 2 3 4 5 6] [1 2 3 4 29] [1 2 3 4 7 9 12 26] [1 2 3 4 5 6 7] [1 2 3 4 5 6 21] [1 2 3 4 5 6 7 12 21] [1 2 3 4 5 6 8] [1 2 3 4 5 6 7 21] [1 2 3 4 5 6 7 9 12] [1 2 3 4] [1 2 3 4 5 6 22] [3 4] [1 2 3 4 5 6 7 21 23] [1 2 3 4 5 29] [1] [1 2 3 4 5 6 7 12 22] [1 2] [1 2 3 4 5 6 12 22] [1 2 3 4 5 6 7 12] [1 2 3] [1 2 6] [1 2 3 4 12] [1 2 3 4 5 6 7 12 26] [1 3] [] []
6 [] [1 2 3 4 5] [1 2 3 4 5 6] [1 2 3 4 29] [1 2 3 4 7 9 12 26] [1 2 3 4 5 6 7] [1 2 3 4 5 6 21] [1 2 3 4 5 6 7 12 21] [1 2 3 4 5 6 8] [1 2 3 4 5 6 7 21] [1 2 3 4 5 6 7 9 12] [1 2 3 4 6] [1 2 3 4] [1 2 3 4 5 6 22] [3 4] [1 2 3 4 5 6 7 21 23] [1 2 3 4 5 29] [1] [1 2 3 4 5 6 7 12 22] [1 2] [1 2 3 4 5 6 12 22] [1 2 3 4 5 6 7 12] [1 2 3] [1 2 6] [1 2 3 4 12] [1 2 3 4 5 6 7 12 26] [1 3] [] []
7 [11 24] [1 2 3 4 29] [1 2 3 4 5 6] [1 2 3 4 7 9 12 26] [1 2 3 4 5 6 7] [1 2 3 4 5 6 21] [1 2 3 4 5 6 7 12 21] [1 2 3 4 5 6 8] [1 2 3 4 5] [1 2 3 4 5 6 7 21] [1 2 3 4 5 6 7 9 12] [1 2 3 4 6] [1 2 3 4] [1 2 3 4 5 6 22] [3 4] [1 2 3 4 5 6 7 21 23] [1 2 3 4 5 29] [1] [1 2 3 4 5 6 7 12 22] [1 2] [1 2 3 4 5 6 12 22] [1 2 3 4 5 6 7 12] [1 2 3] [1 2 6] [1 2 3 4 12] [1 2 3 4 5 6 7 12 26] [1 3] [] []
8 [29] [1 2 3 4 5 6] [1 2 3 4 7 9 12 26] [1 2 3 4 5 6 7] [1 2 3 4 5 6 21] [1 2 3 4 5 6 7 12 21] [1 2 3 4 5 6 8] [1 2 3 4 5] [1 2 3 4 5 6 7 21] [1 2 3 4 5 6 7 9 12] [1 2 3 4 6] [1 2 3 4] [1 2 3 4 5 6 22] [3 4] [1 2 3 4 5 6 7 21 23] [1] [1 2 3 4 5 6 7 12 22] [1 2] [1 2 3 4 5 6 12 22] [1 2 3 4 5 6 7 12] [1 2 3] [1 2 6] [1 2 3 4 12] [1 2 3 4 5 6 7 12 26] [1 3] [] [] [] []
9 [] [1 2 3 4 29] [1 2 3 4 5 6] [1 2 3 4 5 6 7] [1 2 3 4 5 6 21] [1 2 3 4 5 6 7 12 21] [1 2 3 4 5 6 8] [1 2 3 4 5] [1 2 3 4 5 6 7 21] [1 2 3 4 5 6 7 9 12] [1 2 3 4 6] [1 2 3 4] [1 2 3 4 5 6 22] [1 2 3 4 5 6 7 21 23] [1 2 3 4 5 29] [1] [1 2 3 4 5 6 7 12 22] [1 2] [1 2 3 4 5 6 12 22] [1 2 3 4 5 6 7 12] [1 2 3] [1 2 6] [1 2 3 4 12] [1 2 3 4 5 6 7 12 26] [1 3] [3 4] [] [] []
10 [] [1 2 3 4 5 6] [1 2 3 4 5 6 7] [1 2 3 4 5 6 21] [1 2 3 4 5 6 7 12 21] [1 2 3 4 5 6 8] [1 2 3 4 5] [1 2 3 4 5 6 7 21] [1 2 3 4 5 6 7 9 12] [1 2 3 4 6] [1 2 3 4] [1 2 3 4 5 6 22] [1 2 3 4 5 6 7 21 23] [1 2 3 4 5 29] [1] [1 2 3 4 5 6 7 12 22] [1 2] [1 2 3 4 5 6 12 22] [1 2 3 4 5 6 7 12] [1 2 3] [1 2 6] [1 2 3 4 12] [1 2 3 4 5 6 7 12 26] [1 3] [3 4] [] [] [] []
11 [] [1 2 3 4 5 6] [1 2 3 4 5 6 7] [1 2 3 4 5 6 21] [1 2 3 4 5 6 7 12 21] [1 2 3 4 5 6 8] [1 2 3 4 5] [1 2 3 4 5 6 7 21] [1 2 3 4 5 6 7 9 12] [1 2 3 4 6] [1 2 3 4] [1 2 3 4 5 6 22] [1 2 3 4 5 6 7 21 23] [1 2 3 4 5 29] [1] [1 2 3 4 5 6 7 12 22] [1 2] [1 2 3 4 5 6 12 22] [1 2 3 4 5 6 7 12] [1 2 3] [1 2 6] [1 2 3 4 12] [1 2 3 4 5 6 7 12 26] [1 3] [3 4] [] [] [] []
12 [6] [1 2 3 4 5 7] [1 2 3 4 5 7 21] [1 2 3 4 5 7 21 23] [1 2 3 4 5 7 12 21 23] [1 2 3 4 5 21] [1 2 3 4 5 7 8 10] [1 2 3 4 5] [1 2 3 4 5 7 8] [1 2 3 4 5 7 9 12] [1 2 3 4 21] [1 2 3 4] [1 2 3 4 5 7 22] [1 2 3 4 5 7 8 21 23 24] [1 2 3 4 5 29] [1 2 3 4 7 21] [1] [1 2 3 4 5 7 8 12 22] [1 2] [1 2 3 4 5 7 12 22] [1 2 3 4 5 7 8 12 21] [1 2 3] [1 2 7] [1 2 3 4 5 7 12 21] [1 2 3 4 12] [1 2 3 4 5 7 8 12 26] [1 3] [3 4] [1 2 3 4 5 12]
13 [] [1 2 3 4 5 6 7] [1 2 3 4 5] [1 2 3 4 5 6 21] [1 2 3 4 5 6] [1 2 3 4 5 6 7 12 21] [1 2 3 4 5 6 8] [1 2 3 4 5 6 7 21] [1 2 3 4 5 6 7 9 12] [1 2 3 4 6] [1 2 3 4] [1 2 3 4 5 6 22] [1 2 3 4 5 6 7 21 23] [1 2 3 4 5 29] [1] [1 2 3 4 5 6 7 12 22] [1 2] [1 2 3 4 5 6 12 22] [1 2 3 4 5 6 7 12] [1 2 3] [1 2 6] [1 2 3 4 12] [1 2 3 4 5 6 7 12 26] [1 3] [3 4] [] [] [] []
14 [4 23 27] [1 2 3 5 6 7 21] [1 2 3 5 6 7] [1 2 3 5 6 7 9 12 21] [1 2 3 5 6 7 8 10] [1 2 3 5 6] [1 2 3 5 6 7 8] [1 2 3 5 6 7 9 21] [1 2 3 5 6 7 9 12] [1 2 3 6 24] [1 2 3 5 6 7 10 22] [1 2 3 5] [1 2 3 5 6 7 8 21 24] [1 2 3 5 6 29] [1 2 3 5 6 7 24] [1] [1 2 3 5 6 7 8 9 10 12 22] [1 2] [1 2 3 5 6 7 9] [1 2 3 5 6 7 12 22] [1 2 3 5 6 7 8 12] [1 2 3] [1 2 6] [1 2 3 5 6 7 12] [1 2 3 5 6 7 8 9 12 26] [1 3] [3 5 6] [1 2 3 5 6 12] []
15 [] [1 2 3 4 5 6 7 12 21] [1 2 3 4 5 6] [1 2 3 4 5 6 8] [1 2 3 4 5] [1 2 3 4 5 6 7] [1 2 3 4 5 6 7 21] [1 2 3 4 5 6 7 9 12] [1 2 3 4 6] [1 2 3 4] [1 2 3 4 5 6 22] [1 2 3 4 5 6 7 21 23] [1 2 3 4 5 29] [1] [1 2 3 4 5 6 7 12 22] [1 2] [1 2 3 4 5 6 12 22] [1 2 3 4 5 6 21] [1 2 3 4 5 6 7 12] [1 2 3] [1 2 6] [1 2 3 4 12] [1 2 3 4 5 6 7 12 26] [1 3] [3 4] [] [] [] []
16 [] [1 2 3 4 5 6 8] [1 2 3 4 5] [1 2 3 4 5 6] [1 2 3 4 5 6 7] [1 2 3 4 5 6 7 21] [1 2 3 4 5 6 7 9 12] [1 2 3 4 6] [1 2 3 4] [1 2 3 4 5 6 22] [1 2 3 4 5 6 7 21 23] [1 2 3 4 5 29] [1] [1 2 3 4 5 6 7 12 22] [1 2] [1 2 3 4 5 6 12 22] [1 2 3 4 5 6 21] [1 2 3 4 5 6 7 12] [1 2 3] [1 2 6] [1 2 3 4 12] [1 2 3 4 5 6 7 12 26] [1 3] [3 4] [] [] [] [] []
17 [] [1 2 3 4 5] [1 2 3 4 5 6 7] [1 2 3 4 5 6] [1 2 3 4 5 6 7 21] [1 2 3 4 5 6 7 9 12] [1 2 3 4 6] [1 2 3 4] [1 2 3 4 5 6 22] [1 2 3 4 5 6 7 21 23] [1 2 3 4 5 29] [1] [1 2 3 4 5 6 7 12 22] [1 2] [1 2 3 4 5 6 12 22] [1 2 3 4 5 6 21] [1 2 3 4 5 6 7 12] [1 2 3] [1 2 6] [1 2 3 4 12] [1 2 3 4 5 6 7 12 26] [1 3] [3 4] [] [] [] [] [] []
18 [] [1 2 3 4 5 6] [1 2 3 4 5] [1 2 3 4 5 6 7] [1 2 3 4 5 6 7 21] [1 2 3 4 5 6 7 9 12] [1 2 3 4 6] [1 2 3 4] [1 2 3 4 5 6 22] [1 2 3 4 5 6 7 21 23] [1 2 3 4 5 29] [1] [1 2 3 4 5 6 7 12 22] [1 2] [1 2 3 4 5 6 12 22] [1 2 3 4 5 6 21] [1 2 3 4 5 6 7 12] [1 2 3] [1 2 6] [1 2 3 4 12] [1 2 3 4 5 6 7 12 26] [1 3] [3 4] [] [] [] [] [] []
19 [] [1 2 3 4 5 6 7] [1 2 3 4 5 6] [1 2 3 4 5] [1 2 3 4 5 6 7 21] [1 2 3 4 5 6 7 9 12] [1 2 3 4 6] [1 2 3 4] [1 2 3 4 5 6 22] [1 2 3 4 5 6 7 21 23] [1 2 3 4 5 29] [1] [1 2 3 4 5 6 7 12 22] [1 2] [1 2 3 4 5 6 12 22] [1 2 3 4 5 6 21] [1 2 3 4 5 6 7 12] [1 2 3] [1 2 6] [1 2 3 4 12] [1 2 3 4 5 6 7 12 26] [1 3] [3 4] [] [] [] [] [] []
20 [] [1 2 3 4 5 6] [1 2 3 4 5] [1 2 3 4 5 6 7 21] [1 2 3 4 5 6 7 9 12] [1 2 3 4 6] [1 2 3 4 5 6 7] [1 2 3 4] [1 2 3 4 5 6 22] [1 2 3 4 5 6 7 21 23] [1 2 3 4 5 29] [1] [1 2 3 4 5 6 7 12 22] [1 2] [1 2 3 4 5 6 12 22] [1 2 3 4 5 6 21] [1 2 3 4 5 6 7 12] [1 2 3] [1 2 6] [1 2 3 4 12] [1 2 3 4 5 6 7 12 26] [1 3] [3 4] [] [] [] [] [] []
21 [9] [1 2 3 4 5 6] [1 2 3 4 5 6 7 21] [1 2 3 4 5 6 7 12] [1 2 3 4 6] [1 2 3 4 5 6 7] [1 2 3 4 5] [1 2 3 4] [1 2 3 4 5 6 22] [1 2 3 4 5 6 7 21 23] [1 2 3 4 5 29] [1] [1 2 3 4 5 6 7 12 22] [1 2] [1 2 3 4 5 6 12 22] [1 2 3 4 5 6 21] [1 2 3] [1 2 6] [1 2 3 4 12] [1 2 3 4 5 6 7 12 26] [1 3] [3 4] [] [] [] [] [] [] []
22 [] [1 2 3 4 5 6 7 9 12] [1 2 3 4 6] [1 2 3 4 5 6] [1 2 3 4 5 6 7] [1 2 3 4 5] [1 2 3 4] [1 2 3 4 5 6 22] [1 2 3 4 5 6 7 21 23] [1 2 3 4 5 29] [1] [1 2 3 4 5 6 7 12 22] [1 2] [1 2 3 4 5 6 12 22] [1 2 3 4 5 6 21] [1 2 3 4 5 6 7 12] [1 2 3] [1 2 6] [1 2 3 4 12] [1 2 3 4 5 6 7 12 26] [1 3] [3 4] [] [] [] [] [] [] []
23 [] [1 2 3 4 5 6] [1 2 3 4 5 6 7] [1 2 3 4 5] [1 2 3 4 6] [1 2 3 4] [1 2 3 4 5 6 22] [1 2 3 4 5 6 7 21 23] [1 2 3 4 5 29] [1] [1 2 3 4 5 6 7 12 22] [1 2] [1 2 3 4 5 6 12 22] [1 2 3 4 5 6 21] [1 2 3 4 5 6 7 12] [1 2 3] [1 2 6] [1 2 3 4 12] [1 2 3 4 5 6 7 12 26] [1 3] [3 4] [] [] [] [] [] [] [] []
24 [] [1 2 3 4 5] [1 2 3 4 5 6] [1 2 3 4 6] [1 2 3 4] [1 2 3 4 5 6 22] [1 2 3 4 5 6 7 21 23] [1 2 3 4 5 29] [1] [1 2 3 4 5 6 7 12 22] [1 2] [1 2 3 4 5 6 7] [1 2 3 4 5 6 12 22] [1 2 3 4 5 6 21] [1 2 3 4 5 6 7 12] [1 2 3] [1 2 6] [1 2 3 4 12] [1 2 3 4 5 6 7 12 26] [1 3] [3 4] [] [] [] [] [] [] [] []
25 [] [1 2 3 4 5 6] [1 2 3 4 6] [1 2 3 4] [1 2 3 4 5 6 22] [1 2 3 4 5 6 7 21 23] [1 2 3 4 5 29] [1] [1 2 3 4 5 6 7 12 22] [1 2] [1 2 3 4 5 6 7] [1 2 3 4 5 6 12 22] [1 2 3 4 5 6 21] [1 2 3 4 5] [1 2 3 4 5 6 7 12] [1 2 3] [1 2 6] [1 2 3 4 12] [1 2 3 4 5 6 7 12 26] [1 3] [3 4] [] [] [] [] [] [] [] []
26 [30] [1 2 3 4 6] [1 2 3 4] [1 2 3 4 5 6 22] [1 2 3 4 5 6] [1 2 3 4 5 6 7 21 23] [1 2 3 4 5 29] [1] [1 2 3 4 5 6 7 12 22] [1 2] [1 2 3 4 5 6 7] [1 2 3 4 5 6 12 22] [1 2 3 4 5 6 21] [1 2 3 4 5] [1 2 3 4 5 6 7 12] [1 2 3] [1 2 6] [1 2 3 4 12] [1 2 3 4 5 6 7 12 26] [1 3] [3 4] [] [] [] [] [] [] [] []
27 [11] [1 2 3 4] [1 2 3 4 5 6 22] [1 2 3 4 5 6] [1 2 3 4 5 6 7 21 23] [1 2 3 4 6] [1 2] [1 2 3 4 5 6 7] [1 2 3 4 5 6 12 22] [1 2 3 4 5 6 21] [1 2 3 4 5] [1 2 3 4 5 6 7 12] [1 2 3] [1 2 6] [1 2 3 4 12] [1 2 3 4 5 6 7 12 26] [1 2 3 4 5 6 7 12 22] [1 3] [3 4] [] [] [] [] [] [] [] [] [] []
28 [1 8] [2 3 4 5 6 10 22] [2 3 4 5 6] [2 3 4 5] [2 3 4 5 6 7 21 23] [2 3 4 5 6 7 24] [2 3 4 5 6 7] [2 3] [2 3 4 5 6 7 12 22] [2 3 4 5 6 21] [2 3 4 5 6 7 12] [2 3 6] [2 6 7] [2 3 4] [2 3 4 6 12] [2 3 4 5 6 7 12 26] [2 3 4 5 6 7 10 12 22] [3 4] [] [] [] [] [] [] [] [] [] [] []
29 [17 21] [1 2 3 4 5 6 22] [1 2 3 4 5 6] [1 2 3 4] [1 2 3 4 5 6 7 23] [1 2 3 4 6] [1 2] [1 2 3 4 5 6 7] [1 2 3 4 5 6 12 22] [1 2 3 4 5 6 23] [1 2 3 4 5] [1 2 3 4 5 6 7 12] [1 2 3] [1 2 6] [1 2 3 4 12] [1 2 3 4 5 6 7 12 26] [1 2 3 4 5 6 7 12 22] [1 3] [3 4] [] [] [] [] [] [] [] [] [] []
30 [] [1 2 3 4 5 6] [1 2 3 4] [1 2 3 4 5 6 7 21 23] [1 2 3 4 6] [1 2 3 4 6 8] [1 2] [1 2 3 4 5 6 7] [1 2 3 4 5 6 12 22] [1 2 3 4 5 6 21] [1 2 3 4 5] [1 2 3 4 5 6 7 12] [1 2 3] [1 2 6] [1 2 3 4 12] [1 2 3 4 5 6 7 12 26] [1 2 3 4 5 6 7 12 22] [1 3] [3 4] [] [] [] [] [] [] [] [] [] []
31 [] [1 2 3 4] [1 2 3 4 5 6 7 21 23] [1 2 3 4 6] [1 2 3 4 5 6] [1 2 3 4 6 8] [1 2] [1 2 3 4 5 6 7] [1 2 3 4 5 6 12 22] [1 2 3 4 5 6 21] [1 2 3 4 5] [1 2 3 4 5 6 7 12] [1 2 3] [1 2 6] [1 2 3 4 12] [1 2 3 4 5 6 7 12 26] [1 2 3 4 5 6 7 12 22] [1 3] [3 4] [] [] [] [] [] [] [] [] [] []
32 [] [1 2 3 4 5 6 7 21 23] [1 2 3 4 6] [1 2 3 4 5 6] [1 2 3 4 6 8] [1 2] [1 2 3 4 5 6 7] [1 2 3 4 5 6 12 22] [1 2 3 4 5 6 21] [1 2 3 4 5] [1 2 3 4 5 6 7 12] [1 2 3] [1 2 6] [1 2 3 4 12] [1 2 3 4 5 6 7 12 26] [1 2 3 4 5 6 7 12 22] [1 3] [3 4] [] [] [] [] [] [] [] [] [] [] []
33 [] [1 2 3 4 6] [1 2 3 4 6 7 12] [1 2 3 4 5 6] [1 2 3 4 6 8] [1 2] [1 2 3 4 5 6 7] [1 2 3 4 5 6 12 22] [1 2 3 4 5 6 21] [1 2 3 4 5] [1 2 3 4 5 6 7 12] [1 2 3] [1 2 6] [1 2 3 4 12] [1 2 3 4 5 6 7 12 26] [1 2 3 4 5 6 7 12 22] [1 3] [3 4] [] [] [] [] [] [] [] [] [] [] []
34 [] [1 2 3 4 6 7 12] [1 2 3 4 5 6] [1 2 3 4 6 8] [1 2] [1 2 3 4 5 6 7] [1 2 3 4 5 6 12 22] [1 2 3 4 5 6 21] [1 2 3 4 5] [1 2 3 4 5 6 7 12] [1 2 3] [1 2 6] [1 2 3 4 12] [1 2 3 4 5 6 7 12 26] [1 2 3 4 5 6 7 12 22] [1 3] [3 4] [] [] [] [] [] [] [] [] [] [] [] []
35 [] [1 2 3 4 5 6] [1 2 3 4 6 8] [1 2] [1 2 3 4 5 6 7] [1 2 3 4 5 6 12 22] [1 2 3 4 5 6 21] [1 2 3 4 5] [1 2 3 4 5 6 7 12] [1 2 3] [1 2 6] [1 2 3 4 12] [1 2 3 4 5 6 7 12 26] [1 2 3 4 5 6 7 12 22] [1 3] [3 4] [] [] [] [] [] [] [] [] [] [] [] [] []
36 [] [1 2 3 4 6 8] [1 2 3 4 5 6 7] [1 2 3 4 5 6 21] [1 2 3 4 5 6] [1 2 3 4 5] [1 2 3 4 5 6 7 12] [1 2 3] [1 2] [1 2 6] [1 2 3 4 12] [1 2 3 4 5 6 7 12 26] [1 2 3 4 5 6 7 12 22] [1 3] [3 4] [1 2 3 4 5 6 12 22] [] [] [] [] [] [] [] [] [] [] [] [] []
37 [] [1 2 3 4 6 8] [1] [1 2 3 4 5 6 7] [1 2 3 4 5 6 21] [1 2 3 4 5 6] [1 2 3 4 5] [1 2 3 4 5 6 7 12] [1 2 3] [1 2] [1 2 6] [1 2 3 4 12] [1 2 3 4 5 6 7 12 26] [1 2 3 4 5 6 7 12 22] [1 3] [3 4] [1 2 3 4 5 6 12 22] [] [] [] [] [] [] [] [] [] [] [] []
38 [] [1] [1 2 3 4 5 6 7] [1 2 3 4 5 6 21] [1 2 3 4 5 6] [1 2 3 4 5] [1 2 3 4 5 6 7 12] [1 2 3] [1 2] [1 2 6] [1 2 3 4 12] [1 2 3 4 5 6 7 12 26] [1 2 3 4 5 6 7 12 22] [1 3] [3 4] [1 2 3 4 5 6 12 22] [] [] [] [] [] [] [] [] [] [] [] [] []
39 [] [1 2 3 4 5 6 21] [1 2 3 4 5 6 7] [1 2 3 4 5 6] [1 2 3 4 5] [1 2 3 4 5 6 7 12] [1 2] [1 2 6] [1 2 3] [1 2 3 4 12] [1 2 3 4 5 6 7 12 26] [1 2 3 4 5 6 7 12 22] [1 3] [3 4] [1 2 3 4 5 6 12 22] [] [] [] [] [] [] [] [] [] [] [] [] [] []
40 [] [1 2 3 4 5 6 7] [1 2 3 4 5 6 21] [1 2 3 4 5 6] [1 2 3 4 5 6 7 12] [1 2] [1 2 6] [1 2 3] [1 2 3 4 12] [1 2 3 4 5 6 7 12 26] [1 2 3 4 5 6 7 12 22] [1 3] [3 4] [1 2 3 4 5 6 12 22] [] [] [] [] [] [] [] [] [] [] [] [] [] [] []
41 [] [1 2 3 4 5 6 21] [1 2 3 4 5 6] [1 2 3 4 5 6 7 12] [1 2] [1 2 3 4 5 6 7] [1 2 6] [1 2 3] [1 2 3 4 12] [1 2 3 4 5 6 7 12 26] [1 2 3 4 5 6 7 12 22] [1 3] [3 4] [1 2 3 4 5 6 12 22] [] [] [] [] [] [] [] [] [] [] [] [] [] [] []
42 [] [1 2 3 4 5 6 21] [1 2 3 4 5 6] [1 2 3 4 5 6 7 12] [1 2] [1 2 3 4 5 6 7] [1 2 6] [1 2 3] [1 2 3 4 12] [1 2 3 4 5 6 7 12 26] [1 2 3 4 5 6 7 12 22] [1 3] [3 4] [1 2 3 4 5 6 12 22] [] [] [] [] [] [] [] [] [] [] [] [] [] [] []
43 [] [1 2 3 4 5 6] [1 2 3 4 5 6 7 12] [1 2] [1 2 3 4 5 6 7] [1 2 6] [1 2 3] [1 2 3 4 12] [1 2 3 4 5 6 7 12 26] [1 2 3 4 5 6 7 12 22] [1 3] [3 4] [1 2 3 4 5 6 12 22] [] [] [] [] [] [] [] [] [] [] [] [] [] [] [] []
44 [] [1 2 3 4 5 6] [1 2 3 4 5 6 7 12] [1 2] [1 2 3 4 5 6 7] [1 2 6] [1 2 3] [1 2 3 4 12] [1 2 3 4 5 6 7 12 26] [1 2 3 4 5 6 7 12 22] [1 3] [3 4] [1 2 3 4 5 6 12 22] [] [] [] [] [] [] [] [] [] [] [] [] [] [] [] []
45 [] [1 2 3 4 5 6] [1 2 3 4 5 6 7 12] [1 2] [1 2 3 4 5 6 7] [1 2 6] [1 2 3] [1 2 3 4 12] [1 2 3 4 5 6 7 12 26] [1 2 3 4 5 6 7 12 22] [1 3] [3 4] [1 2 3 4 5 6 12 22] [] [] [] [] [] [] [] [] [] [] [] [] [] [] [] []
46 [] [1 2 3 4 5 6 7 12] [1 2] [1 2 3 4 5 6 7] [1 2 6] [1 2 3] [1 2 3 4 12] [1 2 3 4 5 6 7 12 26] [1 2 3 4 5 6 7 12 22] [1 3] [3 4] [1 2 3 4 5 6 12 22] [1 2 3 4 5 6] [] [] [] [] [] [] [] [] [] [] [] [] [] [] [] []
47 [] [1 2 3 4 5 6 7] [1 2] [1 2 3] [1 2 3 4 5 6 7 12] [1 2 3 4 12] [1 2 3 4 5 6 7 12 26] [1 2 3 4 5 6 7 12 22] [1 3] [3 4] [1 2 3 4 5 6 12 22] [1 2 3 4 5 6] [] [] [] [] [] [] [] [] [] [] [] [] [] [] [] [] []
48 [] [1 2 3 4 5 6 7] [1 2] [1 2 3] [1 2 6] [1 2 3 4 5 6 7 12] [1 2 3 4 12] [1 2 3 4 5 6 7 12 26] [1 2 3 4 5 6 7 12 22] [1 3] [3 4] [1 2 3 4 5 6 12 22] [1 2 3 4 5 6] [] [] [] [] [] [] [] [] [] [] [] [] [] [] [] []
49 [] [1 2 3 4 5 6 7] [1 2 6] [1 2 3 4 5 6 7 12] [1 2 3 4 12] [1 2 3 4 5 6 7 12 26] [1 2 3 4 5 6 7 12 22] [1 3] [3 4] [1 2 3 4 5 6 12 22] [1 2 3 4 5 6] [] [] [] [] [] [] [] [] [] [] [] [] [] [] [] [] [] []
50 [] [1 2 3 4 5 6 7 12] [1 2 3 4 5 29] [1 2 3 4 12] [1 2 3 4 5 6 7 12 26] [1 2 3 4 5 6 7] [1 2 3 4 5 6 7 12 22] [3 4] [1 2 3 4 5 6 12 22] [1 2 3 4 5 6] [] [] [] [] [] [] [] [] [] [] [] [] [] [] [] [] [] [] []
51 [] [1 2 3 4 5 29] [1 2 3 4 5 6 7 12 26] [1 2 3 4 5 6 7] [1 2 3 4 5 6 7 12 22] [3 4] [1 2 3 4 5 6 12 22] [1 2 3 4 5 6] [] [] [] [] [] [] [] [] [] [] [] [] [] [] [] [] [] [] [] [] []
52 [] [1 2 3 4 5 29] [1 2 3 4 5 6 7 12 26] [1 2 3 4 5 6 7] [1 2 3 4 5 6 7 12 22] [3 4] [1 2 3 4 5 6 12 22] [1 2 3 4 5 6] [] [] [] [] [] [] [] [] [] [] [] [] [] [] [] [] [] [] [] [] []
53 [] [1 2 3 4 5 6 7 12 26] [1 2 3 4 5 6 7] [1 2 3 4 5 6 7 12 22] [3 4] [1 2 3 4 5 6 12 22] [1 2 3 4 5 6] [] [] [] [] [] [] [] [] [] [] [] [] [] [] [] [] [] [] [] [] [] []
54 [] [1 2 3 4 5 6 7 12 22] [3 4] [1 2 3 4 5 6 12 22] [1 2 3 4 5 6] [] [] [] [] [] [] [] [] [] [] [] [] [] [] [] [] [] [] [] [] [] [] [] []
55 [] [3 4] [1 2 3 4 5 6 12 22] [1 2 3 4 5 6] [] [] [] [] [] [] [] [] [] [] [] [] [] [] [] [] [] [] [] [] [] [] [] [] []
56 [] [1 2 3 4 5 6 12 22] [1 2 3 4 5 6] [] [] [] [] [] [] [] [] [] [] [] [] [] [] [] [] [] [] [] [] [] [] [] [] [] []
57 [] [1 2 3 4 5 6] [] [] [] [] [] [] [] [] [] [] [] [] [] [] [] [] [] [] [] [] [] [] [] [] [] [] []
