0 1 2
0 2 3
0 3 4
0 4 5
1 1 2
1 2 3
1 3 4
1 4 5
2 1 2
2 2 3
2 3 4
2 4 5
3 1 2
3 2 3
3 3 4
3 4 5
4 1 2
4 2 3
4 3 4
4 4 5
5 1 2
5 2 3
5 3 4
5 4 5
6 1 2
6 2 3
6 3 4
6 4 5
7 1 2
7 2 3
7 3 4
7 4 5
8 1 2
8 2 3
8 3 4
8 4 5
9 1 2
9 2 3
9 3 4
9 4 5
10 1 2
10 2 3
10 3 4
10 4 5
11 1 2
11 2 3
11 3 4
11 4 5
12 1 2
12 2 3
12 3 4
12 4 5
13 1 2
13 2 3
13 3 4
13 4 5
14 1 2
14 2 3
14 3 4
14 4 5
15 1 2
15 2 3
15 3 4
15 4 5
16 1 2
16 2 3
16 3 4
16 4 5
17 1 2
17 2 3
17 3 4
17 4 5
18 1 2
18 2 3
18 3 4
18 4 5
19 1 2
19 2 3
19 3 4
19 4 5
20 1 2
20 2 3
20 3 4
20 4 5
21 1 2
21 2 3
21 3 4
21 4 5
22 1 2
22 2 3
22 3 4
22 4 5
23 1 2
23 2 3
23 3 4
23 4 5
24 1 2
24 2 3
24 3 4
24 4 5
25 1 2
25 2 3
25 3 4
25 4 5
26 1 2
26 2 3
26 3 4
26 4 5
27 1 2
27 2 3
27 3 4
27 4 5
28 1 2
28 2 3
28 3 4
28 4 5
29 1 2
29 2 3
29 3 4
29 4 5
30 1 2
30 2 3
30 3 4
30 4 5
31 1 2
31 2 3
31 3 4
31 4 5
32 1 2
32 2 3
32 3 4
32 4 5
33 1 2
33 2 3
33 3 4
33 4 5
34 1 2
34 2 3
34 3 4
34 4 5
35 1 2
35 2 3
35 3 4
35 4 5
36 1 2
36 2 3
36 3 4
36 4 5
37 1 2
37 2 3
37 3 4
37 4 5
38 1 2
38 2 3
38 3 4
38 4 5
39 1 2
39 2 3
39 3 4
39 4 5
40 1 2
40 2 3
40 3 4
40 4 5
41 1 2
41 2 3
41 3 4
41 4 5
42 1 2
42 2 3
42 3 4
42 4 5
43 1 2
43 2 3
43 3 4
43 4 5
44 1 2
44 2 3
44 3 4
44 4 5
45 1 2
45 2 3
45 3 4
45 4 5
46 1 2
46 2 3
46 3 4
46 4 5
47 1 2
47 2 3
47 3 4
47 4 5
48 1 2
48 2 3
48 3 4
48 4 5
49 1 2
49 2 3
49 3 4
49 4 5
50 1 2
50 2 3
50 3 4
50 4 5
51 1 2
51 2 3
51 3 4
51 4 5
52 1 2
52 2 3
52 3 4
52 4 5
53 1 2
53 2 3
53 3 4
53 4 5
54 1 2
54 2 3
54 3 4
54 4 5
55 1 2
55 2 3
55 3 4
55 4 5
56 1 2
56 2 3
56 3 4
56 4 5
57 1 2
57 2 3
57 3 4
57 4 5
58 1 2
58 2 3
58 3 4
58 4 5
59 1 2
59 2 3
59 3 4
59 4 5
60 1 2
60 2 3
60 3 4
60 4 5
61 1 2
61 2 3
61 3 4
61 4 5
62 1 2
62 2 3
62 3 4
62 4 5
63 1 2
63 2 3
63 3 4
63 4 5
64 1 2
64 2 3
64 3 4
64 4 5
65 1 2
65 2 3
65 3 4
65 4 5
66 1 2
66 2 3
66 3 4
66 4 5
67 1 2
67 2 3
67 3 4
67 4 5
68 1 2
68 2 3
68 3 4
68 4 5
69 1 2
69 2 3
69 3 4
69 4 5
70 1 2
70 2 3
70 3 4
70 4 5
