interv day time team
1 1 0 1
2 43 0 1
3 2 0 1
4 43 15 2
5 3 0 1
6 1 15 1
7 4 0 1
8 5 0 1
9 44 0 1
10 44 60 2
11 45 0 1
12 6 0 1
13 32 60 1
14 31 75 1
15 33 0 1
16 43 75 4
17 1 30 1
18 43 90 5
19 7 0 1
20 8 0 1
21 45 60 2
22 9 0 1
23 1 45 1
24 46 0 1
25 10 0 1
26 34 0 1
27 11 0 1
28 34 60 2
29 12 0 1
30 1 57 2
31 31 90 3
32 8 60 4
33 8 75 5
34 35 0 1
35 13 0 1
36 14 0 1
37 36 0 1
38 8 90 1
39 47 0 1
40 15 0 1
41 16 0 1
42 14 32 3
43 43 105 6
44 17 0 1
45 18 0 1
46 8 105 3
47 14 92 1
48 17 60 2
49 19 0 1
50 19 60 1
51 17 75 2
52 20 0 1
53 17 90 2
54 37 0 1
55 21 0 1
56 20 60 2
57 31 105 5
58 38 0 1
59 22 0 1
60 17 105 5
61 23 0 1
62 24 0 1
63 38 60 2
64 39 0 1
65 24 15 2
66 48 0 1
67 22 36 3
68 49 0 1
69 40 0 1
70 46 52 1
71 25 0 1
72 22 51 3
73 26 0 1
74 26 15 1
75 27 0 1
76 26 30 3
77 50 0 1
78 28 0 1
79 28 60 2
80 26 90 4
81 41 0 1
82 26 105 5
83 29 0 1
84 29 84 2
85 48 80 4
86 30 0 1
87 9 112 2
88 48 95 4
89 29 99 4
90 30 60 1
91 30 96 2
92 31 0 1
93 31 15 2
94 42 0 1
95 50 60 2
96 51 0 1
97 32 0 1
98 52 0 1
99 41 60 3
100 53 0 1
