day not_working team1 team2 team3 team4 team5 team6 team7 team8 team9 team10 team11 team12 team13 team14 team15 team16
1 [1 7 8 13 14 16] [2] [2 3 4 5 6] [2 3 4 5] [2 3 4 5 6 11] [2 3 4] [2 17] [2 3] [2 6] [2 3 4 5 6 9 10 17] [] [] [] [] [] [] []
2 [7 9 20] [1] [1 2 3 4 5] [1 2 3 4] [1 2 3 4 5 11] [1 2 3] [1 2] [1 2 8] [1 2 3 5] [1 2 3 4 5 6] [1 2 3 5 6] [1 3] [1 2 6] [1 2 3 4 5 6 11 16] [1 2 3 4 5 8] [] []
3 [20] [1 2 3 4 5] [1 2 3 8 17] [1 2 3 4] [1 2 3 4 5 7] [1] [1 2 3] [1 2] [1 2 8] [1 2 3 5] [1 2 3 4 5 6] [1 2 3 5 6] [1 3] [1 2 6] [1 2 3 4 5 6 7 11] [1 2 3 4 5 8] []
4 [7 19] [1 2 3 8 17] [1 2 3 4] [1 2 3 4 5 11] [1] [1 2 3] [1 2] [1 2 3 4 5] [1 2 8] [1 2 3 5] [1 2 3 4 5 6] [1 2 3 5 6] [1 3] [1 2 6] [1 2 3 4 5 6 11 16] [1 2 3 4 5 8] []
5 [1 3 4 5 6 9] [2 7 8 10] [2 7 8 10 11] [2] [2 7 8] [2 7 8 10 11 16] [2 8] [2 7] [2 7 8 19] [2 16] [2 19] [2 7 8 10 11 12 14] [2 7 8 10 11 19] [2 7 8 10 11 14 17] [2 7 8 10 11 14 19] [] []
6 [1 4 16 19] [2 3 5 6 7] [2] [2 3 5] [2 3 5 6] [2 8] [2 3 5 8] [2 3] [2 6] [2 3 5 6 7 11] [2 3 5 6 7 8 9 10 14] [2 3 5 6 7 8] [2 3 5 6 8] [] [] [] []
7 [4 5 6 7 13 17] [1] [1 2 3] [1 2] [1 2 3 8 9] [1 2 3 8] [1 2 8] [1 2 3 10 11] [1 2 3 8 9 10] [1 2 3 9 15] [1 3] [1 2 9] [1 2 3 9] [1 2 3 8 9 11 12 14 16] [1 2 3 8 9 14 15] [1 2 3 8 9 10 11] []
8 [7 10] [1] [1 2 3] [1 2] [1 2 3 4 5] [1 2 3 4] [1 2 8] [1 2 3 5] [1 2 3 4 5 6] [1 2 3 5 6] [1 3] [1 2 6] [1 2 3 4 5 6 11 16] [1 2 3 4 5 8] [] [] []
9 [9 17] [1 2 3] [1] [1 2] [1 2 8] [1 2 3 5] [1 2 3 4 5] [1 2 3 4 5 6] [1 2 3 5 6] [1 3] [1 2 6] [1 2 3 4] [1 2 3 4 5 6 7 11] [1 2 3 4 5 8] [] [] []
10 [2 4 9] [1] [1 3] [1 3 5] [1 3 8] [1 3 5 6] [1 3 5 8] [1 3 6] [1 3 5 6 7] [1 3 5 6 7 8] [1 3 5 6 7 10] [1 7] [1 3 5 6 7 11 16] [1 3 5 6 7 8 10 11 14 17] [1 3 5 6 7 8 14] [1 3 5 6 8] []
11 [3 10 11 19] [1 2] [1] [1 2 4] [1 2 8] [1 2 4 5 6 7] [1 2 4 5 6] [1 6] [1 2 6] [1 2 4 6] [1 2 4 5 6 7 16] [1 2 4 5] [1 2 4 5 6 8 9 14] [1 2 4 5 6 8] [1 2 5] [] []
12 [1 4 17] [2] [2 3 5] [2 8] [2 3 5 8] [2 3] [2 3 5 6 7] [2 3 5 6] [2 6] [2 3 5 6 7 11] [2 3 5 6 7 8 9 10 14] [2 3 5 6 7 8] [2 3 5 6 8] [] [] [] []
13 [2 4 5] [1 3] [1 3 6] [1 3 8] [1 3 6 7] [1 3 6 8] [1 3 6 7 8] [1] [1 3 6 7 8 9] [1 7] [1 3 6 7 8 11 12 16] [1 3 6 7 8 9 10 14 17] [1 3 6 7 8 14] [1 3 6 7 8 10] [] [] []
14 [3 9 13 16 17 19] [1 2] [1 2 4] [1 2 8] [1 2 4 5 6 7] [1 2 4 5 6] [1] [1 6] [1 2 6] [1 2 4 6] [1 2 4 5 6 7 11] [1 2 4 5] [1 2 4 5 6 8 10 14] [1 2 4 5 6 8] [1 2 5] [] []
15 [4 7 8 9 11 13 18] [1 2] [1 2 3] [1 2 3 5] [1 2 3 5 6] [1] [1 2 3 5 6 10] [1 3] [1 2 6] [1 2 3 6] [1 2 3 5 6 10 14 17] [1 2 3 5 6 14] [1 2 17] [] [] [] []
16 [1 3 7 19] [2 4 5] [2 4 5 6 11] [2 4 5 8] [2 4] [2 4 5 6 8] [2] [2 4 5 6 8 9] [2 4 5 6] [2 6] [2 4 5 6 8 11 12 16] [2 4 5 6 8 9 10 14] [2 4 5 6 8 10] [2 8] [2 5] [] []
17 [2 6 8 19] [1 3 4 5 7] [1 3 4] [1] [1 3 4 5 7 9] [1 3] [1 7] [1 3 4 5 9] [1 3 9] [1 3 4 7] [1 3 4 5 7 11 12 16] [1 3 4 5] [1 3 4 5 7 9 10 14 17] [1 3 4 5 7 9 14] [1 3 4 5 7 10] [1 3 17] [1 3 5]
18 [1 7 8 10 15 17 19] [2 3 4] [2 3 4 5 6] [2] [2 3] [2 6] [2 3 4 5 6 11 12 16] [2 3 4 5] [2 3 4 5 6 9 11 14] [] [] [] [] [] [] [] []
19 [1 2 4 7 8 13 14] [3 5 6 9 10] [3] [3 5] [3 5 6 9 10 17] [3 5 11] [3 5 6] [3 6] [3 5 6 9] [3 5 6 9 10 11] [3 5 6 9 10 11 15 17 19 20] [3 5 6 9 10 11 17 19] [3 17] [3 5 9] [] [] []
20 [1 4 5 11 18] [2] [2 3 6 7 8] [2 3 6 7] [2 3 6] [2 3] [2 6] [2 3 6 7 8 12 14 16] [2 3 6 7 8 9 10 14] [2 8] [] [] [] [] [] [] []
21 [] [1] [1 2 3 4 5 6] [1 2] [1 2 3 5 6] [1 2 3] [1 3] [1 2 6] [1 2 3 4] [1 2 3 4 5 6 7 11] [1 2 3 4 5 8] [1 2 8] [] [] [] [] []
22 [] [1 2 3 4 5 6] [1 2] [1] [1 2 3 5 6] [1 2 3] [1 3] [1 2 6] [1 2 3 4] [1 2 3 4 5 6 7 11] [1 2 3 4 5 8] [1 2 8] [] [] [] [] []
23 [] [1 2] [1 2 8] [1] [1 2 3 4 5 6] [1 2 3 5 6] [1 2 3] [1 3] [1 2 6] [1 2 3 4] [1 2 3 4 5 6 7 11] [1 2 3 4 5 8] [] [] [] [] []
24 [] [1 2 8] [1] [1 2] [1 2 3 4 5 6] [1 2 3 5 6] [1 2 3] [1 3] [1 2 6] [1 2 3 4] [1 2 3 4 5 6 7 11] [1 2 3 4 5 8] [] [] [] [] []
25 [] [1] [1 2] [1 2 3 4 5 6] [1 2 3 5 6] [1 2 3] [1 3] [1 2 6] [1 2 3 4] [1 2 3 4 5 6 7 11] [1 2 3 4 5 8] [1 2 8] [] [] [] [] []
26 [] [1 2] [1 2 3 4 5 6] [1 2 3 5 6] [1] [1 2 3] [1 3] [1 2 6] [1 2 3 4] [1 2 3 4 5 6 7 11] [1 2 3 4 5 8] [1 2 3 6] [1 2 8] [] [] [] []
27 [] [1 2 3 4 5 6] [1 2] [1] [1 3] [1 2 6] [1 2 3 4] [1 2 3 4 5 6 7 11] [1 2 3 4 5 8] [1 2 3] [1 2 3 6] [1 2 8] [] [] [] [] []
28 [] [1 2] [1] [1 3] [1 2 6] [1 2 3 4] [1 2 3 4 5 6 7 11] [1 2 3 4 5 6] [1 2 3 4 5 8] [1 2 3] [1 2 3 6] [1 2 8] [] [] [] [] []
29 [] [1 3] [1 2 6] [1] [1 2 3 4] [1 2] [1 2 3 4 5 6 7 11] [1 2 3 4 5 6] [1 2 3 4 5 8] [1 2 3] [1 2 3 6] [1 2 8] [] [] [] [] []
30 [] [1] [1 2] [1 2 3 4 5 6 7 11] [1 2 3 4 5 6] [1 2 3 4] [1 2 3 4 5 8] [1 2 3] [1 2 3 6] [1 3] [1 2 8] [1 2 6] [] [] [] [] []
31 [] [1] [1 2 3 4 5 6 7 11] [1 2] [1 2 3 4 5 6] [1 2 3 4] [1 2 3 5] [1 2 3 4 5 8] [1 2 3] [1 2 3 6] [1 3] [1 2 8] [1 2 6] [] [] [] []
32 [] [1] [1 2] [1 2 3 4 5 6] [1 2 3 5] [1 2 3 4 5 8] [1 2 3] [1 2 3 6] [1 2 3 4] [1 3] [1 2 8] [1 2 6] [] [] [] [] []
33 [] [1] [1 2] [1 2 3 4 5 6] [1 2 3 5] [1 2 3 4 5 8] [1 2 3] [1 2 3 6] [1 2 3 4] [1 3] [1 2 8] [1 2 6] [] [] [] [] []
34 [] [1] [1 2] [1 2 3 4 5 6] [1 2 3 5] [1 2 3 4 5 8] [1 2 3] [1 2 3 6] [1 2 3 4] [1 3] [1 2 8] [1 2 6] [] [] [] [] []
35 [] [1] [1 2 3 4 5 6] [1 2 3 5] [1 2 3 4 5 8] [1 2 3] [1 2 3 6] [1 2] [1 2 3 4] [1 3] [1 2 8] [1 2 6] [] [] [] [] []
36 [] [1] [1 2 3 4 5 6] [1 2 3 5] [1 2 3 4 5 8] [1 2 3] [1 2 3 6] [1 2] [1 2 3 4] [1 3] [1 2 8] [1 2 6] [] [] [] [] []
37 [] [1 2 3 4 5 6] [1 2 3 5] [1] [1 2 3 4 5 8] [1 2 3] [1 2 3 6] [1 2] [1 2 3 4] [1 3] [1 2 8] [1 2 6] [] [] [] [] []
38 [] [1 2 3 5] [1] [1 2 3 4 5 8] [1 2 3] [1 2 3 6] [1 2] [1 2 3 4] [1 3] [1 2 3 4 5 6] [1 2 8] [1 2 6] [] [] [] [] []
39 [] [1 2 3 4 5 8] [1 2 3] [1 2 3 6] [1 2] [1 2 3 4] [1] [1 3] [1 2 3 4 5 6] [1 2 8] [1 2 6] [] [] [] [] [] []
40 [] [1 2 3] [1 2 3 6] [1 2] [1 2 3 4] [1] [1 3] [1 2 3 4 5 6] [1 2 8] [1 2 6] [] [] [] [] [] [] []
41 [] [1 2 3 6] [1 2] [1 2 3] [1 2 3 4] [1] [1 3] [1 2 3 4 5 6] [1 2 8] [1 2 6] [] [] [] [] [] [] []
42 [] [1 2] [1 2 3 4] [1] [1 3] [1 2 3] [1 2 3 4 5 6] [1 2 8] [1 2 6] [] [] [] [] [] [] [] []
43 [] [1 2 3 4] [1] [1 3] [1 2 3] [1 2 3 4 5 6] [1 2 8] [1 2] [1 2 6] [] [] [] [] [] [] [] []
44 [] [1] [1 3] [1 2 3 4] [1 2 3 4 5 6] [1 2] [1 2 6] [1 2 3] [] [] [] [] [] [] [] [] []
45 [] [1] [1 2 3 4] [1 2] [1 2 3 4 5 6] [1 2 6] [1 2 3] [] [] [] [] [] [] [] [] [] []
46 [] [1 2] [1 2 3 4 5 6] [1] [1 2 3 4] [1 2 6] [1 2 3] [] [] [] [] [] [] [] [] [] []
47 [] [1 2 3 4 5 6] [1] [1 2 3 4] [1 2 6] [1 2 3] [1 2] [] [] [] [] [] [] [] [] [] []
48 [] [1] [1 2 3 4] [1 2 6] [1 2 3] [1 2] [] [] [] [] [] [] [] [] [] [] []
49 [] [1 2 3 4] [1 2 6] [1] [1 2] [] [] [] [] [] [] [] [] [] [] [] []
50 [] [1 2 6] [1] [1 2] [] [] [] [] [] [] [] [] [] [] [] [] []
51 [] [1] [1 2] [] [] [] [] [] [] [] [] [] [] [] [] [] []
52 [] [1 2] [1] [] [] [] [] [] [] [] [] [] [] [] [] [] []
53 [] [1] [] [] [] [] [] [] [] [] [] [] [] [] [] [] []
