tech d1 d2 d3 d4 d5 d6 d7 d8 d9 d10 d11 d12 d13 d14 d15 dispo
1 3 1 2 3 2 4 3 3 3 3 3 3 4 4 4 [ 29 ]
2 5 3 3 3 4 4 5 3 5 3 4 3 5 5 4 [ ]
3 5 3 3 1 1 3 4 4 4 5 4 4 4 5 5 [ ]
4 1 1 1 1 1 2 1 1 0 0 0 0 0 0 0 [ ]
5 2 5 2 4 4 4 3 4 3 4 3 4 4 4 4 [ ]
6 3 0 4 4 4 3 3 3 3 4 4 3 5 4 4 [ ]
7 4 5 5 0 4 3 4 3 3 4 4 3 4 5 4 [ 18 ]
8 2 1 0 0 0 2 0 1 1 0 1 0 0 0 0 [ ]
9 0 0 0 0 2 0 0 1 1 0 2 1 1 1 0 [ ]
10 0 0 0 0 0 0 0 2 2 2 1 0 1 0 0 [ 10 ]
11 0 2 4 3 4 3 3 4 3 3 4 3 3 4 5 [ ]
12 5 3 2 3 4 3 3 4 5 5 5 3 4 3 4 [ 29 ]
13 2 1 1 0 1 0 0 0 0 0 0 0 0 0 0 [ ]
14 0 1 4 3 3 4 3 3 3 3 3 3 3 3 3 [ ]
15 1 0 0 1 0 2 1 1 0 1 0 0 0 0 0 [ ]
16 4 3 2 5 4 4 4 4 5 1 4 4 2 5 4 [ 2 30 ]
17 4 5 5 4 5 4 3 3 5 3 2 3 1 5 5 [ ]
18 4 5 5 3 4 5 5 4 4 4 5 1 1 4 3 [ 7 8 10 ]
19 0 1 0 2 0 0 0 0 2 0 2 0 0 1 1 [ ]
20 3 5 3 2 4 3 5 2 5 4 4 4 5 4 4 [ ]
21 3 3 3 3 4 3 3 3 3 4 3 3 3 3 4 [ ]
22 4 3 3 2 4 2 3 3 5 3 3 5 5 4 4 [ ]
23 3 3 1 4 3 3 3 3 3 3 3 3 4 4 3 [ ]
24 4 3 3 3 3 5 5 3 4 3 5 4 4 4 4 [ 1 ]
25 0 2 0 2 0 1 2 1 2 0 0 0 0 0 0 [ ]
26 0 0 2 1 1 0 0 0 0 0 1 0 0 0 0 [ ]
27 3 3 2 5 5 3 4 0 3 4 3 3 3 3 4 [ 14 23 ]
28 0 2 0 0 0 0 1 2 2 0 0 0 0 0 0 [ ]
29 4 5 3 3 2 4 0 2 4 3 3 3 3 4 3 [ ]
30 5 3 3 0 2 3 3 3 4 4 3 3 3 4 3 [ ]
31 0 0 0 2 0 0 0 0 0 0 2 2 0 2 2 [ 14 ]
32 2 0 2 2 0 2 0 0 0 1 1 0 0 0 0 [ ]
33 1 4 4 4 4 3 3 4 3 3 4 4 4 5 4 [ ]
34 1 5 5 4 2 3 4 4 3 5 5 4 4 5 5 [ ]
35 1 3 3 4 2 4 3 4 4 4 3 4 3 3 3 [ 4 7 8 ]
36 3 4 4 4 4 2 4 4 3 5 5 5 3 3 5 [ 5 16 ]
37 0 1 4 4 4 3 3 4 4 4 3 3 3 3 3 [ ]
38 3 1 5 3 3 4 4 3 5 4 4 5 4 5 5 [ 19 ]
39 4 4 4 5 4 3 1 3 1 1 5 4 4 4 5 [ 10 25 ]
40 4 2 5 4 5 4 5 3 5 5 5 4 4 4 5 [ 13 ]
41 4 3 3 5 4 5 3 3 1 4 5 5 5 4 5 [ 17 ]
42 3 4 3 3 0 4 4 3 4 4 3 4 3 5 3 [ ]
43 3 1 2 3 3 3 4 5 3 5 4 4 5 4 5 [ ]
44 0 2 2 0 0 0 0 2 1 2 0 0 0 0 0 [ 5 ]
45 3 3 1 1 5 5 4 5 4 3 3 4 3 5 5 [ ]
46 4 2 5 4 4 3 5 4 5 4 5 3 2 2 5 [ 15 ]
47 3 4 3 1 5 4 3 3 3 5 4 5 5 3 3 [ 20 ]
48 4 0 3 4 3 3 3 3 3 3 4 4 3 4 4 [ 26 ]
49 4 1 3 3 3 4 3 3 5 4 4 4 4 3 4 [ 12 ]
50 2 1 2 1 0 0 0 0 0 0 0 0 0 0 0 [ ]
51 3 2 5 4 3 4 4 3 1 4 4 3 3 3 3 [ 22 26 ]
52 4 1 3 4 3 5 5 5 5 4 4 5 4 5 4 [ ]
53 0 0 0 2 0 0 0 2 0 2 0 0 0 1 1 [ ]
54 0 0 2 0 1 2 0 0 0 0 2 2 0 0 0 [ 23 ]
55 3 5 3 2 5 4 4 3 3 4 4 4 4 5 4 [ 12 14 ]
56 3 5 3 3 4 4 3 5 2 3 4 4 3 5 4 [ ]
57 4 4 5 4 1 2 5 2 5 5 4 4 5 4 5 [ 1 ]
58 3 5 5 1 5 2 2 2 3 3 3 3 4 3 5 [ ]
59 4 1 3 3 4 4 5 4 5 4 5 5 5 4 5 [ ]
60 4 2 4 4 5 2 3 1 4 4 5 4 4 4 5 [ ]
61 4 0 1 4 3 4 3 4 4 4 4 4 3 4 4 [ 16 28 ]
62 4 5 4 5 5 5 4 5 3 5 2 3 5 4 4 [ ]
63 5 5 3 2 5 3 2 3 3 5 3 3 3 3 5 [ ]
64 1 3 5 3 5 3 3 5 4 4 3 4 4 4 4 [ ]
65 3 4 4 4 4 5 4 4 5 4 4 4 4 3 5 [ ]
66 2 2 5 5 3 5 3 5 4 5 5 5 4 4 5 [ 29 ]
67 1 2 2 0 2 0 2 0 0 0 2 0 0 1 0 [ 24 ]
68 4 1 3 5 4 5 4 5 3 5 5 5 4 4 4 [ ]
69 1 3 5 4 5 3 3 3 3 4 4 5 4 4 4 [ 2 ]
70 4 3 5 4 4 4 4 0 3 0 3 4 4 4 4 [ ]
