tech d1 d2 d3 d4 d5 d6 dispo
1 6 3 4 6 6 5 [ 2 4 11 17 ]
2 0 0 0 0 0 2 [ 1 7 8 20 22 ]
3 0 0 0 1 0 0 [ 2 6 7 ]
4 2 0 0 0 0 1 [ 1 19 ]
5 4 2 5 3 6 4 [ 18 27 ]
6 2 6 5 2 3 6 [ 16 17 ]
7 3 2 6 3 6 4 [ 26 28 ]
8 0 0 1 0 0 0 [ 11 24 ]
9 5 5 4 3 5 3 [ 4 10 12 18 22 29 ]
10 0 2 2 0 0 0 [ 23 ]
11 0 2 0 0 0 0 [ 9 11 15 20 ]
12 0 0 1 0 0 0 [ 26 ]
13 0 0 2 0 0 0 [ 5 18 26 ]
14 4 1 3 4 6 6 [ 15 22 ]
15 3 3 1 5 4 4 [ 7 14 23 29 ]
16 3 4 3 6 6 4 [ 6 20 27 28 ]
17 4 3 3 4 6 5 [ 3 18 ]
18 3 1 4 5 4 3 [ 6 10 ]
19 3 1 5 6 4 6 [ 12 25 27 ]
20 6 3 3 1 6 5 [ 3 7 12 16 ]
