tech d1 d2 d3 d4 d5 d6 d7 d8 d9 d10 d11 d12 d13 d14 d15 dispo
1 0 4 4 4 4 2 3 3 3 4 2 3 2 2 3 [ 15 ]
2 2 2 2 3 4 3 2 3 2 3 3 3 2 2 3 [ 3 10 ]
3 1 3 2 3 3 2 2 3 3 2 2 3 2 2 2 [ 27 ]
4 2 1 3 2 3 3 3 3 3 3 1 3 2 2 2 [ 9 ]
5 1 0 0 1 0 1 2 0 2 0 0 0 0 0 0 [ 14 ]
6 2 2 2 2 0 2 1 2 2 3 3 3 2 3 2 [ 10 17 23 28 ]
7 0 0 0 0 2 1 2 1 0 0 0 0 0 0 0 [ 4 14 16 21 ]
8 0 2 2 1 0 0 2 0 0 1 0 0 0 0 0 [ 12 ]
9 2 1 2 0 0 2 0 0 0 0 0 0 0 0 0 [ 22 ]
10 1 2 2 3 2 2 3 2 2 2 3 3 3 3 4 [ 9 10 ]
11 2 1 2 3 2 2 3 3 2 2 2 2 2 3 3 [ 13 29 ]
12 0 0 0 1 0 0 1 0 0 1 0 0 0 1 0 [ ]
13 2 1 2 2 3 3 2 3 3 2 3 2 2 2 2 [ 5 ]
14 1 2 0 1 0 0 1 1 0 0 0 2 0 0 0 [ ]
15 0 0 2 0 0 2 2 0 0 0 0 1 0 0 0 [ 18 25 ]
16 0 3 2 3 3 2 2 3 3 2 3 3 2 3 2 [ 8 9 20 30 ]
17 0 1 0 2 2 0 0 0 1 0 0 0 0 0 0 [ 9 13 26 27 ]
18 2 3 3 4 4 2 3 2 0 0 1 3 3 4 4 [ 7 23 ]
19 3 2 2 1 0 3 2 3 3 2 3 3 3 3 3 [ 9 ]
20 2 2 0 1 1 0 0 0 0 0 0 0 0 0 0 [ ]
21 0 1 0 0 1 1 0 0 0 1 0 2 2 0 0 [ ]
22 2 0 2 3 3 2 3 2 2 3 2 2 2 2 2 [ 2 ]
23 4 3 3 3 0 4 0 0 2 2 2 3 2 2 2 [ ]
24 0 2 0 2 1 0 0 0 0 2 0 0 0 0 0 [ 17 ]
25 3 4 4 4 2 2 2 3 2 3 3 4 3 3 4 [ 1 ]
26 1 1 4 2 0 2 2 2 3 2 2 3 3 2 2 [ 5 6 ]
27 2 0 3 1 4 0 1 0 0 2 2 0 0 0 0 [ 16 19 ]
28 3 3 2 4 2 3 2 3 3 2 3 2 2 3 2 [ ]
29 0 2 2 2 2 3 3 2 3 2 2 2 3 3 2 [ 6 21 28 ]
30 3 2 0 2 1 1 3 3 3 3 3 3 3 2 2 [ 20 ]
31 0 0 3 2 3 0 2 3 2 2 3 2 2 2 3 [ 18 ]
32 2 3 3 1 3 2 3 2 2 2 2 3 3 3 2 [ 17 ]
33 2 2 2 1 3 3 2 2 0 3 2 2 2 3 3 [ 1 12 ]
34 3 2 2 3 2 3 3 3 2 3 3 2 3 3 3 [ 19 23 ]
35 0 3 2 3 2 2 3 3 3 2 3 3 3 2 2 [ 16 18 19 ]
36 1 2 2 2 2 2 2 3 2 2 2 3 2 3 3 [ 11 ]
37 0 3 1 2 0 3 2 2 3 2 3 2 3 3 2 [ 10 28 ]
38 2 3 2 2 2 3 2 2 2 2 2 3 3 3 2 [ 6 ]
39 2 2 2 3 2 3 2 0 2 3 2 2 3 2 2 [ 1 ]
40 1 2 3 2 3 3 2 3 3 2 3 3 2 2 3 [ 19 28 ]
41 0 3 0 3 0 3 3 2 2 3 3 2 2 2 2 [ 2 ]
42 2 3 2 2 2 3 3 2 1 2 2 3 1 3 2 [ ]
43 2 2 2 2 2 2 2 3 2 2 3 3 2 2 3 [ 12 ]
44 2 2 2 0 3 2 3 3 3 3 2 2 2 3 3 [ ]
45 2 3 3 2 1 3 0 3 2 3 2 3 2 3 3 [ 5 6 8 ]
46 0 3 2 3 2 0 2 1 3 3 2 2 2 3 2 [ ]
47 2 2 0 2 3 2 2 3 2 3 3 2 3 2 2 [ 15 19 20 ]
48 3 3 1 0 1 3 3 2 2 3 3 2 3 3 2 [ 8 ]
49 3 2 4 4 3 0 3 3 2 2 3 2 3 3 4 [ 26 ]
50 3 2 3 0 2 3 2 3 3 2 4 3 4 3 4 [ ]
51 2 1 3 4 2 3 2 2 2 2 2 2 3 2 3 [ 17 ]
52 4 2 3 0 3 2 3 2 3 2 2 2 3 3 4 [ 5 14 21 26 29 30 ]
53 2 3 3 1 3 3 4 1 0 2 3 4 4 4 4 [ ]
54 2 3 2 3 2 3 3 2 2 3 4 3 4 3 4 [ ]
55 3 4 1 0 2 0 3 2 2 2 3 3 3 2 3 [ ]
56 4 3 3 3 0 2 1 2 2 3 2 3 3 3 2 [ 22 ]
57 2 2 3 1 2 3 4 3 2 1 3 2 2 2 3 [ ]
58 0 4 3 2 2 2 3 3 2 3 2 2 4 4 3 [ 8 ]
59 3 1 3 3 4 1 3 4 4 2 2 2 3 4 3 [ 21 25 ]
60 3 1 2 3 4 3 2 2 4 2 3 4 4 3 3 [ 11 29 30 ]
