interv day time team
1 1 0 1
2 2 0 1
3 130 0 1
4 131 0 1
5 132 0 1
6 133 0 1
7 134 0 1
8 6 90 1
9 134 90 2
10 197 0 1
11 198 0 1
12 199 0 1
13 200 0 1
14 135 90 2
15 142 60 6
16 2 30 2
17 3 0 1
18 201 0 1
19 202 0 1
20 203 0 1
21 204 0 1
22 205 0 1
23 206 0 1
24 53 0 1
25 66 30 1
26 2 90 4
27 4 0 1
28 5 0 1
29 5 30 2
30 5 90 3
31 66 60 12
32 144 60 5
33 66 90 12
34 53 60 2
35 53 90 3
36 207 0 1
37 54 0 1
38 55 0 1
39 6 0 1
40 134 60 2
41 135 0 1
42 135 60 2
43 56 0 1
44 54 30 4
45 136 0 1
46 137 0 1
47 138 0 1
48 139 0 1
49 140 0 1
50 141 0 1
51 207 60 2
52 142 90 6
53 208 0 1
54 142 0 1
55 54 60 5
56 54 90 5
57 6 30 1
58 57 0 1
59 57 30 1
60 57 90 2
61 58 0 1
62 6 60 1
63 143 0 1
64 144 0 1
65 209 0 1
66 210 0 1
67 211 0 1
68 212 0 1
69 213 0 1
70 214 0 1
71 58 60 2
72 215 0 1
73 216 0 1
74 217 0 1
75 218 0 1
76 219 0 1
77 220 0 1
78 145 0 1
79 146 0 1
80 147 0 1
81 148 0 1
82 149 0 1
83 7 0 1
84 8 0 1
85 9 0 1
86 10 0 1
87 59 0 1
88 208 30 4
89 60 0 1
90 61 0 1
91 62 0 1
92 63 0 1
93 64 0 1
94 65 0 1
95 150 0 1
96 151 0 1
97 58 90 2
98 66 0 1
99 221 0 1
100 222 0 1
101 223 0 1
102 224 0 1
103 225 0 1
104 226 0 1
105 227 0 1
106 67 0 1
107 11 0 1
108 12 0 1
109 68 0 1
110 69 0 1
111 70 0 1
112 71 0 1
113 72 0 1
114 73 0 1
115 228 0 1
116 229 0 1
117 230 0 1
118 231 0 1
119 232 0 1
120 233 0 1
121 234 0 1
122 235 0 1
123 236 0 1
124 74 0 1
125 75 0 1
126 76 0 1
127 237 0 1
128 238 0 1
129 77 0 1
130 78 0 1
131 79 0 1
132 80 0 1
133 81 0 1
134 82 0 1
135 152 0 1
136 83 0 1
137 84 0 1
138 85 0 1
139 86 0 1
140 87 0 1
141 13 0 1
142 239 0 1
143 240 0 1
144 241 0 1
145 242 0 1
146 243 0 1
147 244 0 1
148 14 0 1
149 15 0 1
150 16 0 1
151 17 0 1
152 18 0 1
153 19 0 1
154 20 0 1
155 88 0 1
156 89 0 1
157 90 0 1
158 91 0 1
159 92 0 1
160 93 0 1
161 94 0 1
162 95 0 1
163 96 0 1
164 97 0 1
165 98 0 1
166 153 0 1
167 154 0 1
168 21 0 1
169 22 0 1
170 23 0 1
171 24 0 1
172 25 0 1
173 26 0 1
174 245 0 1
175 246 0 1
176 247 0 1
177 248 0 1
178 99 0 1
179 100 0 1
180 101 0 1
181 102 0 1
182 103 0 1
183 104 0 1
184 155 0 1
185 249 0 1
186 250 0 1
187 251 0 1
188 252 0 1
189 253 0 1
190 254 0 1
191 255 0 1
192 27 0 1
193 28 0 1
194 29 0 1
195 30 0 1
196 31 0 1
197 32 0 1
198 33 0 1
199 34 0 1
200 35 0 1
201 36 0 1
202 37 0 1
203 38 0 1
204 105 0 1
205 156 0 1
206 157 0 1
207 158 0 1
208 159 0 1
209 160 0 1
210 161 0 1
211 162 0 1
212 163 0 1
213 256 0 1
214 257 0 1
215 258 0 1
216 39 0 1
217 40 0 1
218 164 0 1
219 165 0 1
220 166 0 1
221 167 0 1
222 168 0 1
223 41 0 1
224 42 0 1
225 43 0 1
226 44 0 1
227 45 0 1
228 46 0 1
229 47 0 1
230 259 0 1
231 260 0 1
232 261 0 1
233 169 0 1
234 170 0 1
235 171 0 1
236 172 0 1
237 173 0 1
238 174 0 1
239 106 0 1
240 107 0 1
241 108 0 1
242 109 0 1
243 110 0 1
244 111 0 1
245 112 0 1
246 113 0 1
247 114 0 1
248 115 0 1
249 116 0 1
250 117 0 1
251 118 0 1
252 119 0 1
253 120 0 1
254 121 0 1
255 122 0 1
256 123 0 1
257 48 0 1
258 49 0 1
259 50 0 1
260 51 0 1
261 52 0 1
262 175 0 1
263 176 0 1
264 177 0 1
265 178 0 1
266 262 0 1
267 124 0 1
268 125 0 1
269 126 0 1
270 127 0 1
271 128 0 1
272 129 0 1
273 179 0 1
274 180 0 1
275 263 0 1
276 264 0 1
277 265 0 1
278 266 0 1
279 267 0 1
280 268 0 1
281 269 0 1
282 270 0 1
283 271 0 1
284 272 0 1
285 181 0 1
286 182 0 1
287 183 0 1
288 184 0 1
289 185 0 1
290 186 0 1
291 187 0 1
292 188 0 1
293 189 0 1
294 190 0 1
295 191 0 1
296 192 0 1
297 193 0 1
298 194 0 1
299 195 0 1
300 196 0 1
