day not_working team1 team2 team3 team4 team5 team6 team7 team8 team9 team10 team11 team12 team13 team14 team15 team16 team17 team18 team19 team20 team21 team22 team23 team24 team25 team26 team27 team28 team29 team30 team31 team32 team33 team34 team35 team36 team37 team38 team39 team40
1 [16 18 33 35 36 38 50] [1 2 4 5 11 13 19] [1] [1 2 4 13] [1 2 4 5] [1 2] [1 2 4 11] [1 2 4 5 11 20] [1 2 3 4 13] [1 2 3 4 5 13] [1 2 4 5 6 13] [1 11 13] [1 2 4 5 6 11 13 19 20] [1 2 4 5 13] [1 2 4 5 6 11] [1 2 4] [1 2 13] [1 2 4 5 6 7] [1 2 4 11 20 23] [1 2 3 4 5] [1 2 3 11 13] [1 2 5 11] [1 2 4 5 6 13 19] [1 2 11] [1 2 4 5 6 13 19 20] [1 2 4 5 11 13] [1 2 4 5 12] [1 2 4 5 6] [1 2 4 5 11] [1 2 4 11 20] [1 2 3 4] [1 2 3] [1 2 4 11 13] [1 2 3 4 5 11 20] [] [] [] [] [] [] []
2 [1 27 46 50] [2] [2 4 5 13] [2 4 5 6] [2 4] [2 4 5 11] [2 3] [2 4 5 6 11 20] [2 3 4 5 12 13] [2 3 4 5 6 13] [2 4 5 6 7 13] [2 5 11 13] [2 4 5 6 7 11 13 16 20] [2 4 5] [2 4 5 6 13] [2 4 5 6 7 11] [2 3 4 5] [2 3 4 5 13] [2 4 5 6 7 10] [2 4 5 8 11 20 23] [2 3 4 5 6] [2 3 4 5 11 13] [2 4 5 6 11] [2 3 4 5 6 8 13] [2 4 5 6 7 13 16] [2 4 11] [2 4 5 6 7 13 16 18] [2 4 5 6 11 13] [2 4 5 6 8 11 20] [2 4 5 6 8 12 16] [2 4 5 6 7] [2 3 4 5 6 11 12 13] [2 3 4 8 13 18] [2 4 5 11 20] [2 4 5 8] [2 3 4] [2 3 4 5 6 7 11 13 16 18 20] [2 4 5 11 13] [2 3 4 5 8 13] [2 4 5 8 11 20] [2 3 4 5 6 8 11 20]
3 [10 24] [1 2 4 5] [1 2 4 11] [1 2] [1 2 4 5 11 20] [1] [1 2 3 4 13] [1 2 3 4 5 13] [1 2 4 5 6 13] [1 11 13] [1 2 4 5 6 11 13 16 20] [1 2 4 5 13] [1 2 4 5 6 11] [1 2 4] [1 2 13] [1 2 4 5 6 7] [1 2 4 11 20 23] [1 2 3 4 5] [1 2 3 11 13] [1 2 5 11] [1 2 4 5 6 13 16] [1 2 11] [1 2 4 5 6 13 16 18] [1 2 4 5 11 13] [1 2 4 5 12] [1 2 4 5 6] [1 2 4 5 11] [1 2 4 11 20] [1 2 3 4] [1 2 4 13] [1 2 3] [1 2 4 5 6 11 13 16 18 20] [1 2 4 11 13] [1 2 3 4 5 11 20] [] [] [] [] [] [] []
4 [2 18 30 32 43] [1 4 5 11] [1 3] [1 4 5 6 11 20] [1] [1 4] [1 3 4 13] [1 3 4 5 13] [1 4 5 6 13] [1 11 13] [1 4 5 6 11 13 16 20] [1 4 5 13] [1 4 5 6 11] [1 3 4 5] [1 4 5 6 7] [1 4 5] [1 4 5 8 11 20 23] [1 3 4 5 6] [1 3 4 11 13] [1 3 4 5 8 13] [1 4 5 6 13 16] [1 4 11] [1 4 5 6 13 16 19] [1 4 5 11 13] [1 4 5 8 11 20] [1 4 5 11 20] [1 4 5 12] [1 4 5 6] [1 3 4 5 6 11] [1 3 4 8 13] [1 4 13] [1 4 5 8] [1 3 4] [1 4 5 6 11 13] [1 3 4 5 6 11 13 16 19 20] [1 3 4 5 8 11 20] [] [] [] [] []
5 [6 16 23 25 34] [1 2] [1 2 4 5 11 20] [1] [1 2 3 4 13] [1 2 3 4 5 13] [1 2 4 5 7 13] [1 11 13] [1 2 4 5 7 11 13 18 20] [1 2 4 5 13] [1 2 4 5 7 11] [1 2 4] [1 2 13] [1 2 4 5 7 10] [1 2 4 5] [1 2 4 11 20 28] [1 2 3 4 5] [1 2 3 11 13] [1 2 5 11] [1 2 4 5 7 13 18] [1 2 11] [1 2 4 5 7 13 18 19] [1 2 4 5 11 13] [1 2 4 5 12] [1 2 4 5 7] [1 2 4 5 11] [1 2 4 11 20] [1 2 3 4] [1 2 4 13] [1 2 3] [1 2 4 5 7 11 13 18 19 20] [1 2 4 11 13] [1 2 3 4 5 11 20] [] [] [] [] [] [] [] []
6 [18 24 32 40 42] [1 2] [1 2 3 4 13] [1 2 3 4 5 13] [1 2 4 5 6 13] [1 11 13] [1 2 4 5 6 11 13 16 20] [1 2 4 5 13] [1 2 4 5 6 11] [1 2 4] [1 2 13] [1 2 4 5 6 7] [1] [1 2 4 5] [1 2 4 11 20 23] [1 2 3 4 5] [1 2 3 11 13] [1 2 5 11] [1 2 4 5 6 13 16] [1 2 11] [1 2 4 5 6 13 16 19] [1 2 4 5 11 13] [1 2 4 5 11 20] [1 2 4 5 12] [1 2 4 5 6] [1 2 4 5 11] [1 2 4 11 20] [1 2 3 4] [1 2 4 13] [1 2 3] [1 2 4 5 6 11 13 16 19 20] [1 2 4 11 13] [1 2 3 4 5 11 20] [] [] [] [] [] [] [] []
7 [1 15 23 32 33] [2 3 4 5 12 13] [2 4] [2 3 4 5 6 13] [2 4 5 6 7 13] [2 5 11 13] [2 4 5 6 7 11 13 16 20] [2 4 5] [2 4 5 6 13] [2 4 5 6 7 11] [2 3 4 5] [2 3 4 5 13] [2 4 5 6 7 10] [2] [2 3] [2 4 5 8 11 20 28] [2 3 4 5 6] [2 3 4 5 11 13] [2 4 5 6 11] [2 3 4 5 6 8 13] [2 4 5 6 7 13 16] [2 4 5 6] [2 4 11] [2 4 5 6 7 13 16 18] [2 4 5 6 11 13] [2 4 5 6 8 11 20] [2 4 5 6 11 20] [2 4 5 6 8 12 16] [2 4 5 6 7] [2 3 4 5 6 11 12 13] [2 3 4 8 13 18] [2 4 5 11 20] [2 4 5 13] [2 4 5 8] [2 3 4] [2 4 5 11] [2 3 4 5 6 7 11 13 16 18 20] [2 4 5 11 13] [2 3 4 5 8 13] [2 4 5 8 11 20] [2 3 4 5 6 8 11 20]
8 [2 12 14 32 36 44] [1 3 4 13] [1 4] [1 3 4 5 13] [1 4 5 6 13] [1 11 13] [1 4 5 6 11 13 16 20] [1 4 5 13] [1 4 5 6 11] [1 3 4 5] [1 4 5 6 7] [1] [1 3] [1 4 5] [1 4 5 8 11 20 23] [1 3 4 5 6] [1 3 4 11 13] [1 4 5 11] [1 3 4 5 8 13] [1 4 5 6 13 16] [1 4 11] [1 4 5 6 13 16 18] [1 4 5 11 13] [1 4 5 8 11 20] [1 4 5 11 20] [1 4 5 16] [1 4 5 6] [1 3 4 5 6 11] [1 3 4 8 13] [1 4 13] [1 4 5 8] [1 3 4] [1 4 5 6 11 13] [1 3 4 5 6 11 13 16 18 20] [1 3 4 5 8 11 20] [] [] [] [] [] []
9 [20 32 42 47 49] [1 2 3 4 13] [1 2] [1 2 3 4 5 13] [1 2 4 5 6 13] [1 11 13] [1 2 4 5 6 11 13 16 23] [1 2 4 5 13] [1 2 4 5 6 11] [1 2 4] [1 2 13] [1 2 4 5 6 7] [1] [1 2 4 5] [1 2 4 11 23 28] [1 2 3 4 5] [1 2 3 11 13] [1 2 5 11] [1 2 4 5 6 13 16] [1 2 11] [1 2 4 5 6 13 16 18] [1 2 4 5 11 13] [1 2 4 5 11 23] [1 2 4 5 12] [1 2 4 5 6] [1 2 4 5 11] [1 2 4 11 23] [1 2 3 4] [1 2 4 13] [1 2 3] [1 2 4 5 6 11 13 16 18 23] [1 2 4 11 13] [1 2 3 4 5 11 23] [] [] [] [] [] [] [] []
10 [7 13 17 20 28 35 45] [1 2 3 4 16] [1 2] [1 2 3 4 5 16] [1 2 4 5 6 16] [1 11 16] [1 2 4 5 6 11 16 18 23] [1 2 4 5 16] [1 2 4 5 6 11] [1 2 4] [1 2 16] [1 2 4 5 6 10] [1] [1 2 4 5] [1 2 4 11 23 41] [1 2 3 4 5] [1 2 3 11 16] [1 2 5 11] [1 2 4 5 6 16 18] [1 2 11] [1 2 4 5 6 16 18 19] [1 2 4 5 11 16] [1 2 4 5 11 23] [1 2 4 5 12] [1 2 4 5 6] [1 2 4 5 11] [1 2 3 4 18] [1 2 4 11 23] [1 2 3 4] [1 2 4 16] [1 2 3] [1 2 4 5 6 11 16 18 19 23] [1 2 4 11 16] [1 2 3 4 5 11 23] [] [] [] [] [] [] []
11 [2 10 11 20 45] [1 4] [1 3 4 5 13] [1 4 5 6 13] [1 13 23] [1 4 5 6 13 16 23 28] [1 4 5 13] [1 4 5 6 23] [1 3 4 5] [1 3 4 13] [1 4 5 6 7] [1] [1 3] [1 4 5] [1 4 5 8 23 28 41] [1 3 4 5 6] [1 3 4 13 23] [1 4 5 23] [1 3 4 5 8 13] [1 4 5 6 13 16] [1 4 23] [1 4 5 6 13 16 18] [1 4 5 13 23] [1 4 5 8 23 28] [1 4 5 23 28] [1 4 5 12] [1 4 5 6] [1 3 4 5 6 23] [1 3 4 8 13] [1 4 13] [1 4 5 8] [1 3 4] [1 4 5 6 13 23] [1 3 4 5 6 13 16 18 23 28] [1 3 4 5 8 23 28] [] [] [] [] [] []
12 [10 34 39] [1 2] [1 2 3 4 5 13] [1 2 4 5 6 13] [1 11 13] [1 2 4 5 6 11 13 16 20] [1 2 4 5 13] [1 2 4 5 6 11] [1 2 4] [1 2 13] [1 2 4 5 6 7] [1] [1 2 4 5] [1 2 4 11 20 23] [1 2 3 4 5] [1 2 3 11 13] [1 2 5 11] [1 2 4 5 6 13 16] [1 2 11] [1 2 4 5 6 13 16 18] [1 2 4 5 11 13] [1 2 4 5 11 20] [1 2 4 5 12] [1 2 4 5 6] [1 2 4 5 11] [1 2 3 4 13] [1 2 4 11 20] [1 2 3 4] [1 2 4 13] [1 2 3] [1 2 4 5 6 11 13 16 18 20] [1 2 4 11 13] [1 2 3 4 5 11 20] [] [] [] [] [] [] [] []
13 [29 35 47] [1 2 3 4 5 13] [1 2 4 5 6 13] [1 11 13] [1 2 4 5 6 11 13 16 20] [1 2] [1 2 4 5 13] [1 2 4 5 6 11] [1 2 4] [1 2 13] [1 2 4 5 6 7] [1] [1 2 4 5] [1 2 4 11 20 23] [1 2 3 4 5] [1 2 3 11 13] [1 2 5 11] [1 2 4 5 6 13 16] [1 2 11] [1 2 4 5 6 13 16 18] [1 2 4 5 11 13] [1 2 4 5 11 20] [1 2 4 5 12] [1 2 4 5 6] [1 2 4 5 11] [1 2 3 4 13] [1 2 4 11 20] [1 2 3 4] [1 2 4 13] [1 2 3] [1 2 4 5 6 11 13 16 18 20] [1 2 4 11 13] [1 2 3 4 5 11 20] [] [] [] [] [] [] [] []
14 [18 23 49] [1 2 4 5 6 13] [1 11 13] [1 2 4 5 6 11 13 16 20] [1 2] [1 2 4 5 13] [1 2 4 5 6 11] [1 2 4] [1 2 13] [1 2 4 5 6 7] [1] [1 2 4 5] [1 2 4 11 20 28] [1 2 3 4 5] [1 2 3 11 13] [1 2 5 11] [1 2 3 4 5 13] [1 2 4 5 6 13 16] [1 2 11] [1 2 4 5 6 13 16 19] [1 2 4 5 11 13] [1 2 4 5 11 20] [1 2 4 5 12] [1 2 4 5 6] [1 2 4 5 11] [1 2 3 4 13] [1 2 4 11 20] [1 2 3 4] [1 2 4 13] [1 2 3] [1 2 4 5 6 11 13 16 19 20] [1 2 4 11 13] [1 2 3 4 5 11 20] [] [] [] [] [] [] [] []
15 [5] [1 2 4 6 7 13] [1 11 13] [1 2 4 6 7 11 13 16 20] [1 2] [1 2 4 6 13] [1 2 4 6 7 11] [1 2 4] [1 2 13] [1 2 4 6 7 10] [1] [1 2 4 11] [1 2 4 11 20 23] [1 2 3 4 6] [1 2 3 11 13] [1 2 6 11] [1 2 3 4 6 13] [1 2 4 6 7 13 16] [1 2 4 6] [1 2 11] [1 2 4 6 7 13 16 18] [1 2 4 6 11 13] [1 2 4 6 11 20] [1 2 4 6 8 12] [1 2 4 6 7] [1 2 4 6 11] [1 2 3 4 13] [1 2 4 11 20] [1 2 3 4] [1 2 4 13] [1 2 3] [1 2 4 6 7 11 13 16 18 20] [1 2 4 11 13] [1 2 3 4 6 11 20] [] [] [] [] [] [] []
16 [29] [1 2 4 5 6 13] [1 11 13] [1 2 4 5 6 11 13 16 20] [1 2] [1 2 4 5 13] [1 2 4 5 6 11] [1 2 4] [1 2 13] [1 2 4 5 6 7] [1] [1 2 4 5] [1 2 4 11 20 23] [1 2 3 4 5] [1 2 3 11 13] [1 2 5 11] [1 2 3 4 5 13] [1 2 4 5 6 13 16] [1 2 11] [1 2 4 5 6 13 16 18] [1 2 4 5 11 13] [1 2 4 5 11 20] [1 2 4 5 12] [1 2 4 5 6] [1 2 4 5 11] [1 2 3 4 13] [1 2 4 11 20] [1 2 3 4] [1 2 4 13] [1 2 3] [1 2 4 5 6 11 13 16 18 20] [1 2 4 11 13] [1 2 3 4 5 11 20] [] [] [] [] [] [] [] []
17 [12 17 22 30 40] [1 2 4 5 6 13] [1 11 13] [1 2 4 5 6 11 13 16 20] [1 2] [1 2 4 5 13] [1 2 4 5 6 11] [1 2 4] [1 2 13] [1 2 4 5 6 7] [1] [1 2 4 5] [1 2 4 11 20 23] [1 2 3 4 5] [1 2 3 11 13] [1 2 5 11] [1 2 3 4 5 13] [1 2 4 5 6 13 16] [1 2 11] [1 2 4 5 6 13 16 18] [1 2 4 5 11 13] [1 2 4 5 11 20] [1 2 4 5 16] [1 2 4 5 6] [1 2 4 5 11] [1 2 3 4 13] [1 2 4 11 20] [1 2 3 4] [1 2 4 13] [1 2 3] [1 2 4 5 6 11 13 16 18 20] [1 2 4 11 13] [1 2 3 4 5 11 20] [] [] [] [] [] [] [] []
18 [17 19 20 35] [1 2 4 5 6 13] [1 11 13] [1 2 4 5 6 11 13 16 23] [1 2] [1 2 4 5 13] [1 2 4 5 6 11] [1 2 4] [1 2 13] [1 2 4 5 6 7] [1] [1 2 4 5] [1 2 4 11 23 28] [1 2 3 4 5] [1 2 3 11 13] [1 2 5 11] [1 2 3 4 5 13] [1 2 4 5 6 13 16] [1 2 11] [1 2 4 5 6 13 16 18] [1 2 4 5 11 13] [1 2 4 5 11 23] [1 2 4 5 12] [1 2 4 5 6] [1 2 4 5 11] [1 2 3 4 13] [1 2 4 11 23] [1 2 3 4] [1 2 4 13] [1 2 3] [1 2 4 5 6 11 13 16 18 23] [1 2 4 11 13] [1 2 3 4 5 11 23] [] [] [] [] [] [] [] []
19 [15 31 36 43 47] [1 11 13] [1 2 4 5 6 11 13 16 20] [1 2] [1 2 4 5 13] [1 2 4 5 6 11] [1 2 4] [1 2 13] [1 2 4 5 6 7] [1] [1 2 4 5] [1 2 4 11 20 23] [1 2 3 4 5] [1 2 3 11 13] [1 2 5 11] [1 2 3 4 5 13] [1 2 4 5 6 13 16] [1 2 11] [1 2 4 5 6 13 16 18] [1 2 4 5 11 13] [1 2 4 5 11 20] [1 2 4 5 12] [1 2 4 5 6] [1 2 4 5 11] [1 2 3 4 13] [1 2 4 11 20] [1 2 3 4] [1 2 4 13] [1 2 3] [1 2 4 5 6 11 13 16 18 20] [1 2 4 11 13] [1 2 3 4 5 11 20] [] [] [] [] [] [] [] [] []
20 [27 30 43] [1 11 13] [1 2 4 5 6 11 13 16 20] [1 2] [1 2 4 5 13] [1 2 4 5 6 11] [1 2 4] [1 2 13] [1 2 4 5 6 7] [1] [1 2 4 5] [1 2 4 11 20 23] [1 2 3 4 5] [1 2 3 11 13] [1 2 5 11] [1 2 3 4 5 13] [1 2 4 5 6 13 16] [1 2 11] [1 2 4 5 6 13 16 18] [1 2 4 5 11 13] [1 2 4 5 11 20] [1 2 4 5 12] [1 2 4 5 6] [1 2 4 5 11] [1 2 3 4 13] [1 2 4 11 20] [1 2 3 4] [1 2 4 13] [1 2 3] [1 2 4 5 6 11 13 16 18 20] [1 2 4 11 13] [1 2 3 4 5 11 20] [] [] [] [] [] [] [] [] []
21 [22 39 40 41 45 46] [1 2 4 5 6 11 13 16 20] [1 2] [1 2 4 5 13] [1 2 4 5 6 11] [1 2 4] [1 2 13] [1 2 4 5 6 7] [1] [1 2 4 5] [1 2 4 11 20 23] [1 2 3 4 5] [1 2 3 11 13] [1 2 5 11] [1 2 3 4 5 13] [1 2 4 5 6 13 16] [1 2 11] [1 2 4 5 6 13 16 18] [1 2 4 5 11 13] [1 2 4 5 11 20] [1 2 4 5 12] [1 2 4 5 6] [1 2 4 5 11] [1 2 3 4 13] [1 2 4 11 20] [1 2 3 4] [1 2 4 13] [1 2 3] [1 2 4 5 6 11 13 16 18 20] [1 2 4 11 13] [1 2 3 4 5 11 20] [] [] [] [] [] [] [] [] [] []
22 [30] [1 2 4 5 6 11 13 16 20] [1 2] [1 2 4 5 13] [1 2 4 5 6 11] [1 2 4] [1 2 13] [1 2 4 5 6 7] [1] [1 2 4 5] [1 2 4 11 20 23] [1 2 3 4 5] [1 2 3 11 13] [1 2 5 11] [1 2 3 4 5 13] [1 2 4 5 6 13 16] [1 2 11] [1 2 4 5 6 13 16 18] [1 2 4 5 11 13] [1 2 4 5 11 20] [1 2 4 5 12] [1 2 4 5 6] [1 2 4 5 11] [1 2 3 4 13] [1 2 4 11 20] [1 2 3 4] [1 2 4 13] [1 2 3] [1 2 4 5 6 11 13 16 18 20] [1 2 4 11 13] [1 2 3 4 5 11 20] [] [] [] [] [] [] [] [] [] []
23 [5 32] [1 2 4 6 7 11 13 16 20] [1 2] [1 2 4 6 13] [1 2 4 6 7 11] [1 2 4] [1 2 13] [1 2 4 6 7 10] [1] [1 2 4 11] [1 2 4 11 20 23] [1 2 3 4 6] [1 2 3 11 13] [1 2 6 11] [1 2 3 4 6 13] [1 2 4 6 7 13 16] [1 2 4 6] [1 2 11] [1 2 4 6 7 13 16 18] [1 2 4 6 11 13] [1 2 4 6 11 20] [1 2 4 6 8 12] [1 2 4 6 7] [1 2 4 6 11] [1 2 3 4 13] [1 2 4 11 20] [1 2 3 4] [1 2 4 13] [1 2 3] [1 2 4 6 7 11 13 16 18 20] [1 2 4 11 13] [1 2 3 4 6 11 20] [] [] [] [] [] [] [] [] []
24 [37 50] [1 2 4 5 6 11 13 16 20] [1 2] [1 2 4 5 13] [1 2 4 5 6 11] [1 2 4] [1 2 13] [1 2 4 5 6 7] [1] [1 2 4 5] [1 2 4 11 20 23] [1 2 3 4 5] [1 2 3 11 13] [1 2 5 11] [1 2 3 4 5 13] [1 2 4 5 6 13 16] [1 2 11] [1 2 4 5 6 13 16 18] [1 2 4 5 11 13] [1 2 4 5 11 20] [1 2 4 5 12] [1 2 4 5 6] [1 2 4 5 11] [1 2 3 4 13] [1 2 4 11 20] [1 2 3 4] [1 2 4 13] [1 2 3] [1 2 4 5 6 11 13 16 18 20] [1 2 4 11 13] [1 2 3 4 5 11 20] [] [] [] [] [] [] [] [] [] []
25 [9 13 24 39 40] [1 2 4 5 6 11 16 18 20] [1 2] [1 2 4 5 16] [1 2 4 5 6 11] [1 2 4] [1 2 16] [1 2 4 5 6 7] [1] [1 2 4 5] [1 2 4 11 20 23] [1 2 3 4 5] [1 2 3 11 16] [1 2 5 11] [1 2 3 4 5 16] [1 2 4 5 6 16 18] [1 2 11] [1 2 4 5 6 16 18 19] [1 2 4 5 11 16] [1 2 4 5 11 20] [1 2 4 5 12] [1 2 4 5 6] [1 2 4 5 11] [1 2 3 4 18] [1 2 4 11 20] [1 2 3 4] [1 2 4 16] [1 2 3] [1 2 4 5 6 11 16 18 19 20] [1 2 4 11 16] [1 2 3 4 5 11 20] [] [] [] [] [] [] [] [] [] []
26 [4 5 30 32] [1 2 6 7 11 13 16 20] [1 2] [1 2 6 13] [1 2 6 7 11] [1 2 6] [1 2 13] [1 2 6 7 10] [1] [1 2 11 13] [1 2 6 8 11 20 23] [1 2 3 6 7 8] [1 2 3 11 13] [1 2 6 11] [1 2 3 6 8 13] [1 2 6 7 13 16] [1 2 11] [1 2 6 7 8 13 16 18] [1 2 6 11 13] [1 2 6 8 11 20] [1 2 6 11 20] [1 2 6 8 10 12 16] [1 2 6 7] [1 2 6 7 8 11 12 13] [1 2 3 8 13 18] [1 2 3 6 8] [1 2 6 8] [1 2 6 8 13] [1 2 3] [1 2 6 7 13 16 18] [1 2 6 8 11 13] [1 2 6 7 11 13 16 18 20] [1 2 3 6 8 11 20] [] [] [] [] [] [] [] []
27 [6 14 15 22 37 39 44 45] [1 2] [1 2 4 5 13] [1 2 4 5 7 11] [1 2 4] [1 2 13] [1 2 4 5 7 10] [1] [1 2 4 5] [1 2 4 11 20 23] [1 2 3 4 5] [1 2 3 11 13] [1 2 5 11] [1 2 3 4 5 13] [1 2 4 5 7 13 16] [1 2 11] [1 2 4 5 7 13 16 18] [1 2 4 5 11 13] [1 2 4 5 11 20] [1 2 4 5 12] [1 2 4 5 7] [1 2 4 5 11] [1 2 3 4 13] [1 2 4 11 20] [1 2 3 4] [1 2 4 13] [1 2 3] [1 2 4 5 7 11 13 16 18 20] [1 2 4 11 13] [1 2 3 4 5 11 20] [] [] [] [] [] [] [] [] [] [] []
28 [10 31 47] [1 2] [1 2 4 5 13] [1 2 4 5 6 11] [1 2 4] [1 2 13] [1 2 4 5 6 7] [1] [1 2 4 5] [1 2 4 11 20 23] [1 2 3 4 5] [1 2 3 11 13] [1 2 5 11] [1 2 3 4 5 13] [1 2 4 5 6 13 16] [1 2 11] [1 2 4 5 6 13 16 18] [1 2 4 5 11 13] [1 2 4 5 11 20] [1 2 4 5 12] [1 2 4 5 6] [1 2 4 5 11] [1 2 3 4 13] [1 2 4 11 20] [1 2 3 4] [1 2 4 13] [1 2 3] [1 2 4 5 6 11 13 16 18 20] [1 2 4 11 13] [1 2 3 4 5 11 20] [] [] [] [] [] [] [] [] [] [] []
29 [1 29 39] [2 4] [2 3 4 5] [2 4 5] [2 4 5 6 13] [2 4 5 6 7 11] [2 3 4 5 13] [2 4 5 6 7 10] [2] [2 3] [2 4 5 8 11 20 23] [2 3 4 5 6] [2 3 4 5 11 13] [2 4 5 6 11] [2 3 4 5 6 8 13] [2 4 5 6 7 13 16] [2 4 5 6] [2 4 11] [2 4 5 6 7 13 16 18] [2 4 5 6 11 13] [2 4 5 6 8 11 20] [2 4 5 6 11 20] [2 4 5 6 8 12 16] [2 3 4 5 6 13] [2 4 5 6 7] [2 3 4 5 6 11 12 13] [2 3 4 8 13 18] [2 4 5 11 20] [2 4 5 13] [2 4 5 8] [2 3 4] [2 4 5 11] [2 3 4 5 6 7 11 13 16 18 20] [2 4 5 11 13] [2 3 4 5 8 13] [2 4 5 8 11 20] [2 3 4 5 6 8 11 20] [] [] [] []
30 [21 31 42] [1 2 3 4] [1 2] [1 2 4 5 13] [1 2 4 5 6 11] [1 2 4] [1 2 13] [1 2 4 5 6 7] [1] [1 2 4 5] [1 2 4 11 20 23] [1 2 3 4 5] [1 2 3 11 13] [1 2 5 11] [1 2 3 4 5 13] [1 2 4 5 6 13 16] [1 2 11] [1 2 4 5 6 13 16 18] [1 2 4 5 11 13] [1 2 4 5 11 20] [1 2 4 5 12] [1 2 4 5 6] [1 2 4 5 11] [1 2 3 4 13] [1 2 4 11 20] [1 2 4 13] [1 2 3] [1 2 4 5 6 11 13 16 18 20] [1 2 4 11 13] [1 2 3 4 5 11 20] [] [] [] [] [] [] [] [] [] [] []
31 [] [1 2 3 4] [1 2] [1 2 4 5 13] [1 2 4 5 6 11] [1 2 4] [1 2 13] [1 2 4 5 6 7] [1] [1 2 4 5] [1 2 4 11 20 23] [1 2 3 4 5] [1 2 3 11 13] [1 2 5 11] [1 2 3 4 5 13] [1 2 4 5 6 13 16] [1 2 11] [1 2 4 5 6 13 16 18] [1 2 4 5 11 13] [1 2 4 5 11 20] [1 2 4 5 12] [1 2 4 5 6] [1 2 4 5 11] [1 2 3 4 13] [1 2 4 11 20] [1 2 4 13] [1 2 3] [1 2 4 5 6 11 13 16 18 20] [1 2 4 11 13] [1 2 3 4 5 11 20] [] [] [] [] [] [] [] [] [] [] []
32 [] [1 2 3 4] [1 2] [1 2 4 5 13] [1 2 4 5 6 11] [1 2 4] [1 2 13] [1 2 4 5 6 7] [1] [1 2 4 5] [1 2 4 11 20 23] [1 2 3 4 5] [1 2 3 11 13] [1 2 5 11] [1 2 3 4 5 13] [1 2 4 5 6 13 16] [1 2 11] [1 2 4 5 6 13 16 18] [1 2 4 5 11 13] [1 2 4 5 11 20] [1 2 4 5 12] [1 2 4 5 6] [1 2 4 5 11] [1 2 3 4 13] [1 2 4 11 20] [1 2 4 13] [1 2 3] [1 2 4 5 6 11 13 16 18 20] [1 2 4 11 13] [1 2 3 4 5 11 20] [] [] [] [] [] [] [] [] [] [] []
33 [] [1 2] [1 2 4 5 13] [1 2 4 5 6 11] [1 2 4] [1 2 13] [1 2 4 5 6 7] [1] [1 2 4 5] [1 2 4 11 20 23] [1 2 3 4 5] [1 2 3 11 13] [1 2 5 11] [1 2 3 4 5 13] [1 2 4 5 6 13 16] [1 2 11] [1 2 4 5 6 13 16 18] [1 2 4 5 11 13] [1 2 4 5 11 20] [1 2 4 5 12] [1 2 4 5 6] [1 2 4 5 11] [1 2 3 4 13] [1 2 4 11 20] [1 2 3 4] [1 2 4 13] [1 2 3] [1 2 4 5 6 11 13 16 18 20] [1 2 4 11 13] [1 2 3 4 5 11 20] [] [] [] [] [] [] [] [] [] [] []
34 [] [1 2] [1 2 4 5 13] [1 2 4 5 6 11] [1 2 4] [1 2 13] [1 2 4 5 6 7] [1] [1 2 4 5] [1 2 4 11 20 23] [1 2 3 4 5] [1 2 3 11 13] [1 2 5 11] [1 2 3 4 5 13] [1 2 4 5 6 13 16] [1 2 11] [1 2 4 5 6 13 16 18] [1 2 4 5 11 13] [1 2 4 5 11 20] [1 2 4 5 12] [1 2 4 5 6] [1 2 4 5 11] [1 2 3 4 13] [1 2 4 11 20] [1 2 3 4] [1 2 4 13] [1 2 3] [1 2 4 5 6 11 13 16 18 20] [1 2 4 11 13] [1 2 3 4 5 11 20] [] [] [] [] [] [] [] [] [] [] []
35 [] [1 2] [1 2 4 5 13] [1 2 4 5 6 11] [1 2 4] [1 2 13] [1 2 4 5 6 7] [1] [1 2 4 5] [1 2 4 11 20 23] [1 2 3 4 5] [1 2 3 11 13] [1 2 5 11] [1 2 3 4 5 13] [1 2 4 5 6 13 16] [1 2 11] [1 2 4 5 6 13 16 18] [1 2 4 5 11 13] [1 2 4 5 11 20] [1 2 4 5 12] [1 2 4 5 6] [1 2 4 5 11] [1 2 3 4 13] [1 2 4 11 20] [1 2 3 4] [1 2 4 13] [1 2 3] [1 2 4 5 6 11 13 16 18 20] [1 2 4 11 13] [1 2 3 4 5 11 20] [] [] [] [] [] [] [] [] [] [] []
36 [] [1 2] [1 2 4 5 13] [1 2 4 5 6 11] [1 2 4] [1 2 13] [1 2 4 5 6 7] [1] [1 2 4 5] [1 2 4 11 20 23] [1 2 3 4 5] [1 2 3 11 13] [1 2 5 11] [1 2 3 4 5 13] [1 2 4 5 6 13 16] [1 2 11] [1 2 4 5 6 13 16 18] [1 2 4 5 11 13] [1 2 4 5 11 20] [1 2 4 5 12] [1 2 4 5 6] [1 2 4 5 11] [1 2 3 4 13] [1 2 4 11 20] [1 2 3 4] [1 2 4 13] [1 2 3] [1 2 4 5 6 11 13 16 18 20] [1 2 4 11 13] [1 2 3 4 5 11 20] [] [] [] [] [] [] [] [] [] [] []
37 [] [1 2] [1 2 4 5 13] [1 2 4 5 6 11] [1 2 4] [1 2 13] [1 2 4 5 6 7] [1] [1 2 4 5] [1 2 4 11 20 23] [1 2 3 4 5] [1 2 3 11 13] [1 2 5 11] [1 2 3 4 5 13] [1 2 4 5 6 13 16] [1 2 11] [1 2 4 5 6 13 16 18] [1 2 4 5 11 13] [1 2 4 5 11 20] [1 2 4 5 12] [1 2 4 5 6] [1 2 4 5 11] [1 2 3 4 13] [1 2 4 11 20] [1 2 3 4] [1 2 4 13] [1 2 3] [1 2 4 5 6 11 13 16 18 20] [1 2 4 11 13] [1 2 3 4 5 11 20] [] [] [] [] [] [] [] [] [] [] []
38 [] [1 2] [1 2 4 5 13] [1 2 4 5 6 11] [1 2 4] [1 2 13] [1 2 4 5 6 7] [1] [1 2 4 5] [1 2 4 11 20 23] [1 2 3 4 5] [1 2 3 11 13] [1 2 5 11] [1 2 3 4 5 13] [1 2 4 5 6 13 16] [1 2 11] [1 2 4 5 6 13 16 18] [1 2 4 5 11 13] [1 2 11 13 20] [1 2 4 5 11 20] [1 2 4 5 12] [1 2 4 5 6] [1 2 4 5 11] [1 2 3 4 13] [1 2 4 11 20] [1 2 3 4] [1 2 4 13] [1 2 3] [1 2 4 5 6 11 13 16 18 20] [1 2 4 11 13] [1 2 3 4 5 11 20] [] [] [] [] [] [] [] [] [] []
39 [] [1 2 4 5 13] [1 2 4 5 6 11] [1 2 4] [1 2 13] [1 2 4 5 6 7] [1] [1 2] [1 2 4 5] [1 2 4 11 20 23] [1 2 3 4 5] [1 2 3 11 13] [1 2 5 11] [1 2 3 4 5 13] [1 2 4 5 6 13 16] [1 2 11] [1 2 4 5 6 13 16 18] [1 2 4 5 11 13] [1 2 11 13 20] [1 2 4 5 11 20] [1 2 4 5 12] [1 2 4 5 6] [1 2 4 5 11] [1 2 3 4 13] [1 2 4 11 20] [1 2 3 4] [1 2 4 13] [1 2 3] [1 2 4 5 6 11 13 16 18 20] [1 2 4 11 13] [1 2 3 4 5 11 20] [] [] [] [] [] [] [] [] [] []
40 [] [1 2 4 5 13] [1 2 4 5 6 11] [1 2 4] [1 2 13] [1 2 4 5 6 7] [1] [1 2] [1 2 4 5] [1 2 4 11 20 23] [1 2 3 4 5] [1 2 3 11 13] [1 2 5 11] [1 2 3 4 5 13] [1 2 4 5 6 13 16] [1 2 11] [1 2 4 5 6 13 16 18] [1 2 4 5 11 13] [1 2 11 13 20] [1 2 4 5 11 20] [1 2 4 5 12] [1 2 4 5 6] [1 2 4 5 11] [1 2 3 4 13] [1 2 4 11 20] [1 2 3 4] [1 2 4 13] [1 2 3] [1 2 4 5 6 11 13 16 18 20] [1 2 4 11 13] [1 2 3 4 5 11 20] [] [] [] [] [] [] [] [] [] []
41 [] [1 2 4 5 6 11] [1 2 4] [1 2 13] [1 2 4 5 6 7] [1] [1 2] [1 2 4 5] [1 2 4 11 20 23] [1 2 3 4 5] [1 2 3 11 13] [1 2 5 11] [1 2 3 4 5 13] [1 2 4 5 6 13 16] [1 2 11] [1 2 4 5 6 13 16 18] [1 2 4 5 11 13] [1 2 11 13 20] [1 2 4 5 11 20] [1 2 4 5 12] [1 2 4 5 6] [1 2 4 5 11] [1 2 3 4 13] [1 2 4 11 20] [1 2 3 4] [1 2 4 13] [1 2 3] [1 2 4 5 6 11 13 16 18 20] [1 2 4 5 13] [1 2 4 11 13] [1 2 3 4 5 11 20] [] [] [] [] [] [] [] [] [] []
42 [] [1 2 4] [1 2 13] [1 2 4 5 6 7] [1] [1 2] [1 2 4 5] [1 2 4 11 20 23] [1 2 3 4 5] [1 2 3 11 13] [1 2 5 11] [1 2 3 4 5 13] [1 2 4 5 6 13 16] [1 2 11] [1 2 4 5 6 13 16 18] [1 2 4 5 11 13] [1 2 11 13 20] [1 2 4 5 11 20] [1 2 4 5 12] [1 2 4 5 6] [1 2 4 5 11] [1 2 3 4 13] [1 2 4 11 20] [1 2 3 4] [1 2 4 13] [1 2 3] [1 2 4 5 6 11 13 16 18 20] [1 2 4 5 13] [1 2 4 11 13] [1 2 3 4 5 11 20] [] [] [] [] [] [] [] [] [] [] []
43 [] [1 2 4] [1 2 13] [1 2 4 5 6 7] [1] [1 2] [1 2 4 5] [1 2 4 11 20 23] [1 2 3 4 5] [1 2 3 11 13] [1 2 5 11] [1 2 3 4 5 13] [1 2 4 5 6 13 16] [1 2 11] [1 2 4 5 6 13 16 18] [1 2 4 5 11 13] [1 2 11 13 20] [1 2 4 5 11 20] [1 2 4 5 12] [1 2 4 5 6] [1 2 4 5 11] [1 2 3 4 13] [1 2 4 11 20] [1 2 3 4] [1 2 4 13] [1 2 3] [1 2 4 5 6 11 13 16 18 20] [1 2 4 5 13] [1 2 4 11 13] [1 2 3 4 5 11 20] [] [] [] [] [] [] [] [] [] [] []
44 [] [1 2 4] [1 2 13] [1 2 4 5 6 7] [1] [1 2] [1 2 4 5] [1 2 4 11 20 23] [1 2 3 4 5] [1 2 3 11 13] [1 2 5 11] [1 2 3 4 5 13] [1 2 4 5 6 13 16] [1 2 11] [1 2 4 5 6 13 16 18] [1 2 4 5 11 13] [1 2 11 13 20] [1 2 4 5 11 20] [1 2 4 5 12] [1 2 4 5 6] [1 2 4 5 11] [1 2 3 4 13] [1 2 4 11 20] [1 2 3 4] [1 2 4 13] [1 2 3] [1 2 4 5 6 11 13 16 18 20] [1 2 4 5 13] [1 2 4 11 13] [1 2 3 4 5 11 20] [] [] [] [] [] [] [] [] [] [] []
45 [] [1 2 4] [1 2 13] [1 2 4 5 6 7] [1] [1 2] [1 2 4 5] [1 2 4 11 20 23] [1 2 3 4 5] [1 2 3 11 13] [1 2 5 11] [1 2 3 4 5 13] [1 2 4 5 6 13 16] [1 2 11] [1 2 4 5 6 13 16 18] [1 2 4 5 11 13] [1 2 11 13 20] [1 2 4 5 11 20] [1 2 4 5 12] [1 2 4 5 6] [1 2 4 5 11] [1 2 3 4 13] [1 2 4 11 20] [1 2 3 4] [1 2 4 13] [1 2 3] [1 2 4 5 6 11 13 16 18 20] [1 2 4 5 13] [1 2 4 11 13] [1 2 3 4 5 11 20] [] [] [] [] [] [] [] [] [] [] []
46 [] [1 2 4] [1 2 13] [1 2 4 5 6 7] [1] [1 2] [1 2 4 5] [1 2 4 11 20 23] [1 2 3 4 5] [1 2 3 11 13] [1 2 5 11] [1 2 3 4 5 13] [1 2 4 5 6 13 16] [1 2 11] [1 2 4 5 6 13 16 18] [1 2 4 5 11 13] [1 2 11 13 20] [1 2 4 5 11 20] [1 2 4 5 12] [1 2 4 5 6] [1 2 4 5 11] [1 2 3 4 13] [1 2 4 11 20] [1 2 3 4] [1 2 4 13] [1 2 3] [1 2 4 5 6 11 13 16 18 20] [1 2 4 5 13] [1 2 4 11 13] [1 2 3 4 5 11 20] [] [] [] [] [] [] [] [] [] [] []
47 [] [1 2 4] [1 2 13] [1 2 4 5 6 7] [1] [1 2] [1 2 4 5] [1 2 4 11 20 23] [1 2 3 4 5] [1 2 3 11 13] [1 2 5 11] [1 2 3 4 5 13] [1 2 4 5 6 13 16] [1 2 11] [1 2 4 5 6 13 16 18] [1 2 4 5 11 13] [1 2 11 13 20] [1 2 4 5 11 20] [1 2 4 5 12] [1 2 4 5 6] [1 2 4 5 11] [1 2 3 4 13] [1 2 4 11 20] [1 2 3 4] [1 2 4 13] [1 2 3] [1 2 4 5 6 11 13 16 18 20] [1 2 4 5 13] [1 2 4 11 13] [1 2 3 4 5 11 20] [] [] [] [] [] [] [] [] [] [] []
48 [] [1 2 13] [1 2 4 5 6 7] [1] [1 2] [1 2 4 5] [1 2 4 11 20 23] [1 2 4] [1 2 3 4 5] [1 2 3 11 13] [1 2 5 11] [1 2 3 4 5 13] [1 2 4 5 6 13 16] [1 2 11] [1 2 4 5 6 13 16 18] [1 2 4 5 11 13] [1 2 11 13 20] [1 2 4 5 11 20] [1 2 4 5 12] [1 2 4 5 6] [1 2 4 5 11] [1 2 3 4 13] [1 2 4 11 20] [1 2 3 4] [1 2 4 13] [1 2 3] [1 2 4 5 6 11 13 16 18 20] [1 2 4 5 13] [1 2 4 11 13] [1 2 3 4 5 11 20] [] [] [] [] [] [] [] [] [] [] []
49 [] [1 2 13] [1 2 4 5 6 7] [1] [1 2] [1 2 4 5] [1 2 4 11 20 23] [1 2 4] [1 2 3 4 5] [1 2 3 11 13] [1 2 5 11] [1 2 3 4 5 13] [1 2 4 5 6 13 16] [1 2 11] [1 2 4 5 6 13 16 18] [1 2 4 5 11 13] [1 2 11 13 20] [1 2 4 5 11 20] [1 2 4 5 12] [1 2 4 5 6] [1 2 4 5 11] [1 2 3 4 13] [1 2 4 11 20] [1 2 3 4] [1 2 4 13] [1 2 3] [1 2 4 5 6 11 13 16 18 20] [1 2 4 5 13] [1 2 4 11 13] [1 2 3 4 5 11 20] [] [] [] [] [] [] [] [] [] [] []
50 [] [1 2 13] [1 2 4 5 6 7] [1] [1 2] [1 2 4 5] [1 2 4 11 20 23] [1 2 4] [1 2 3 4 5] [1 2 3 11 13] [1 2 5 11] [1 2 3 4 5 13] [1 2 4 5 6 13 16] [1 2 11] [1 2 4 5 6 13 16 18] [1 2 4 5 11 13] [1 2 11 13 20] [1 2 4 5 11 20] [1 2 4 5 12] [1 2 4 5 6] [1 2 4 5 11] [1 2 3 4 13] [1 2 4 11 20] [1 2 3 4] [1 2 4 13] [1 2 3] [1 2 4 5 6 11 13 16 18 20] [1 2 4 5 13] [1 2 4 11 13] [1 2 3 4 5 11 20] [] [] [] [] [] [] [] [] [] [] []
51 [] [1 2 13] [1 2 4 5 6 7] [1] [1 2] [1 2 4 5] [1 2 4 11 20 23] [1 2 4] [1 2 3 4 5] [1 2 3 11 13] [1 2 5 11] [1 2 3 4 5 13] [1 2 4 5 6 13 16] [1 2 11] [1 2 4 5 6 13 16 18] [1 2 4 5 11 13] [1 2 11 13 20] [1 2 4 5 11 20] [1 2 4 5 12] [1 2 4 5 6] [1 2 4 5 11] [1 2 3 4 13] [1 2 4 11 20] [1 2 3 4] [1 2 4 13] [1 2 3] [1 2 4 5 6 11 13 16 18 20] [1 2 4 5 13] [1 2 4 11 13] [1 2 3 4 5 11 20] [] [] [] [] [] [] [] [] [] [] []
52 [] [1 2 13] [1 2 4 5 6 7] [1] [1 2] [1 2 4 5] [1 2 4 11 20 23] [1 2 4] [1 2 3 4 5] [1 2 3 11 13] [1 2 5 11] [1 2 3 4 5 13] [1 2 4 5 6 13 16] [1 2 11] [1 2 4 5 6 13 16 18] [1 2 4 5 11 13] [1 2 11 13 20] [1 2 4 5 11 20] [1 2 4 5 12] [1 2 4 5 6] [1 2 4 5 11] [1 2 3 4 13] [1 2 4 11 20] [1 2 3 4] [1 2 4 13] [1 2 3] [1 2 4 5 6 11 13 16 18 20] [1 2 4 5 13] [1 2 4 11 13] [1 2 3 4 5 11 20] [] [] [] [] [] [] [] [] [] [] []
53 [] [1 2 4 5 6 7] [1] [1 2] [1 2 4 5] [1 2 4 11 20 23] [1 2 4] [1 2 3 4 5] [1 2 3 11 13] [1 2 5 11] [1 2 3 4 5 13] [1 2 4 5 6 13 16] [1 2 11] [1 2 4 5 6 13 16 18] [1 2 4 5 11 13] [1 2 11 13 20] [1 2 4 5 11 20] [1 2 4 5 12] [1 2 4 5 6] [1 2 4 5 11] [1 2 3 4 13] [1 2 4 11 20] [1 2 3 4] [1 2 13] [1 2 4 13] [1 2 3] [1 2 4 5 6 11 13 16 18 20] [1 2 4 5 13] [1 2 4 11 13] [1 2 3 4 5 11 20] [] [] [] [] [] [] [] [] [] [] []
54 [] [1 2 4 5] [1 2 4 11 20 23] [1 2 4] [1 2] [1] [1 2 3 4 5] [1 2 3 11 13] [1 2 5 11] [1 2 3 4 5 13] [1 2 4 5 6 13 16] [1 2 11] [1 2 4 5 6 13 16 18] [1 2 4 5 11 13] [1 2 11 13 20] [1 2 4 5 11 20] [1 2 4 5 12] [1 2 4 5 6] [1 2 4 5 11] [1 2 3 4 13] [1 2 4 11 20] [1 2 3 4] [1 2 13] [1 2 4 13] [1 2 3] [1 2 4 5 6 11 13 16 18 20] [1 2 4 5 13] [1 2 4 11 13] [1 2 3 4 5 11 20] [] [] [] [] [] [] [] [] [] [] [] []
55 [] [1 2 4 11 20 23] [1 2 4] [1 2 4 5] [1 2 3 4 5] [1] [1 2 3 11 13] [1 2 5 11] [1 2 3 4 5 13] [1 2 4 5 6 13 16] [1 2 11] [1 2 4 5 6 13 16 18] [1 2 4 5 11 13] [1 2 11 13 20] [1 2 4 5 11 20] [1 2 4 5 12] [1 2] [1 2 4 5 6] [1 2 4 5 11] [1 2 3 4 13] [1 2 4 11 20] [1 2 3 4] [1 2 13] [1 2 4 13] [1 2 3] [1 2 4 5 6 11 13 16 18 20] [1 2 4 5 13] [1 2 4 11 13] [1 2 3 4 5 11 20] [] [] [] [] [] [] [] [] [] [] [] []
56 [] [1 2 4] [1 2 4 5] [1 2 3 4 5] [1] [1 2 3 11 13] [1 2 5 11] [1 2 3 4 5 13] [1 2 4 5 6 13 16] [1 2 11] [1 2 4 5 6 13 16 18] [1 2 4 5 11 13] [1 2 11 13 20] [1 2 4 5 11 20] [1 2 4 5 12] [1 2] [1 2 4 5 6] [1 2 4 5 11] [1 2 3 4 13] [1 2 4 11 20] [1 2 3 4] [1 2 13] [1 2 4 13] [1 2 3] [1 2 4 5 6 11 13 16 18 20] [1 2 4 5 13] [1 2 4 11 13] [1 2 3 4 5 11 20] [] [] [] [] [] [] [] [] [] [] [] [] []
57 [] [1 2 4 5] [1] [1 2 3 4 5] [1 2 3 11 13] [1 2 5 11] [1 2 3 4 5 13] [1 2 4 5 6 13 16] [1 2 11] [1 2 4] [1 2 4 5 6 13 16 18] [1 2 4 5 11 13] [1 2 11 13 20] [1 2 4 5 11 20] [1 2 4 5 12] [1 2] [1 2 4 5 6] [1 2 4 5 11] [1 2 3 4 13] [1 2 4 11 20] [1 2 3 4] [1 2 13] [1 2 4 13] [1 2 3] [1 2 4 5 6 11 13 16 18 20] [1 2 4 5 13] [1 2 4 11 13] [1 2 3 4 5 11 20] [] [] [] [] [] [] [] [] [] [] [] [] []
58 [] [1 2 3 4 5] [1] [1 2 3 11 13] [1 2 5 11] [1 2 3 4 5 13] [1 2 4 5 6 13 16] [1 2 4 5] [1 2 11] [1 2 4] [1 2 4 5 6 13 16 18] [1 2 4 5 11 13] [1 2 11 13 20] [1 2 4 5 11 20] [1 2 4 5 12] [1 2] [1 2 4 5 6] [1 2 4 5 11] [1 2 3 4 13] [1 2 4 11 20] [1 2 3 4] [1 2 13] [1 2 4 13] [1 2 3] [1 2 4 5 6 11 13 16 18 20] [1 2 4 5 13] [1 2 4 11 13] [1 2 3 4 5 11 20] [] [] [] [] [] [] [] [] [] [] [] [] []
59 [] [1 2 3 11 13] [1 2 5 11] [1] [1 2 3 4 5 13] [1 2 4 5 6 13 16] [1 2 4 5] [1 2 11] [1 2 4] [1 2 4 5 6 13 16 18] [1 2 4 5 11 13] [1 2 11 13 20] [1 2 4 5 11 20] [1 2 4 5 12] [1 2] [1 2 4 5 6] [1 2 4 5 11] [1 2 3 4 13] [1 2 4 11 20] [1 2 3 4] [1 2 13] [1 2 4 13] [1 2 3] [1 2 4 5 6 11 13 16 18 20] [1 2 4 5 13] [1 2 4 11 13] [1 2 3 4 5 11 20] [] [] [] [] [] [] [] [] [] [] [] [] [] []
60 [] [1 2 5 11] [1] [1 2 3 4 5 13] [1 2 4 5 6 13 16] [1 2 4 5] [1 2 11] [1 2 4] [1 2 4 5 6 13 16 18] [1 2 4 5 11 13] [1 2 11 13 20] [1 2 4 5 11 20] [1 2 4 5 12] [1 2] [1 2 4 5 6] [1 2 4 5 11] [1 2 3 4 13] [1 2 4 11 20] [1 2 3 4] [1 2 13] [1 2 4 13] [1 2 3] [1 2 4 5 6 11 13 16 18 20] [1 2 4 5 13] [1 2 4 11 13] [1 2 3 4 5 11 20] [] [] [] [] [] [] [] [] [] [] [] [] [] [] []
61 [] [1 2 5 11] [1] [1 2 3 4 5 13] [1 2 4 5 6 13 16] [1 2 4 5] [1 2 11] [1 2 4] [1 2 4 5 6 13 16 18] [1 2 4 5 11 13] [1 2 11 13 20] [1 2 4 5 11 20] [1 2 4 5 12] [1 2] [1 2 4 5 6] [1 2 4 5 11] [1 2 3 4 13] [1 2 4 11 20] [1 2 3 4] [1 2 13] [1 2 4 13] [1 2 3] [1 2 4 5 6 11 13 16 18 20] [1 2 4 5 13] [1 2 4 11 13] [1 2 3 4 5 11 20] [] [] [] [] [] [] [] [] [] [] [] [] [] [] []
62 [] [1 2 5 11] [1] [1 2 3 4 5 13] [1 2 4 5 6 13 16] [1 2 4 5] [1 2 11] [1 2 4] [1 2 4 5 6 13 16 18] [1 2 4 5 11 13] [1 2 11 13 20] [1 2 4 5 11 20] [1 2 4 5 12] [1 2] [1 2 4 5 6] [1 2 4 5 11] [1 2 3 4 13] [1 2 4 11 20] [1 2 3 4] [1 2 13] [1 2 4 13] [1 2 3] [1 2 4 5 6 11 13 16 18 20] [1 2 4 5 13] [1 2 4 11 13] [1 2 3 4 5 11 20] [] [] [] [] [] [] [] [] [] [] [] [] [] [] []
63 [] [1 2 5 11] [1] [1 2 3 4 5 13] [1 2 4 5 6 13 16] [1 2 4 5] [1 2 11] [1 2 4] [1 2 4 5 6 13 16 18] [1 2 4 5 11 13] [1 2 11 13 20] [1 2 4 5 11 20] [1 2 4 5 12] [1 2] [1 2 4 5 6] [1 2 4 5 11] [1 2 3 4 13] [1 2 4 11 20] [1 2 3 4] [1 2 13] [1 2 4 13] [1 2 3] [1 2 4 5 6 11 13 16 18 20] [1 2 4 5 13] [1 2 4 11 13] [1 2 3 4 5 11 20] [] [] [] [] [] [] [] [] [] [] [] [] [] [] []
64 [] [1 2 5 11] [1] [1 2 3 4 5 13] [1 2 4 5 6 13 16] [1 2 4 5] [1 2 11] [1 2 4] [1 2 4 5 6 13 16 18] [1 2 4 5 11 13] [1 2 11 13 20] [1 2 4 5 11 20] [1 2 4 5 12] [1 2] [1 2 4 5 6] [1 2 4 5 11] [1 2 3 4 13] [1 2 4 11 20] [1 2 3 4] [1 2 13] [1 2 4 13] [1 2 3] [1 2 4 5 6 11 13 16 18 20] [1 2 4 5 13] [1 2 4 11 13] [1 2 3 4 5 11 20] [] [] [] [] [] [] [] [] [] [] [] [] [] [] []
65 [] [1 2 5 11] [1] [1 2 3 4 5 13] [1 2 4 5 6 13 16] [1 2 4 5] [1 2 11] [1 2 4] [1 2 4 5 6 13 16 18] [1 2 4 5 11 13] [1 2 11 13 20] [1 2 4 5 11 20] [1 2 4 5 12] [1 2] [1 2 4 5 6] [1 2 4 5 11] [1 2 3 4 13] [1 2 4 11 20] [1 2 3 4] [1 2 13] [1 2 4 13] [1 2 3] [1 2 4 5 6 11 13 16 18 20] [1 2 4 5 13] [1 2 4 11 13] [1 2 3 4 5 11 20] [] [] [] [] [] [] [] [] [] [] [] [] [] [] []
66 [] [1] [1 2 3 4 5 13] [1 2 4 5 6 13 16] [1 2 4 5] [1 2 11] [1 2 4] [1 2 4 5 6 13 16 18] [1 2 4 5 11 13] [1 2 11 13 20] [1 2 4 5 11 20] [1 2 4 5 12] [1 2] [1 2 4 5 6] [1 2 4 5 11] [1 2 3 4 13] [1 2 5 11] [1 2 4 11 20] [1 2 3 4] [1 2 13] [1 2 4 13] [1 2 3] [1 2 4 5 6 11 13 16 18 20] [1 2 4 5 13] [1 2 4 11 13] [1 2 3 4 5 11 20] [] [] [] [] [] [] [] [] [] [] [] [] [] [] []
67 [] [1 2 3 4 5 13] [1 2 4 5 6 13 16] [1 2 4 5] [1 2 11] [1 2 4] [1 2 4 5 6 13 16 18] [1 2 4 5 11 13] [1 2 11 13 20] [1 2 4 5 11 20] [1 2 4 5 12] [1] [1 2 4 5 6] [1 2 4 5 11] [1 2 3 4 13] [1 2 5 11] [1 2 4 11 20] [1 2 3 4] [1 2] [1 2 13] [1 2 4 13] [1 2 3] [1 2 4 5 6 11 13 16 18 20] [1 2 4 5 13] [1 2 4 11 13] [1 2 3 4 5 11 20] [] [] [] [] [] [] [] [] [] [] [] [] [] [] []
68 [] [1 2 4 5 6 13 16] [1 2 4 5] [1 2 11] [1 2 4] [1 2 4 5 6 13 16 18] [1 2 4 5 11 13] [1 2 11 13 20] [1 2 4 5 11 20] [1 2 4 5 12] [1] [1 2 4 5 6] [1 2 4 5 11] [1 2 3 4 13] [1 2 5 11] [1 2 4 11 20] [1 2 3 4] [1 2] [1 2 13] [1 2 4 13] [1 2 3] [1 2 4 5 6 11 13 16 18 20] [1 2 4 5 13] [1 2 4 11 13] [1 2 3 4 5 11 20] [] [] [] [] [] [] [] [] [] [] [] [] [] [] [] []
69 [] [1 2 4 5 6 13 16] [1 2 4 5] [1 2 11] [1 2 4] [1 2 4 5 6 13 16 18] [1 2 4 5 11 13] [1 2 11 13 20] [1 2 4 5 11 20] [1 2 4 5 12] [1] [1 2 4 5 6] [1 2 4 5 11] [1 2 3 4 13] [1 2 5 11] [1 2 4 11 20] [1 2 3 4] [1 2] [1 2 13] [1 2 4 13] [1 2 3] [1 2 4 5 6 11 13 16 18 20] [1 2 4 5 13] [1 2 4 11 13] [1 2 3 4 5 11 20] [] [] [] [] [] [] [] [] [] [] [] [] [] [] [] []
70 [] [1 2 4 5 6 13 16] [1 2 4 5] [1 2 11] [1 2 4] [1 2 4 5 6 13 16 18] [1 2 4 5 11 13] [1 2 11 13 20] [1 2 4 5 11 20] [1 2 4 5 12] [1] [1 2 4 5 6] [1 2 4 5 11] [1 2 3 4 13] [1 2 5 11] [1 2 4 11 20] [1 2 3 4] [1 2] [1 2 13] [1 2 4 13] [1 2 3] [1 2 4 5 6 11 13 16 18 20] [1 2 4 5 13] [1 2 4 11 13] [1 2 3 4 5 11 20] [] [] [] [] [] [] [] [] [] [] [] [] [] [] [] []
71 [] [1 2 4 5 6 13 16] [1 2 4 5] [1 2 11] [1 2 4] [1 2 4 5 6 13 16 18] [1 2 4 5 11 13] [1 2 11 13 20] [1 2 4 5 11 20] [1 2 4 5 12] [1] [1 2 4 5 6] [1 2 4 5 11] [1 2 3 4 13] [1 2 5 11] [1 2 4 11 20] [1 2 3 4] [1 2] [1 2 13] [1 2 4 13] [1 2 3] [1 2 4 5 6 11 13 16 18 20] [1 2 4 5 13] [1 2 4 11 13] [1 2 3 4 5 11 20] [] [] [] [] [] [] [] [] [] [] [] [] [] [] [] []
72 [] [1 2 4 5 6 13 16] [1 2 4 5] [1 2 11] [1 2 4] [1 2 4 5 6 13 16 18] [1 2 4 5 11 13] [1 2 11 13 20] [1 2 4 5 11 20] [1 2 4 5 12] [1] [1 2 4 5 6] [1 2 4 5 11] [1 2 3 4 13] [1 2 5 11] [1 2 4 11 20] [1 2 3 4] [1 2] [1 2 13] [1 2 4 13] [1 2 3] [1 2 4 5 6 11 13 16 18 20] [1 2 4 5 13] [1 2 4 11 13] [1 2 3 4 5 11 20] [] [] [] [] [] [] [] [] [] [] [] [] [] [] [] []
73 [] [1 2 4 5 6 13 16] [1 2 4 5] [1 2 11] [1 2 4] [1 2 4 5 6 13 16 18] [1 2 4 5 11 13] [1 2 11 13 20] [1 2 4 5 11 20] [1 2 4 5 12] [1] [1 2 4 5 6] [1 2 4 5 11] [1 2 3 4 13] [1 2 5 11] [1 2 4 11 20] [1 2 3 4] [1 2] [1 2 13] [1 2 4 13] [1 2 3] [1 2 4 5 6 11 13 16 18 20] [1 2 4 5 13] [1 2 4 11 13] [1 2 3 4 5 11 20] [] [] [] [] [] [] [] [] [] [] [] [] [] [] [] []
74 [] [1 2 4 5] [1 2 11] [1 2 4] [1 2 4 5 6 13 16] [1 2 4 5 6 13 16 18] [1 2 4 5 11 13] [1 2 11 13 20] [1 2 4 5 11 20] [1 2 4 5 12] [1] [1 2 4 5 6] [1 2 4 5 11] [1 2 3 4 13] [1 2 5 11] [1 2 4 11 20] [1 2 3 4] [1 2] [1 2 13] [1 2 4 13] [1 2 3] [1 2 4 5 6 11 13 16 18 20] [1 2 4 5 13] [1 2 4 11 13] [1 2 3 4 5 11 20] [] [] [] [] [] [] [] [] [] [] [] [] [] [] [] []
75 [] [1 2 4 5] [1 2 11] [1 2 4] [1 2 4 5 6 13 16] [1 2 4 5 6 13 16 18] [1 2 4 5 11 13] [1 2 11 13 20] [1 2 4 5 11 20] [1 2 4 5 12] [1] [1 2 4 5 6] [1 2 4 5 11] [1 2 3 4 13] [1 2 5 11] [1 2 4 11 20] [1 2 3 4] [1 2] [1 2 13] [1 2 4 13] [1 2 3] [1 2 4 5 6 11 13 16 18 20] [1 2 4 5 13] [1 2 4 11 13] [1 2 3 4 5 11 20] [] [] [] [] [] [] [] [] [] [] [] [] [] [] [] []
76 [] [1 2 4 5] [1 2 11] [1 2 4] [1 2 4 5 6 13 16] [1 2 4 5 6 13 16 18] [1 2 4 5 11 13] [1 2 11 13 20] [1 2 4 5 11 20] [1 2 4 5 12] [1] [1 2 4 5 6] [1 2 4 5 11] [1 2 3 4 13] [1 2 5 11] [1 2 4 11 20] [1 2 3 4] [1 2] [1 2 13] [1 2 4 13] [1 2 3] [1 2 4 5 6 11 13 16 18 20] [1 2 4 5 13] [1 2 4 11 13] [1 2 4 11] [1 2 3 4 5 11 20] [] [] [] [] [] [] [] [] [] [] [] [] [] [] []
77 [] [1 2 11] [1 2 4] [1 2 4 5 6 13 16] [1 2 4 5 6 13 16 18] [1 2 4 5 11 13] [1 2 11 13 20] [1 2 4 5 11 20] [1 2 4 5 12] [1 2 4 5] [1] [1 2 4 5 6] [1 2 4 5 11] [1 2 3 4 13] [1 2 5 11] [1 2 4 11 20] [1 2 3 4] [1 2] [1 2 13] [1 2 4 13] [1 2 3] [1 2 4 5 6 11 13 16 18 20] [1 2 4 5 13] [1 2 4 11 13] [1 2 4 11] [1 2 3 4 5 11 20] [] [] [] [] [] [] [] [] [] [] [] [] [] [] []
78 [] [1 2 4] [1 2 4 5 6 13 16] [1 2 11] [1 2 4 5 6 13 16 18] [1 2 4 5 11 13] [1 2 11 13 20] [1 2 4 5 11 20] [1 2 4 5 12] [1 2 4 5] [1] [1 2 4 5 6] [1 2 4 5 11] [1 2 3 4 13] [1 2 5 11] [1 2 4 11 20] [1 2 3 4] [1 2] [1 2 13] [1 2 4 13] [1 2 3] [1 2 4 5 6 11 13 16 18 20] [1 2 4 5 13] [1 2 4 11 13] [1 2 4 11] [1 2 3 4 5 11 20] [] [] [] [] [] [] [] [] [] [] [] [] [] [] []
79 [] [1 2 4] [1 2 4 5 6 13 16] [1 2 11] [1 2 4 5 6 13 16 18] [1 2 4 5 11 13] [1 2 11 13 20] [1 2 4 5 11 20] [1 2 4 5 12] [1 2 4 5] [1] [1 2 4 5 6] [1 2 4 5 11] [1 2 3 4 13] [1 2 5 11] [1 2 4 11 20] [1 2 3 4] [1 2] [1 2 13] [1 2 4 13] [1 2 3] [1 2 4 5 6 11 13 16 18 20] [1 2 4 5 13] [1 2 4 11 13] [1 2 4 11] [1 2 3 4 5 11 20] [] [] [] [] [] [] [] [] [] [] [] [] [] [] []
80 [] [1 2 4] [1 2 4 5 6 13 16] [1 2 11] [1 2 4 5 6 13 16 18] [1 2 4 5 11 13] [1 2 11 13 20] [1 2 4 5 11 20] [1 2 4 5 12] [1 2 4 5] [1] [1 2 4 5 6] [1 2 4 5 11] [1 2 3 4 13] [1 2 5 11] [1 2 4 11 20] [1 2 3 4] [1 2] [1 2 13] [1 2 4 13] [1 2 3] [1 2 4 5 6 11 13 16 18 20] [1 2 4 5 13] [1 2 4 11 13] [1 2 4 11] [1 2 3 4 5 11 20] [] [] [] [] [] [] [] [] [] [] [] [] [] [] []
81 [] [1 2 4] [1 2 4 5 6 13 16] [1 2 11] [1 2 4 5 6 13 16 18] [1 2 4 5 11 13] [1 2 11 13 20] [1 2 4 5 11 20] [1 2 4 5 12] [1 2 4 5] [1] [1 2 4 5 6] [1 2 4 5 11] [1 2 3 4 13] [1 2 5 11] [1 2 4 11 20] [1 2 3 4] [1 2] [1 2 13] [1 2 4 13] [1 2 3] [1 2 4 5 6 11 13 16 18 20] [1 2 4 5 13] [1 2 4 11 13] [1 2 4 11] [1 2 3 4 5 11 20] [] [] [] [] [] [] [] [] [] [] [] [] [] [] []
82 [] [1 2 4] [1 2 4 5 6 13 16] [1 2 11] [1 2 4 5 6 13 16 18] [1 2 4 5 11 13] [1 2 11 13 20] [1 2 4 5 11 20] [1 2 4 5 12] [1 2 4 5] [1] [1 2 4 5 6] [1 2 4 5 11] [1 2 3 4 13] [1 2 5 11] [1 2 4 11 20] [1 2 3 4] [1 2] [1 2 13] [1 2 4 13] [1 2 3] [1 2 4 5 6 11 13 16 18 20] [1 2 4 5 13] [1 2 4 11 13] [1 2 4 11] [1 2 3 4 5 11 20] [] [] [] [] [] [] [] [] [] [] [] [] [] [] []
83 [] [1 2 4 5 6 13 16] [1 2 11] [1 2 4 5 6 13 16 18] [1 2 4 5 11 13] [1 2 11 13 20] [1 2 4 5 11 20] [1 2 4] [1 2 4 5 12] [1 2 4 5] [1] [1 2 4 5 6] [1 2 4 5 11] [1 2 3 4 13] [1 2 5 11] [1 2 4 11 20] [1 2 3 4] [1 2] [1 2 13] [1 2 4 13] [1 2 3] [1 2 4 5 6 11 13 16 18 20] [1 2 4 5 13] [1 2 4 11 13] [1 2 4 11] [1 2 3 4 5 11 20] [] [] [] [] [] [] [] [] [] [] [] [] [] [] []
84 [] [1 2 4 5 6 13 16] [1 2 11] [1 2 4 5 6 13 16 18] [1 2 4 5 11 13] [1 2 11 13 20] [1 2 4 5 11 20] [1 2 4] [1 2 4 5 12] [1 2 4 5] [1] [1 2 4 5 6] [1 2 4 5 11] [1 2 3 4 13] [1 2 5 11] [1 2 4 11 20] [1 2 3 4] [1 2] [1 2 13] [1 2 4 13] [1 2 3] [1 2 4 5 6 11 13 16 18 20] [1 2 4 5 13] [1 2 4 11 13] [1 2 4 11] [1 2 3 4 5 11 20] [] [] [] [] [] [] [] [] [] [] [] [] [] [] []
85 [] [1 2 4 5 6 13 16] [1 2 11] [1 2 4 5 6 13 16 18] [1 2 4 5 11 13] [1 2 11 13 20] [1 2 4 5 11 20] [1 2 4] [1 2 4 5 12] [1 2 4 5] [1] [1 2 4 5 6] [1 2 4 5 11] [1 2 3 4 13] [1 2 5 11] [1 2 4 11 20] [1 2 3 4] [1 2] [1 2 13] [1 2 4 13] [1 2 3] [1 2 4 5 6 11 13 16 18 20] [1 2 4 5 13] [1 2 4 11 13] [1 2 4 11] [1 2 3 4 5 11 20] [] [] [] [] [] [] [] [] [] [] [] [] [] [] []
86 [] [1 2 4 5 6 13 16] [1 2 11] [1 2 4 5 6 13 16 18] [1 2 4 5 11 13] [1 2 11 13 20] [1 2 4 5 11 20] [1 2 4] [1 2 4 5 12] [1 2 4 5] [1] [1 2 4 5 6] [1 2 4 5 11] [1 2 3 4 13] [1 2 5 11] [1 2 4 11 20] [1 2 3 4] [1 2] [1 2 13] [1 2 4 13] [1 2 3] [1 2 4 5 6 11 13 16 18 20] [1 2 4 5 13] [1 2 4 11 13] [1 2 4 11] [1 2 3 4 5 11 20] [] [] [] [] [] [] [] [] [] [] [] [] [] [] []
87 [] [1 2 4 5 6 13 16] [1 2 11] [1 2 4 5 6 13 16 18] [1 2 4 5 11 13] [1 2 11 13 20] [1 2 4 5 11 20] [1 2 4] [1 2 4 5 12] [1 2 4 5] [1] [1 2 4 5 6] [1 2 4 5 11] [1 2 3 4 13] [1 2 5 11] [1 2 4 11 20] [1 2 3 4] [1 2] [1 2 13] [1 2 4 13] [1 2 3] [1 2 4 5 6 11 13 16 18 20] [1 2 4 5 13] [1 2 4 11 13] [1 2 4 11] [1 2 3 4 5 11 20] [] [] [] [] [] [] [] [] [] [] [] [] [] [] []
88 [] [1 2 11] [1 2 4 5 6 13 16 18] [1 2 4 5 11 13] [1 2 11 13 20] [1 2 4 5 11 20] [1 2 4] [1 2 4 5 12] [1 2 4 5] [1] [1 2 4 5 6] [1 2 4 5 11] [1 2 3 4 13] [1 2 5 11] [1 2 4 11 20] [1 2 3 4] [1 2] [1 2 13] [1 2 4 13] [1 2 3] [1 2 4 5 6 11 13 16 18 20] [1 2 4 5 13] [1 2 4 11 13] [1 2 4 11] [1 2 3 4 5 11 20] [] [] [] [] [] [] [] [] [] [] [] [] [] [] [] []
89 [] [1 2 11] [1 2 4 5 6 13 16 18] [1 2 4 5 11 13] [1 2 11 13 20] [1 2 4 5 11 20] [1 2 4] [1 2 4 5 12] [1 2 4 5] [1] [1 2 4 5 6] [1 2 4 5 11] [1 2 3 4 13] [1 2 5 11] [1 2 4 11 20] [1 2 3 4] [1 2] [1 2 13] [1 2 4 13] [1 2 3] [1 2 4 5 6 11 13 16 18 20] [1 2 4 5 13] [1 2 4 11 13] [1 2 4 11] [1 2 3 4 5 11 20] [] [] [] [] [] [] [] [] [] [] [] [] [] [] [] []
90 [] [1 2 11] [1 2 4 5 6 13 16 18] [1 2 4 5 11 13] [1 2 11 13 20] [1 2 4 5 11 20] [1 2 4] [1 2 4 5 12] [1 2 4 5] [1] [1 2 4 5 6] [1 2 4 5 11] [1 2 3 4 13] [1 2 5 11] [1 2 4 11 20] [1 2 3 4] [1 2] [1 2 13] [1 2 4 13] [1 2 3] [1 2 4 5 6 11 13 16 18 20] [1 2 4 5 13] [1 2 4 11 13] [1 2 4 11] [1 2 3 4 5 11 20] [] [] [] [] [] [] [] [] [] [] [] [] [] [] [] []
91 [] [1 2 11] [1 2 4 5 6 13 16 18] [1 2 4 5 11 13] [1 2 11 13 20] [1 2 4 5 11 20] [1 2 4] [1 2 4 5 12] [1 2 4 5] [1] [1 2 4 5 6] [1 2 4 5 11] [1 2 3 4 13] [1 2 5 11] [1 2 4 11 20] [1 2 3 4] [1 2] [1 2 13] [1 2 4 13] [1 2 3] [1 2 4 5 6 11 13 16 18 20] [1 2 4 5 13] [1 2 4 11 13] [1 2 4 11] [1 2 3 4 5 11 20] [] [] [] [] [] [] [] [] [] [] [] [] [] [] [] []
92 [] [1 2 11] [1 2 4 5 6 13 16 18] [1 2 4 5 11 13] [1 2 11 13 20] [1 2 4 5 11 20] [1 2 4] [1 2 4 5 12] [1 2 4 5] [1] [1 2 4 5 6] [1 2 4 5 11] [1 2 3 4 13] [1 2 5 11] [1 2 4 11 20] [1 2 3 4] [1 2] [1 2 13] [1 2 4 13] [1 2 3] [1 2 4 5 6 11 13 16 18 20] [1 2 4 5 13] [1 2 4 11 13] [1 2 4 11] [1 2 3 4 5 11 20] [] [] [] [] [] [] [] [] [] [] [] [] [] [] [] []
93 [] [1 2 4 5 6 13 16 18] [1 2 4 5 11 13] [1 2 11 13 20] [1 2 4 5 11 20] [1 2 4] [1 2 4 5 12] [1 2 4 5] [1] [1 2 4 5 6] [1 2 4 5 11] [1 2 3 4 13] [1 2 5 11] [1 2 4 11 20] [1 2 3 4] [1 2] [1 2 13] [1 2 4 13] [1 2 3] [1 2 11] [1 2 4 5 6 11 13 16 18 20] [1 2 4 5 13] [1 2 4 11 13] [1 2 4 11] [1 2 3 4 5 11 20] [] [] [] [] [] [] [] [] [] [] [] [] [] [] [] []
94 [] [1 2 4 5 6 13 16 18] [1 2 4 5 11 13] [1 2 11 13 20] [1 2 4 5 11 20] [1 2 4] [1 2 4 5 12] [1 2 4 5] [1] [1 2 4 5 6] [1 2 4 5 11] [1 2 3 4 13] [1 2 5 11] [1 2 4 11 20] [1 2 3 4] [1 2] [1 2 13] [1 2 4 13] [1 2 3] [1 2 11] [1 2 4 5 6 11 13 16 18 20] [1 2 4 5 13] [1 2 4 11 13] [1 2 4 11] [1 2 3 4 5 11 20] [] [] [] [] [] [] [] [] [] [] [] [] [] [] [] []
95 [] [1 2 4 5 6 13 16 18] [1 2 4 5 11 13] [1 2 11 13 20] [1 2 4 5 11 20] [1 2 4] [1 2 4 5 12] [1 2 4 5] [1] [1 2 4 5 6] [1 2 4 5 11] [1 2 3 4 13] [1 2 5 11] [1 2 4 11 20] [1 2 3 4] [1 2] [1 2 13] [1 2 4 13] [1 2 3] [1 2 11] [1 2 4 5 6 11 13 16 18 20] [1 2 4 5 13] [1 2 4 11 13] [1 2 4 11] [1 2 3 4 5 11 20] [] [] [] [] [] [] [] [] [] [] [] [] [] [] [] []
96 [] [1 2 4 5 6 13 16 18] [1 2 4 5 11 13] [1 2 11 13 20] [1 2 4 5 11 20] [1 2 4] [1 2 4 5 12] [1 2 4 5] [1] [1 2 4 5 6] [1 2 4 5 11] [1 2 3 4 13] [1 2 5 11] [1 2 4 11 20] [1 2 3 4] [1 2] [1 2 13] [1 2 4 13] [1 2 3] [1 2 11] [1 2 4 5 6 11 13 16 18 20] [1 2 4 5 13] [1 2 4 11 13] [1 2 4 11] [1 2 3 4 5 11 20] [] [] [] [] [] [] [] [] [] [] [] [] [] [] [] []
97 [] [1 2 4 5 6 13 16 18] [1 2 4 5 11 13] [1 2 11 13 20] [1 2 4 5 11 20] [1 2 4] [1 2 4 5 12] [1 2 4 5] [1] [1 2 4 5 6] [1 2 4 5 11] [1 2 3 4 13] [1 2 5 11] [1 2 4 11 20] [1 2 3 4] [1 2] [1 2 13] [1 2 4 13] [1 2 3] [1 2 11] [1 2 4 5 6 11 13 16 18 20] [1 2 4 5 13] [1 2 4 11 13] [1 2 4 11] [1 2 3 4 5 11 20] [] [] [] [] [] [] [] [] [] [] [] [] [] [] [] []
98 [] [1 2 4 5 6 13 16 18] [1 2 4 5 11 13] [1 2 11 13 20] [1 2 4 5 11 20] [1 2 4] [1 2 4 5 12] [1 2 4 5] [1] [1 2 4 5 6] [1 2 4 5 11] [1 2 3 4 13] [1 2 5 11] [1 2 4 11 20] [1 2 3 4] [1 2] [1 2 13] [1 2 4 13] [1 2 3] [1 2 11] [1 2 4 5 6 11 13 16 18 20] [1 2 4 5 13] [1 2 4 11 13] [1 2 4 11] [1 2 3 4 5 11 20] [] [] [] [] [] [] [] [] [] [] [] [] [] [] [] []
99 [] [1 2 4 5 11 13] [1 2 11 13 20] [1 2 4 5 11 20] [1 2 4] [1 2 4 5 12] [1 2 4 5] [1] [1 2 4 5 6] [1 2 4 5 11] [1 2 3 4 13] [1 2 5 11] [1 2 4 11 20] [1 2 3 4] [1 2] [1 2 13] [1 2 4 13] [1 2 3] [1 2 4 5 6 13 16 18] [1 2 11] [1 2 4 5 6 11 13 16 18 20] [1 2 4 5 13] [1 2 4 11 13] [1 2 4 11] [1 2 3 4 5 11 20] [] [] [] [] [] [] [] [] [] [] [] [] [] [] [] []
100 [] [1 2 4 5 11 13] [1 2 11 13 20] [1 2 4 5 11 20] [1 2 4] [1 2 4 5 12] [1 2 4 5] [1] [1 2 4 5 6] [1 2 4 5 11] [1 2 3 4 13] [1 2 5 11] [1 2 4 11 20] [1 2 3 4] [1 2] [1 2 13] [1 2 4 13] [1 2 3] [1 2 4 5 6 13 16 18] [1 2 11] [1 2 4 5 6 11 13 16 18 20] [1 2 4 5 13] [1 2 4 11 13] [1 2 4 11] [1 2 3 4 5 11 20] [] [] [] [] [] [] [] [] [] [] [] [] [] [] [] []
101 [] [1 2 4 5 11 13] [1 2 11 13 20] [1 2 4 5 11 20] [1 2 4] [1 2 4 5 12] [1 2 4 5] [1] [1 2 4 5 6] [1 2 4 5 11] [1 2 3 4 13] [1 2 5 11] [1 2 4 11 20] [1 2 3 4] [1 2] [1 2 13] [1 2 4 13] [1 2 3] [1 2 4 5 6 13 16 18] [1 2 11] [1 2 4 5 6 11 13 16 18 20] [1 2 4 5 13] [1 2 4 11 13] [1 2 4 11] [1 2 3 4 5 11 20] [] [] [] [] [] [] [] [] [] [] [] [] [] [] [] []
102 [] [1 2 4 5 11 13] [1 2 11 13 20] [1 2 4 5 11 20] [1 2 4] [1 2 4 5 12] [1 2 4 5] [1] [1 2 4 5 6] [1 2 4 5 11] [1 2 3 4 13] [1 2 5 11] [1 2 4 11 20] [1 2 3 4] [1 2] [1 2 13] [1 2 4 13] [1 2 3] [1 2 4 5 6 13 16 18] [1 2 11] [1 2 4 5 6 11 13 16 18 20] [1 2 4 5 13] [1 2 4 11 13] [1 2 4 11] [1 2 3 4 5 11 20] [] [] [] [] [] [] [] [] [] [] [] [] [] [] [] []
103 [] [1 2 4 5 11 13] [1 2 11 13 20] [1 2 4 5 11 20] [1 2 4] [1 2 4 5 12] [1 2 4 5] [1] [1 2 4 5 6] [1 2 4 5 11] [1 2 3 4 13] [1 2 5 11] [1 2 4 11 20] [1 2 3 4] [1 2] [1 2 13] [1 2 4 13] [1 2 3] [1 2 4 5 6 13 16 18] [1 2 11] [1 2 4 5 6 11 13 16 18 20] [1 2 4 5 13] [1 2 4 11 13] [1 2 4 11] [1 2 3 4 5 11 20] [] [] [] [] [] [] [] [] [] [] [] [] [] [] [] []
104 [] [1 2 4 5 11 13] [1 2 11 13 20] [1 2 4 5 11 20] [1 2 4] [1 2 4 5 12] [1 2 4 5] [1] [1 2 4 5 6] [1 2 4 5 11] [1 2 3 4 13] [1 2 5 11] [1 2 4 11 20] [1 2 3 4] [1 2] [1 2 13] [1 2 4 13] [1 2 3] [1 2 4 5 6 13 16 18] [1 2 11] [1 2 4 5 6 11 13 16 18 20] [1 2 4 5 13] [1 2 4 11 13] [1 2 4 11] [1 2 3 4 5 11 20] [] [] [] [] [] [] [] [] [] [] [] [] [] [] [] []
105 [] [1 2 11 13 20] [1 2 4 5 11 20] [1 2 4] [1 2 4 5 12] [1 2 4 5] [1] [1 2 4 5 6] [1 2 4 5 11] [1 2 3 4 13] [1 2 5 11] [1 2 4 11 20] [1 2 3 4] [1 2] [1 2 13] [1 2 4 13] [1 2 3] [1 2 4 5 6 13 16 18] [1 2 11] [1 2 4 5 11 13] [1 2 4 5 6 11 13 16 18 20] [1 2 4 5 13] [1 2 4 11 13] [1 2 4 11] [1 2 3 4 5 11 20] [] [] [] [] [] [] [] [] [] [] [] [] [] [] [] []
106 [] [1 2 4 5 11 20] [1 2 4] [1 2 4 5 12] [1 2 4 5] [1] [1 2 4 5 6] [1 2 4 5 11] [1 2 3 4 13] [1 2 5 11] [1 2 4 11 20] [1 2 3 4] [1 2] [1 2 13] [1 2 4 13] [1 2 3] [1 2 4 5 6 13 16 18] [1 2 11] [1 2 4 5 11 13] [1 2 4 5 6 11 13 16 18 20] [1 2 4 5 13] [1 2 4 11 13] [1 2 4 11] [1 2 3 4 5 11 20] [] [] [] [] [] [] [] [] [] [] [] [] [] [] [] [] []
107 [] [1 2 4 5 11 20] [1 2 4] [1 2 4 5 12] [1 2 4 5] [1] [1 2 4 5 6] [1 2 4 5 11] [1 2 3 4 13] [1 2 5 11] [1 2 4 11 20] [1 2 3 4] [1 2] [1 2 13] [1 2 4 13] [1 2 3] [1 2 4 5 6 13 16 18] [1 2 11] [1 2 4 5 11 13] [1 2 4 5 6 11 13 16 18 20] [1 2 4 5 13] [1 2 4 11 13] [1 2 4 11] [1 2 3 4 5 11 20] [] [] [] [] [] [] [] [] [] [] [] [] [] [] [] [] []
108 [] [1 2 4 5 11 20] [1 2 4] [1 2 4 5 12] [1 2 4 5] [1] [1 2 4 5 6] [1 2 4 5 11] [1 2 3 4 13] [1 2 5 11] [1 2 4 11 20] [1 2 3 4] [1 2] [1 2 13] [1 2 4 13] [1 2 3] [1 2 4 5 6 13 16 18] [1 2 11] [1 2 4 5 11 13] [1 2 4 5 6 11 13 16 18 20] [1 2 4 5 13] [1 2 4 11 13] [1 2 4 11] [1 2 3 4 5 11 20] [] [] [] [] [] [] [] [] [] [] [] [] [] [] [] [] []
109 [] [1 2 4 5 11 20] [1 2 4] [1 2 4 5 12] [1 2 4 5] [1] [1 2 4 5 6] [1 2 4 5 11] [1 2 3 4 13] [1 2 5 11] [1 2 4 11 20] [1 2 3 4] [1 2] [1 2 13] [1 2 4 13] [1 2 3] [1 2 4 5 6 13 16 18] [1 2 11] [1 2 4 5 11 13] [1 2 4 5 6 11 13 16 18 20] [1 2 4 5 13] [1 2 4 11 13] [1 2 4 11] [1 2 3 4 5 11 20] [] [] [] [] [] [] [] [] [] [] [] [] [] [] [] [] []
110 [] [1 2 4 5 11 20] [1 2 4] [1 2 4 5 12] [1 2 4 5] [1] [1 2 4 5 6] [1 2 4 5 11] [1 2 3 4 13] [1 2 5 11] [1 2 4 11 20] [1 2 3 4] [1 2] [1 2 13] [1 2 4 13] [1 2 3] [1 2 4 5 6 13 16 18] [1 2 11] [1 2 4 5 11 13] [1 2 4 5 6 11 13 16 18 20] [1 2 4 5 13] [1 2 4 11 13] [1 2 4 11] [1 2 3 4 5 11 20] [] [] [] [] [] [] [] [] [] [] [] [] [] [] [] [] []
111 [] [1 2 4 5 11 20] [1 2 4] [1 2 4 5 12] [1 2 4 5] [1] [1 2 4 5 6] [1 2 4 5 11] [1 2 3 4 13] [1 2 5 11] [1 2 4 11 20] [1 2 3 4] [1 2] [1 2 13] [1 2 4 13] [1 2 3] [1 2 4 5 6 13 16 18] [1 2 11] [1 2 4 5 11 13] [1 2 4 5 6 11 13 16 18 20] [1 2 4 5 13] [1 2 4 11 13] [1 2 4 11] [1 2 3 4 5 11 20] [] [] [] [] [] [] [] [] [] [] [] [] [] [] [] [] []
112 [] [1 2 4 5 11 20] [1 2 4] [1 2 4 5 12] [1 2 4 5] [1] [1 2 4 5 6] [1 2 4 5 11] [1 2 3 4 13] [1 2 5 11] [1 2 4 11 20] [1 2 3 4] [1 2] [1 2 13] [1 2 4 13] [1 2 3] [1 2 4 5 6 13 16 18] [1 2 11] [1 2 4 5 11 13] [1 2 4 5 6 11 13 16 18 20] [1 2 4 5 13] [1 2 4 11 13] [1 2 4 11] [1 2 3 4 5 11 20] [] [] [] [] [] [] [] [] [] [] [] [] [] [] [] [] []
113 [] [1 2 4 5 11 20] [1 2 4] [1 2 4 5 12] [1 2 4 5] [1] [1 2 4 5 6] [1 2 4 5 11] [1 2 3 4 13] [1 2 5 11] [1 2 4 11 20] [1 2 3 4] [1 2] [1 2 13] [1 2 4 13] [1 2 3] [1 2 4 5 6 13 16 18] [1 2 11] [1 2 4 5 11 13] [1 2 4 5 6 11 13 16 18 20] [1 2 4 5 13] [1 2 4 11 13] [1 2 4 11] [1 2 3 4 5 11 20] [] [] [] [] [] [] [] [] [] [] [] [] [] [] [] [] []
114 [] [1 2 4 5 11 20] [1 2 4] [1 2 4 5 12] [1 2 4 5] [1] [1 2 4 5 6] [1 2 4 5 11] [1 2 3 4 13] [1 2 5 11] [1 2 4 11 20] [1 2 3 4] [1 2] [1 2 13] [1 2 4 13] [1 2 3] [1 2 4 5 6 13 16 18] [1 2 11] [1 2 4 5 11 13] [1 2 4 5 6 11 13 16 18 20] [1 2 4 5 13] [1 2 4 11 13] [1 2 4 11] [1 2 3 4 5 11 20] [] [] [] [] [] [] [] [] [] [] [] [] [] [] [] [] []
115 [] [1 2 4 5 11 20] [1 2 4] [1 2 4 5 12] [1 2 4 5] [1] [1 2 4 5 6] [1 2 4 5 11] [1 2 3 4 13] [1 2 5 11] [1 2 4 11 20] [1 2 3 4] [1 2] [1 2 13] [1 2 4 13] [1 2 3] [1 2 4 5 6 13 16 18] [1 2 11] [1 2 4 5 11 13] [1 2 4 5 6 11 13 16 18 20] [1 2 4 5 13] [1 2 4 11 13] [1 2 4 11] [1 2 3 4 5 11 20] [] [] [] [] [] [] [] [] [] [] [] [] [] [] [] [] []
116 [] [1 2 4 5 11 20] [1 2 4] [1 2 4 5 12] [1 2 4 5] [1] [1 2 4 5 6] [1 2 4 5 11] [1 2 3 4 13] [1 2 5 11] [1 2 4 11 20] [1 2 3 4] [1 2] [1 2 13] [1 2 4 13] [1 2 3] [1 2 4 5 6 13 16 18] [1 2 11] [1 2 4 5 11 13] [1 2 4 5 6 11 13 16 18 20] [1 2 4 5 13] [1 2 4 11 13] [1 2 4 11] [1 2 3 4 5 11 20] [] [] [] [] [] [] [] [] [] [] [] [] [] [] [] [] []
117 [] [1 2 4 5 11 20] [1 2 4] [1 2 4 5 12] [1 2 4 5] [1] [1 2 4 5 6] [1 2 4 5 11] [1 2 3 4 13] [1 2 5 11] [1 2 4 11 20] [1 2 3 4] [1 2] [1 2 13] [1 2 4 13] [1 2 3] [1 2 4 5 6 13 16 18] [1 2 11] [1 2 4 5 11 13] [1 2 4 5 6 11 13 16 18 20] [1 2 4 5 13] [1 2 4 11 13] [1 2 4 11] [1 2 3 4 5 11 20] [] [] [] [] [] [] [] [] [] [] [] [] [] [] [] [] []
118 [] [1 2 4] [1 2 4 5 12] [1 2 4 5] [1] [1 2 4 5 6] [1 2 4 5 11] [1 2 3 4 13] [1 2 5 11] [1 2 4 11 20] [1 2 3 4] [1 2] [1 2 13] [1 2 4 13] [1 2 3] [1 2 4 5 6 13 16 18] [1 2 11] [1 2 4 5 11 13] [1 2 4 5 6 11 13 16 18 20] [1 2 4 5 13] [1 2 4 11 13] [1 2 4 11] [1 2 3 4 5 11 20] [] [] [] [] [] [] [] [] [] [] [] [] [] [] [] [] [] []
119 [] [1 2 4] [1 2 4 5 12] [1 2 4 5] [1] [1 2 4 5 6] [1 2 4 5 11] [1 2 3 4 13] [1 2 5 11] [1 2 4 11 20] [1 2 3 4] [1 2] [1 2 13] [1 2 4 13] [1 2 3] [1 2 4 5 6 13 16 18] [1 2 11] [1 2 4 5 11 13] [1 2 4 5 6 11 13 16 18 20] [1 2 4 5 13] [1 2 4 11 13] [1 2 4 11] [1 2 3 4 5 11 20] [] [] [] [] [] [] [] [] [] [] [] [] [] [] [] [] [] []
120 [] [1 2 4] [1 2 4 5 12] [1 2 4 5] [1] [1 2 4 5 6] [1 2 4 5 11] [1 2 3 4 13] [1 2 5 11] [1 2 4 11 20] [1 2 3 4] [1 2] [1 2 13] [1 2 4 13] [1 2 3] [1 2 4 5 6 13 16 18] [1 2 11] [1 2 4 5 11 13] [1 2 4 5 6 11 13 16 18 20] [1 2 4 5 13] [1 2 4 11 13] [1 2 4 11] [1 2 3 4 5 11 20] [] [] [] [] [] [] [] [] [] [] [] [] [] [] [] [] [] []
121 [] [1 2 4] [1 2 4 5 12] [1 2 4 5] [1] [1 2 4 5 6] [1 2 4 5 11] [1 2 3 4 13] [1 2 5 11] [1 2 4 11 20] [1 2 3 4] [1 2] [1 2 13] [1 2 4 13] [1 2 3] [1 2 4 5 6 13 16 18] [1 2 11] [1 2 4 5 11 13] [1 2 4 5 6 11 13 16 18 20] [1 2 4 5 13] [1 2 4 11 13] [1 2 4 11] [1 2 3 4 5 11 20] [] [] [] [] [] [] [] [] [] [] [] [] [] [] [] [] [] []
122 [] [1 2 4] [1 2 4 5 12] [1 2 4 5] [1] [1 2 4 5 6] [1 2 4 5 11] [1 2 3 4 13] [1 2 5 11] [1 2 4 11 20] [1 2 3 4] [1 2] [1 2 13] [1 2 4 13] [1 2 3] [1 2 4 5 6 13 16 18] [1 2 11] [1 2 4 5 11 13] [1 2 4 5 6 11 13 16 18 20] [1 2 4 5 13] [1 2 4 11 13] [1 2 4 11] [1 2 3 4 5 11 20] [] [] [] [] [] [] [] [] [] [] [] [] [] [] [] [] [] []
123 [] [1 2 4] [1 2 4 5 12] [1 2 4 5] [1] [1 2 4 5 6] [1 2 4 5 11] [1 2 3 4 13] [1 2 5 11] [1 2 4 11 20] [1 2 3 4] [1 2] [1 2 13] [1 2 4 13] [1 2 3] [1 2 4 5 6 13 16 18] [1 2 11] [1 2 4 5 11 13] [1 2 4 5 6 11 13 16 18 20] [1 2 4 5 13] [1 2 4 11 13] [1 2 4 11] [1 2 3 4 5 11 20] [] [] [] [] [] [] [] [] [] [] [] [] [] [] [] [] [] []
124 [] [1 2 4 5 12] [1 2 4 5] [1] [1 2 4 5 6] [1 2 4 5 11] [1 2 3 4 13] [1 2 5 11] [1 2 4 11 20] [1 2 3 4] [1 2] [1 2 4] [1 2 13] [1 2 4 13] [1 2 3] [1 2 4 5 6 13 16 18] [1 2 11] [1 2 4 5 11 13] [1 2 4 5 6 11 13 16 18 20] [1 2 4 5 13] [1 2 4 11 13] [1 2 4 11] [1 2 3 4 5 11 20] [] [] [] [] [] [] [] [] [] [] [] [] [] [] [] [] [] []
125 [] [1 2 4 5 12] [1 2 4 5] [1] [1 2 4 5 6] [1 2 4 5 11] [1 2 3 4 13] [1 2 5 11] [1 2 4 11 20] [1 2 3 4] [1 2] [1 2 4] [1 2 13] [1 2 4 13] [1 2 3] [1 2 4 5 6 13 16 18] [1 2 11] [1 2 4 5 11 13] [1 2 4 5 6 11 13 16 18 20] [1 2 4 5 13] [1 2 4 11 13] [1 2 4 11] [1 2 3 4 5 11 20] [] [] [] [] [] [] [] [] [] [] [] [] [] [] [] [] [] []
126 [] [1 2 4 5 12] [1 2 4 5] [1] [1 2 4 5 6] [1 2 4 5 11] [1 2 3 4 13] [1 2 5 11] [1 2 4 11 20] [1 2 3 4] [1 2] [1 2 4] [1 2 13] [1 2 4 13] [1 2 3] [1 2 4 5 6 13 16 18] [1 2 11] [1 2 4 5 11 13] [1 2 4 5 6 11 13 16 18 20] [1 2 4 5 13] [1 2 4 11 13] [1 2 4 11] [1 2 3 4 5 11 20] [] [] [] [] [] [] [] [] [] [] [] [] [] [] [] [] [] []
127 [] [1 2 4 5 12] [1 2 4 5] [1] [1 2 4 5 6] [1 2 4 5 11] [1 2 3 4 13] [1 2 5 11] [1 2 4 11 20] [1 2 3 4] [1 2] [1 2 4] [1 2 13] [1 2 4 13] [1 2 3] [1 2 4 5 6 13 16 18] [1 2 11] [1 2 4 5 11 13] [1 2 4 5 6 11 13 16 18 20] [1 2 4 5 13] [1 2 4 11 13] [1 2 4 11] [1 2 3 4 5 11 20] [] [] [] [] [] [] [] [] [] [] [] [] [] [] [] [] [] []
128 [] [1 2 4 5 12] [1 2 4 5] [1] [1 2 4 5 6] [1 2 4 5 11] [1 2 3 4 13] [1 2 5 11] [1 2 4 11 20] [1 2 3 4] [1 2] [1 2 4] [1 2 13] [1 2 4 13] [1 2 3] [1 2 4 5 6 13 16 18] [1 2 11] [1 2 4 5 11 13] [1 2 4 5 6 11 13 16 18 20] [1 2 4 5 13] [1 2 4 11 13] [1 2 4 11] [1 2 3 4 5 11 20] [] [] [] [] [] [] [] [] [] [] [] [] [] [] [] [] [] []
129 [] [1 2 4 5 12] [1 2 4 5] [1] [1 2 4 5 6] [1 2 4 5 11] [1 2 3 4 13] [1 2 5 11] [1 2 4 11 20] [1 2 3 4] [1 2] [1 2 4] [1 2 13] [1 2 4 13] [1 2 3] [1 2 4 5 6 13 16 18] [1 2 11] [1 2 4 5 11 13] [1 2 4 5 6 11 13 16 18 20] [1 2 4 5 13] [1 2 4 11 13] [1 2 4 11] [1 2 3 4 5 11 20] [] [] [] [] [] [] [] [] [] [] [] [] [] [] [] [] [] []
130 [] [1 2 4 5] [1] [1 2 4 5 6] [1 2 4 5 11] [1 2 3 4 13] [1 2 5 11] [1 2 4 11 20] [1 2 3 4] [1 2] [1 2 4] [1 2 13] [1 2 4 13] [1 2 3] [1 2 4 5 6 13 16 18] [1 2 11] [1 2 4 5 11 13] [1 2 4 5 6 11 13 16 18 20] [1 2 4 5 13] [1 2 4 11 13] [1 2 4 11] [1 2 3 4 5 11 20] [] [] [] [] [] [] [] [] [] [] [] [] [] [] [] [] [] [] []
131 [] [1 2 4 5] [1] [1 2 4 5 6] [1 2 4 5 11] [1 2 3 4 13] [1 2 5 11] [1 2 4 11 20] [1 2 3 4] [1 2] [1 2 4] [1 2 13] [1 2 4 13] [1 2 3] [1 2 4 5 6 13 16 18] [1 2 11] [1 2 4 5 11 13] [1 2 4 5 6 11 13 16 18 20] [1 2 4 5 13] [1 2 4 11 13] [1 2 4 11] [1 2 3 4 5 11 20] [] [] [] [] [] [] [] [] [] [] [] [] [] [] [] [] [] [] []
132 [] [1 2 4 5] [1] [1 2 4 5 6] [1 2 4 5 11] [1 2 3 4 13] [1 2 5 11] [1 2 4 11 20] [1 2 3 4] [1 2] [1 2 4] [1 2 13] [1 2 4 13] [1 2 3] [1 2 4 5 6 13 16 18] [1 2 11] [1 2 4 5 11 13] [1 2 4 5 6 11 13 16 18 20] [1 2 4 5 13] [1 2 4 11 13] [1 2 4 11] [1 2 3 4 5 11 20] [] [] [] [] [] [] [] [] [] [] [] [] [] [] [] [] [] [] []
133 [] [1 2 4 5] [1 2 4] [1] [1 2 4 5 6] [1 2 4 5 11] [1 2 3 4 13] [1 2 5 11] [1 2 4 11 20] [1 2 3 4] [1 2] [1 2 13] [1 2 4 13] [1 2 3] [1 2 4 5 6 13 16 18] [1 2 11] [1 2 4 5 11 13] [1 2 4 5 6 11 13 16 18 20] [1 2 4 5 13] [1 2 4 11 13] [1 2 4 11] [1 2 3 4 5 11 20] [] [] [] [] [] [] [] [] [] [] [] [] [] [] [] [] [] [] []
134 [] [1 2 4] [1] [1 2 3 4 11 20] [1 2 4 5 6] [1 2 4 5 11] [1 2 3 4 13] [1 2 5 11] [1 2 4 11 20] [1 2 3 4] [1 2] [1 2 13] [1 2 4 5] [1 2 4 13] [1 2 3] [1 2 4 5 6 13 16 18] [1 2 11] [1 2 4 5 11 13] [1 2 4 5 6 11 13 16 18 20] [1 2 4 5 13] [1 2 4 11 13] [1 2 4 11] [1 2 3 4 5 11 20] [] [] [] [] [] [] [] [] [] [] [] [] [] [] [] [] [] []
135 [] [1 2 3 4 11 20] [1 2] [1 2 4 5 6] [1 2 4 5 11] [1 2 3 4 13] [1 2 5 11] [1 2 4 11 20] [1 2 3 4] [1 2 4] [1 2 13] [1 2 4 5] [1 2 4 13] [1 2 3] [1 2 4 5 6 13 16 18] [1 2 11] [1 2 4 5 11 13] [1 2 4 5 6 11 13 16 18 20] [1] [1 2 4 5 13] [1 2 4 11 13] [1 2 4 11] [1 2 3 4 5 11 20] [] [] [] [] [] [] [] [] [] [] [] [] [] [] [] [] [] []
136 [] [1 2 4 5 6] [1 2 4 5 11] [1 2 3 4 13] [1 2 5 11] [1 2 4 11 20] [1 2 3 4] [1 2] [1 2 4] [1 2 13] [1 2 4 5] [1 2 4 13] [1 2 3] [1 2 4 5 6 13 16 18] [1 2 11] [1 2 4 5 11 13] [1 2 4 5 6 11 13 16 18 20] [1] [1 2 4 5 13] [1 2 4 11 13] [1 2 4 11] [1 2 3 4 5 11 20] [] [] [] [] [] [] [] [] [] [] [] [] [] [] [] [] [] [] []
137 [] [1 2 4 5 6] [1 2 4 5 11] [1 2 3 4 13] [1 2 5 11] [1 2 4 11 20] [1 2 3 4] [1 2] [1 2 4] [1 2 13] [1 2 4 5] [1 2 4 13] [1 2 3] [1 2 4 5 6 13 16 18] [1 2 11] [1 2 4 5 11 13] [1 2 4 5 6 11 13 16 18 20] [1] [1 2 4 5 13] [1 2 4 11 13] [1 2 4 11] [1 2 3 4 5 11 20] [] [] [] [] [] [] [] [] [] [] [] [] [] [] [] [] [] [] []
138 [] [1 2 4 5 6] [1 2 4 5 11] [1 2 3 4 13] [1 2 5 11] [1 2 4 11 20] [1 2 3 4] [1 2] [1 2 4] [1 2 13] [1 2 4 5] [1 2 4 13] [1 2 3] [1 2 4 5 6 13 16 18] [1 2 11] [1 2 4 5 11 13] [1 2 4 5 6 11 13 16 18 20] [1] [1 2 4 5 13] [1 2 4 11 13] [1 2 4 11] [1 2 3 4 5 11 20] [] [] [] [] [] [] [] [] [] [] [] [] [] [] [] [] [] [] []
139 [] [1 2 4 5 6] [1 2 4 5 11] [1 2 3 4 13] [1 2 5 11] [1 2 4 11 20] [1 2 3 4] [1 2] [1 2 4] [1 2 13] [1 2 4 5] [1 2 4 13] [1 2 3] [1 2 4 5 6 13 16 18] [1 2 11] [1 2 4 5 11 13] [1 2 4 5 6 11 13 16 18 20] [1] [1 2 4 5 13] [1 2 4 11 13] [1 2 4 11] [1 2 3 4 5 11 20] [] [] [] [] [] [] [] [] [] [] [] [] [] [] [] [] [] [] []
140 [] [1 2 4 5 6] [1 2 4 5 11] [1 2 3 4 13] [1 2 5 11] [1 2 4 11 20] [1 2 3 4] [1 2] [1 2 4] [1 2 13] [1 2 4 5] [1 2 4 13] [1 2 3] [1 2 4 5 6 13 16 18] [1 2 11] [1 2 4 5 11 13] [1 2 4 5 6 11 13 16 18 20] [1] [1 2 4 5 13] [1 2 4 11 13] [1 2 4 11] [1 2 3 4 5 11 20] [] [] [] [] [] [] [] [] [] [] [] [] [] [] [] [] [] [] []
141 [] [1 2 4 5 6] [1 2 4 5 11] [1 2 3 4 13] [1 2 5 11] [1 2 4 11 20] [1 2 3 4] [1 2] [1 2 4] [1 2 13] [1 2 4 5] [1 2 4 13] [1 2 3] [1 2 4 5 6 13 16 18] [1 2 11] [1 2 4 5 11 13] [1 2 4 5 6 11 13 16 18 20] [1] [1 2 4 5 13] [1 2 4 11 13] [1 2 4 11] [1 2 3 4 5 11 20] [] [] [] [] [] [] [] [] [] [] [] [] [] [] [] [] [] [] []
142 [] [1 2 4 5 11] [1 2 3 4 13] [1 2 5 11] [1 2 4 11 20] [1 2 3 4] [1 2] [1 2 4 5 6] [1 2 4] [1 2 13] [1 2 4 5] [1 2 4 13] [1 2 3] [1 2 4 5 6 13 16 18] [1 2 11] [1 2 11 20] [1 2 4 5 11 13] [1 2 4 5 6 11 13 16 18 20] [1] [1 2 4 5 13] [1 2 4 11 13] [1 2 4 11] [1 2 3 4 5 11 20] [] [] [] [] [] [] [] [] [] [] [] [] [] [] [] [] [] []
143 [] [1 2 3 4 13] [1 2 4 5 13 16] [1 2 5 11] [1 2 4 11 20] [1 2 3 4] [1 2] [1 2 4 5 6] [1 2 4] [1 2 13] [1 2 4 5] [1 2 4 13] [1 2 3] [1 2 4 5 6 13 16 18] [1 2 11] [1 2 11 20] [1 2 4 5 11 13] [1 2 4 5 6 11 13 16 18 20] [1] [1 2 4 5 13] [1 2 4 11 13] [1 2 4 11] [1 2 3 4 5 11 20] [] [] [] [] [] [] [] [] [] [] [] [] [] [] [] [] [] []
144 [] [1 2 4 5 13 16] [1 2 5 11] [1 2 4 11 20] [1 2 3 4] [1 2] [1 2 4 5 6] [1 2 4] [1 2 13] [1 2 4 5] [1 2 4 13] [1 2 3] [1 2 4 5 6 13 16 18] [1 2 11] [1 2 11 20] [1 2 4 5 11 13] [1 2 4 5 6 11 13 16 18 20] [1] [1 2 4 5 13] [1 2 4 11 13] [1 2 4 11] [1 2 3 4 5 11 20] [] [] [] [] [] [] [] [] [] [] [] [] [] [] [] [] [] [] []
145 [] [1 2 5 11] [1 2 4 11 20] [1 2 3 4] [1 2] [1 2 4 5 6] [1 2 4] [1 2 13] [1 2 4 5] [1 2 4 13] [1 2 3] [1 2 4 5 6 13 16 18] [1 2 11] [1 2 11 20] [1 2 4 5 11 13] [1 2 4 5 6 11 13 16 18 20] [1] [1 2 4 5 13] [1 2 4 11 13] [1 2 4 11] [1 2 3 4 5 11 20] [] [] [] [] [] [] [] [] [] [] [] [] [] [] [] [] [] [] [] []
146 [] [1 2 5 11] [1 2 4 11 20] [1 2 3 4] [1 2] [1 2 4 5 6] [1 2 4] [1 2 13] [1 2 4 5] [1 2 4 13] [1 2 3] [1 2 4 5 6 13 16 18] [1 2 11] [1 2 11 20] [1 2 4 5 11 13] [1 2 4 5 6 11 13 16 18 20] [1] [1 2 4 5 13] [1 2 4 11 13] [1 2 4 11] [1 2 3 4 5 11 20] [] [] [] [] [] [] [] [] [] [] [] [] [] [] [] [] [] [] [] []
147 [] [1 2 5 11] [1 2 4 11 20] [1 2 3 4] [1 2] [1 2 4 5 6] [1 2 4] [1 2 13] [1 2 4 5] [1 2 4 13] [1 2 3] [1 2 4 5 6 13 16 18] [1 2 11] [1 2 11 20] [1 2 4 5 11 13] [1 2 4 5 6 11 13 16 18 20] [1] [1 2 4 5 13] [1 2 4 11 13] [1 2 4 11] [1 2 3 4 5 11 20] [] [] [] [] [] [] [] [] [] [] [] [] [] [] [] [] [] [] [] []
148 [] [1 2 5 11] [1 2 4 11 20] [1 2 3 4] [1 2] [1 2 4 5 6] [1 2 4] [1 2 13] [1 2 4 5] [1 2 4 13] [1 2 3] [1 2 4 5 6 13 16 18] [1 2 11] [1 2 11 20] [1 2 4 5 11 13] [1 2 4 5 6 11 13 16 18 20] [1] [1 2 4 5 13] [1 2 4 11 13] [1 2 4 11] [1 2 3 4 5 11 20] [] [] [] [] [] [] [] [] [] [] [] [] [] [] [] [] [] [] [] []
149 [] [1 2 4 11 20] [1 2 3 4] [1 2] [1 2 4 5 6] [1 2 4] [1 2 13] [1 2 4 5] [1 2 4 13] [1 2 3] [1 2 4 5 6 13 16 18] [1 2 11] [1 2 11 20] [1 2 4 5 11 13] [1 2 4 5 6 11 13 16 18 20] [1] [1 2 4 5 13] [1 2 4 11 13] [1 2 4 11] [1 2 3 4 5 11 20] [] [] [] [] [] [] [] [] [] [] [] [] [] [] [] [] [] [] [] [] []
150 [] [1 2 3 4] [1 2] [1 2 4 5 6] [1 2 4] [1 2 13] [1 2 4 5] [1 2 4 13] [1 2 3] [1 2 4 5 6 13 16 18] [1 2 11] [1 2 11 20] [1 2 4 5 11 13] [1 2 4 5 6 11 13 16 18 20] [1] [1 2 4 5 13] [1 2 4 11 13] [1 2 4 11] [1 2 4 11 20] [1 2 3 4 5 11 20] [] [] [] [] [] [] [] [] [] [] [] [] [] [] [] [] [] [] [] [] []
151 [] [1 2 3 4] [1 2] [1 2 4 5 6] [1 2 4] [1 2 13] [1 2 4 5] [1 2 4 13] [1 2 3] [1 2 4 5 6 13 16 18] [1 2 11] [1 2 11 20] [1 2 4 5 11 13] [1 2 4 5 6 11 13 16 18 20] [1] [1 2 4 5 13] [1 2 4 11 13] [1 2 4 11] [1 2 4 11 20] [1 2 3 4 5 11 20] [] [] [] [] [] [] [] [] [] [] [] [] [] [] [] [] [] [] [] [] []
152 [] [1 2] [1 2 4 5 6] [1 2 4] [1 2 13] [1 2 4 5] [1 2 4 13] [1 2 3] [1 2 4 5 6 13 16 18] [1 2 11] [1 2 11 20] [1 2 4 5 11 13] [1 2 4 5 6 11 13 16 18 20] [1] [1 2 4 5 13] [1 2 4 11 13] [1 2 4 11] [1 2 4 11 20] [1 2 3 4 5 11 20] [] [] [] [] [] [] [] [] [] [] [] [] [] [] [] [] [] [] [] [] [] []
153 [] [1 2] [1 2 4 5 6] [1 2 4] [1 2 13] [1 2 4 5] [1 2 4 13] [1 2 3] [1 2 4 5 6 13 16 18] [1 2 11] [1 2 11 20] [1 2 4 5 11 13] [1 2 4 5 6 11 13 16 18 20] [1] [1 2 4 5 13] [1 2 4 11 13] [1 2 4 11] [1 2 4 11 20] [1 2 3 4 5 11 20] [] [] [] [] [] [] [] [] [] [] [] [] [] [] [] [] [] [] [] [] [] []
154 [] [1 2] [1 2 4 5 6] [1 2 4] [1 2 13] [1 2 4 5] [1 2 4 13] [1 2 3] [1 2 4 5 6 13 16 18] [1 2 11] [1 2 11 20] [1 2 4 5 11 13] [1 2 4 5 6 11 13 16 18 20] [1] [1 2 4 5 13] [1 2 4 11 13] [1 2 4 11] [1 2 4 11 20] [1 2 3 4 5 11 20] [] [] [] [] [] [] [] [] [] [] [] [] [] [] [] [] [] [] [] [] [] []
155 [] [1 2 4 5 6] [1 2 4] [1 2 13] [1 2] [1 2 4 5] [1 2 4 13] [1 2 3] [1 2 4 5 6 13 16 18] [1 2 11] [1 2 11 20] [1 2 4 5 11 13] [1 2 4 5 6 11 13 16 18 20] [1] [1 2 4 5 13] [1 2 4 11 13] [1 2 4 11] [1 2 11 13] [1 2 4 11 20] [1 2 3 4 5 11 20] [] [] [] [] [] [] [] [] [] [] [] [] [] [] [] [] [] [] [] [] []
156 [] [1 2 4] [1 2 13] [1 2] [1 2 4 5] [1 2 4 13] [1 2 3] [1 2 4 5 6 13 16 18] [1 2 11] [1 2 11 20] [1 2 4 5 11 13] [1 2 4 5 6 11 13 16 18 20] [1] [1 2 4 5 13] [1 2 4 11 13] [1 2 4 11] [1 2 11 13] [1 2 4 11 20] [1 2 3 4 5 11 20] [] [] [] [] [] [] [] [] [] [] [] [] [] [] [] [] [] [] [] [] [] []
157 [] [1 2 4] [1 2 13] [1 2] [1 2 4 5] [1 2 4 13] [1 2 3] [1 2 4 5 6 13 16 18] [1 2 11] [1 2 11 20] [1 2 4 5 11 13] [1 2 4 5 6 11 13 16 18 20] [1] [1 2 4 5 13] [1 2 4 11 13] [1 2 4 11] [1 2 11 13] [1 2 4 11 20] [1 2 3 4 5 11 20] [] [] [] [] [] [] [] [] [] [] [] [] [] [] [] [] [] [] [] [] [] []
158 [] [1 2 4] [1 2 13] [1 2] [1 2 4 5] [1 2 4 13] [1 2 3] [1 2 4 5 6 13 16 18] [1 2 11] [1 2 11 20] [1 2 4 5 11 13] [1 2 4 5 6 11 13 16 18 20] [1] [1 2 4 5 13] [1 2 4 11 13] [1 2 4 11] [1 2 11 13] [1 2 4 11 20] [1 2 3 4 5 11 20] [] [] [] [] [] [] [] [] [] [] [] [] [] [] [] [] [] [] [] [] [] []
159 [] [1 2 4] [1 2 13] [1 2] [1 2 4 5] [1 2 4 13] [1 2 3] [1 2 4 5 6 13 16 18] [1 2 11] [1 2 11 20] [1 2 4 5 11 13] [1 2 4 5 6 11 13 16 18 20] [1] [1 2 4 5 13] [1 2 4 11 13] [1 2 4 11] [1 2 11 13] [1 2 4 11 20] [1 2 3 4 5 11 20] [] [] [] [] [] [] [] [] [] [] [] [] [] [] [] [] [] [] [] [] [] []
160 [] [1 2 13] [1 2] [1 2 4] [1 2 4 5] [1 2 4 13] [1 2 3] [1 2 4 5 6 13 16 18] [1 2 11] [1 2 11 20] [1 2 4 5 11 13] [1 2 4 5 6 11 13 16 18 20] [1] [1 2 4 5 13] [1 2 4 11 13] [1 2 4 11] [1 2 11 13] [1 2 4 11 20] [1 2 3 4 5 11 20] [] [] [] [] [] [] [] [] [] [] [] [] [] [] [] [] [] [] [] [] [] []
161 [] [1 2 13] [1 2] [1 2 4] [1 2 4 5] [1 2 4 13] [1 2 3] [1 2 4 5 6 13 16 18] [1 2 11] [1 2 11 20] [1 2 4 5 11 13] [1 2 4 5 6 11 13 16 18 20] [1] [1 2 4 5 13] [1 2 4 11 13] [1 2 4 11] [1 2 11 13] [1 2 4 11 20] [1 2 3 4 5 11 20] [] [] [] [] [] [] [] [] [] [] [] [] [] [] [] [] [] [] [] [] [] []
162 [] [1 2 13] [1 2] [1 2 4] [1 2 4 5] [1 2 4 13] [1 2 3] [1 2 4 5 6 13 16 18] [1 2 11] [1 2 11 20] [1 2 4 5 11 13] [1 2 4 5 6 11 13 16 18 20] [1] [1 2 4 5 13] [1 2 4 11 13] [1 2 4 11] [1 2 11 13] [1 2 4 11 20] [1 2 3 4 5 11 20] [] [] [] [] [] [] [] [] [] [] [] [] [] [] [] [] [] [] [] [] [] []
163 [] [1 2 13] [1 2] [1 2 4] [1 2 4 5] [1 2 4 13] [1 2 3] [1 2 4 5 6 13 16 18] [1 2 11] [1 2 11 20] [1 2 4 5 11 13] [1 2 4 5 6 11 13 16 18 20] [1] [1 2 4 5 13] [1 2 4 11 13] [1 2 4 11] [1 2 11 13] [1 2 4 11 20] [1 2 3 4 5 11 20] [] [] [] [] [] [] [] [] [] [] [] [] [] [] [] [] [] [] [] [] [] []
164 [] [1 2] [1 2 4] [1 2 4 5] [1 2 4 13] [1 2 3] [1 2 4 5 6 13 16 18] [1 2 11] [1 2 11 20] [1 2 4 5 11 13] [1 2 4 5 6 11 13 16 18 20] [1] [1 2 4 5 13] [1 2 4 11 13] [1 2 4 11] [1 2 13] [1 2 11 13] [1 2 4 11 20] [1 2 3 4 5 11 20] [] [] [] [] [] [] [] [] [] [] [] [] [] [] [] [] [] [] [] [] [] []
165 [] [1 2] [1 2 4] [1 2 4 5] [1 2 4 13] [1 2 3] [1 2 4 5 6 13 16 18] [1 2 11] [1 2 11 20] [1 2 4 5 11 13] [1 2 4 5 6 11 13 16 18 20] [1] [1 2 4 5 13] [1 2 4 11 13] [1 2 4 11] [1 2 13] [1 2 11 13] [1 2 4 11 20] [1 2 3 4 5 11 20] [] [] [] [] [] [] [] [] [] [] [] [] [] [] [] [] [] [] [] [] [] []
166 [] [1 2] [1 2 4] [1 2 4 5] [1 2 4 13] [1 2 3] [1 2 4 5 6 13 16 18] [1 2 11] [1 2 11 20] [1 2 4 5 11 13] [1 2 4 5 6 11 13 16 18 20] [1] [1 2 4 5 13] [1 2 4 11 13] [1 2 4 11] [1 2 13] [1 2 11 13] [1 2 4 11 20] [1 2 3 4 5 11 20] [] [] [] [] [] [] [] [] [] [] [] [] [] [] [] [] [] [] [] [] [] []
167 [] [1 2] [1 2 4] [1 2 4 5] [1 2 4 13] [1 2 3] [1 2 4 5 6 13 16 18] [1 2 11] [1 2 11 20] [1 2 4 5 11 13] [1 2 4 5 6 11 13 16 18 20] [1] [1 2 4 5 13] [1 2 4 11 13] [1 2 4 11] [1 2 13] [1 2 11 13] [1 2 4 11 20] [1 2 3 4 5 11 20] [] [] [] [] [] [] [] [] [] [] [] [] [] [] [] [] [] [] [] [] [] []
168 [] [1 2] [1 2 4] [1 2 4 5] [1 2 4 13] [1 2 3] [1 2 4 5 6 13 16 18] [1 2 11] [1 2 11 20] [1 2 4 5 11 13] [1 2 4 5 6 11 13 16 18 20] [1] [1 2 4 5 13] [1 2 4 11 13] [1 2 4 11] [1 2 13] [1 2 11 13] [1 2 4 11 20] [1 2 3 4 5 11 20] [] [] [] [] [] [] [] [] [] [] [] [] [] [] [] [] [] [] [] [] [] []
169 [] [1 2] [1 2 4] [1 2 4 5] [1 2 4 13] [1 2 3] [1 2 4 5 6 13 16 18] [1 2 11] [1 2 11 20] [1 2 4 5 11 13] [1 2 4 5 6 11 13 16 18 20] [1] [1 2 4 5 13] [1 2 4 11 13] [1 2 4 11] [1 2 13] [1 2 11 13] [1 2 4 11 20] [1 2 3 4 5 11 20] [] [] [] [] [] [] [] [] [] [] [] [] [] [] [] [] [] [] [] [] [] []
170 [] [1 2] [1 2 4] [1 2 4 5] [1 2 4 13] [1 2 3] [1 2 4 5 6 13 16 18] [1 2 11] [1 2 11 20] [1 2 4 5 11 13] [1 2 4 5 6 11 13 16 18 20] [1] [1 2 4 5 13] [1 2 4 11 13] [1 2 4 11] [1 2 13] [1 2 11 13] [1 2 4 11 20] [1 2 3 4 5 11 20] [] [] [] [] [] [] [] [] [] [] [] [] [] [] [] [] [] [] [] [] [] []
171 [] [1 2] [1 2 4] [1 2 4 5] [1 2 4 13] [1 2 3] [1 2 4 5 6 13 16 18] [1 2 11] [1 2 11 20] [1 2 4 5 11 13] [1 2 4 5 6 11 13 16 18 20] [1] [1 2 4 5 13] [1 2 4 11 13] [1 2 4 11] [1 2 13] [1 2 11 13] [1 2 4 11 20] [1 2 3 4 5 11 20] [] [] [] [] [] [] [] [] [] [] [] [] [] [] [] [] [] [] [] [] [] []
172 [] [1 2] [1 2 4] [1 2 4 5] [1 2 4 13] [1 2 3] [1 2 4 5 6 13 16 18] [1 2 11] [1 2 11 20] [1 2 4 5 11 13] [1 2 4 5 6 11 13 16 18 20] [1] [1 2 4 5 13] [1 2 4 11 13] [1 2 4 11] [1 2 13] [1 2 11 13] [1 2 4 11 20] [1 2 3 4 5 11 20] [] [] [] [] [] [] [] [] [] [] [] [] [] [] [] [] [] [] [] [] [] []
173 [] [1 2] [1 2 4] [1 2 4 5] [1 2 4 13] [1 2 3] [1 2 4 5 6 13 16 18] [1 2 11] [1 2 11 20] [1 2 4 5 11 13] [1 2 4 5 6 11 13 16 18 20] [1] [1 2 4 5 13] [1 2 4 11 13] [1 2 4 11] [1 2 13] [1 2 11 13] [1 2 4 11 20] [1 2 3 4 5 11 20] [] [] [] [] [] [] [] [] [] [] [] [] [] [] [] [] [] [] [] [] [] []
174 [] [1 2] [1 2 4] [1 2 4 5] [1 2 4 13] [1 2 3] [1 2 4 5 6 13 16 18] [1 2 11] [1 2 11 20] [1 2 4 5 11 13] [1 2 4 5 6 11 13 16 18 20] [1] [1 2 4 5 13] [1 2 4 11 13] [1 2 4 11] [1 2 13] [1 2 11 13] [1 2 4 11 20] [1 2 3 4 5 11 20] [] [] [] [] [] [] [] [] [] [] [] [] [] [] [] [] [] [] [] [] [] []
175 [] [1 2 4] [1 2 4 5] [1 2 4 13] [1 2 3] [1 2 4 5 6 13 16 18] [1 2 11] [1 2 11 20] [1 2 4 5 11 13] [1 2 4 5 6 11 13 16 18 20] [1] [1 2 4 5 13] [1 2] [1 2 4 11 13] [1 2 4 11] [1 2 13] [1 2 11 13] [1 2 4 11 20] [1 2 3 4 5 11 20] [] [] [] [] [] [] [] [] [] [] [] [] [] [] [] [] [] [] [] [] [] []
176 [] [1 2 4] [1 2 4 5] [1 2 4 13] [1 2 3] [1 2 4 5 6 13 16 18] [1 2 11] [1 2 11 20] [1 2 4 5 11 13] [1 2 4 5 6 11 13 16 18 20] [1] [1 2 4 5 13] [1 2] [1 2 4 11 13] [1 2 4 11] [1 2 13] [1 2 11 13] [1 2 4 11 20] [1 2 3 4 5 11 20] [] [] [] [] [] [] [] [] [] [] [] [] [] [] [] [] [] [] [] [] [] []
177 [] [1 2 4] [1 2 4 5] [1 2 4 13] [1 2 3] [1 2 4 5 6 13 16 18] [1 2 11] [1 2 11 20] [1 2 4 5 11 13] [1 2 4 5 6 11 13 16 18 20] [1] [1 2 4 5 13] [1 2] [1 2 4 11 13] [1 2 4 11] [1 2 13] [1 2 11 13] [1 2 4 11 20] [1 2 3 4 5 11 20] [] [] [] [] [] [] [] [] [] [] [] [] [] [] [] [] [] [] [] [] [] []
178 [] [1 2 4] [1 2 4 5] [1 2 4 13] [1 2 3] [1 2 4 5 6 13 16 18] [1 2 11] [1 2 11 20] [1 2 4 5 11 13] [1 2 4 5 6 11 13 16 18 20] [1] [1 2 4 5 13] [1 2] [1 2 4 11 13] [1 2 4 11] [1 2 13] [1 2 11 13] [1 2 4 11 20] [1 2 3 4 5 11 20] [1 2 4 5 6 11 13 16] [] [] [] [] [] [] [] [] [] [] [] [] [] [] [] [] [] [] [] [] []
179 [] [1 2 4 5] [1 2 4 13] [1 2 4] [1 2 3] [1 2 4 5 6 13 16 18] [1 2 11] [1 2 11 20] [1 2 4 5 11 13] [1 2 4 5 6 11 13 16 18 20] [1] [1 2 4 5 13] [1 2] [1 2 4 11 13] [1 2 4 11] [1 2 13] [1 2 11 13] [1 2 4 11 20] [1 2 3 4 5 11 20] [1 2 4 5 6 11 13 16] [] [] [] [] [] [] [] [] [] [] [] [] [] [] [] [] [] [] [] [] []
180 [] [1 2 4 13] [1 2 4] [1 2 3] [1 2 4 5 6 13 16 18] [1 2 11] [1 2 11 20] [1 2 4 5 11 13] [1 2 4 5 6 11 13 16 18 20] [1] [1 2 4 5 13] [1 2] [1 2 4 5] [1 2 4 11 13] [1 2 4 11] [1 2 13] [1 2 11 13] [1 2 4 11 20] [1 2 3 4 5 11 20] [1 2 4 5 6 11 13 16] [] [] [] [] [] [] [] [] [] [] [] [] [] [] [] [] [] [] [] [] []
181 [] [1 2 4] [1 2 3] [1 2 4 5 6 13 16 18] [1 2 11] [1 2 11 20] [1 2 4 5 11 13] [1 2 4 5 6 11 13 16 18 20] [1] [1 2 4 5 13] [1 2] [1 2 4 5] [1 2 4 11 13] [1 2 4 13] [1 2 4 11] [1 2 13] [1 2 11 13] [1 2 4 11 20] [1 2 3 4 5 11 20] [1 2 4 5 6 11 13 16] [] [] [] [] [] [] [] [] [] [] [] [] [] [] [] [] [] [] [] [] []
182 [] [1 2 3] [1 2 4 5 6 13 16 18] [1 2 11] [1 2 4] [1 2 11 20] [1 2 4 5 11 13] [1 2 4 5 6 11 13 16 18 20] [1] [1 2 4 5 13] [1 2] [1 2 4 5] [1 2 4 11 13] [1 2 4 13] [1 2 4 11] [1 2 13] [1 2 11 13] [1 2 4 11 20] [1 2 3 4 5 11 20] [1 2 4 5 6 11 13 16] [] [] [] [] [] [] [] [] [] [] [] [] [] [] [] [] [] [] [] [] []
183 [] [1 2 3] [1 2 4 5 6 13 16 18] [1 2 11] [1 2 4] [1 2 11 20] [1 2 4 5 11 13] [1 2 4 5 6 11 13 16 18 20] [1] [1 2 4 5 13] [1 2] [1 2 4 5] [1 2 4 11 13] [1 2 4 13] [1 2 4 11] [1 2 13] [1 2 11 13] [1 2 4 11 20] [1 2 3 4 5 11 20] [1 2 4 5 6 11 13 16] [] [] [] [] [] [] [] [] [] [] [] [] [] [] [] [] [] [] [] [] []
184 [] [1 2 3] [1 2 4 5 6 13 16 18] [1 2 11] [1 2 4] [1 2 11 20] [1 2 4 5 11 13] [1 2 4 5 6 11 13 16 18 20] [1] [1 2 4 5 13] [1 2] [1 2 4 5] [1 2 4 11 13] [1 2 4 13] [1 2 4 11] [1 2 13] [1 2 11 13] [1 2 4 11 20] [1 2 3 4 5 11 20] [1 2 4 5 6 11 13 16] [] [] [] [] [] [] [] [] [] [] [] [] [] [] [] [] [] [] [] [] []
185 [] [1 2 3] [1 2 4 5 6 13 16 18] [1 2 11] [1 2 4] [1 2 11 20] [1 2 4 5 11 13] [1 2 4 5 6 11 13 16 18 20] [1] [1 2 4 5 13] [1 2] [1 2 4 5] [1 2 4 11 13] [1 2 4 13] [1 2 4 11] [1 2 13] [1 2 11 13] [1 2 4 11 20] [1 2 3 4 5 11 20] [1 2 4 5 6 11 13 16] [] [] [] [] [] [] [] [] [] [] [] [] [] [] [] [] [] [] [] [] []
186 [] [1 2 4 5 6 13 16 18] [1 2 11] [1 2 4] [1 2 11 20] [1 2 4 5 11 13] [1 2 4 5 6 11 13 16 18 20] [1] [1 2 4 5 13] [1 2] [1 2 4 5] [1 2 4 11 13] [1 2 4 13] [1 2 4 11] [1 2 13] [1 2 11 13] [1 2 4 11 20] [1 2 3 4 5 11 20] [1 2 4 5 6 11 13 16] [] [] [] [] [] [] [] [] [] [] [] [] [] [] [] [] [] [] [] [] [] []
187 [] [1 2 4 5 6 13 16 18] [1 2 11] [1 2 4] [1 2 11 20] [1 2 4 5 11 13] [1 2 4 5 6 11 13 16 18 20] [1] [1 2 4 5 13] [1 2] [1 2 4 5] [1 2 4 11 13] [1 2 4 13] [1 2 4 11] [1 2 13] [1 2 11 13] [1 2 4 11 20] [1 2 3 4 5 11 20] [1 2 4 5 6 11 13 16] [] [] [] [] [] [] [] [] [] [] [] [] [] [] [] [] [] [] [] [] [] []
188 [] [1 2 4 5 6 13 16 18] [1 2 11] [1 2 4] [1 2 11 20] [1 2 4 5 11 13] [1 2 4 5 6 11 13 16 18 20] [1] [1 2 4 5 13] [1 2] [1 2 4 5] [1 2 4 11 13] [1 2 4 13] [1 2 4 11] [1 2 13] [1 2 11 13] [1 2 4 11 20] [1 2 3 4 5 11 20] [1 2 4 5 6 11 13 16] [] [] [] [] [] [] [] [] [] [] [] [] [] [] [] [] [] [] [] [] [] []
189 [] [1 2 4 5 6 13 16 18] [1 2 11] [1 2 4] [1 2 11 20] [1 2 4 5 11 13] [1 2 4 5 6 11 13 16 18 20] [1] [1 2 4 5 13] [1 2] [1 2 4 5] [1 2 4 11 13] [1 2 4 13] [1 2 4 11] [1 2 13] [1 2 11 13] [1 2 4 11 20] [1 2 3 4 5 11 20] [1 2 4 5 6 11 13 16] [] [] [] [] [] [] [] [] [] [] [] [] [] [] [] [] [] [] [] [] [] []
190 [] [1 2 11] [1 2 4] [1 2 11 20] [1 2 4 5 11 13] [1 2 4 5 6 11 13 16 18 20] [1] [1 2 4 5 13] [1 2] [1 2 4 5] [1 2 4 11 13] [1 2 4 13] [1 2 4 11] [1 2 13] [1 2 11 13] [1 2 4 11 20] [1 2 3 4 5 11 20] [1 2 4 5 6 11 13 16] [] [] [] [] [] [] [] [] [] [] [] [] [] [] [] [] [] [] [] [] [] [] []
191 [] [1 2 11] [1 2 4] [1 2 11 20] [1 2 4 5 11 13] [1 2 4 5 6 11 13 16 18 20] [1] [1 2 4 5 13] [1 2] [1 2 4 5] [1 2 4 11 13] [1 2 4 13] [1 2 4 11] [1 2 13] [1 2 11 13] [1 2 4 11 20] [1 2 3 4 5 11 20] [1 2 4 5 6 11 13 16] [] [] [] [] [] [] [] [] [] [] [] [] [] [] [] [] [] [] [] [] [] [] []
192 [] [1 2 11] [1 2 4] [1 2 11 20] [1 2 4 5 11 13] [1 2 4 5 6 11 13 16 18 20] [1] [1 2 4 5 13] [1 2] [1 2 4 5] [1 2 4 11 13] [1 2 4 13] [1 2 4 11] [1 2 13] [1 2 11 13] [1 2 4 11 20] [1 2 3 4 5 11 20] [1 2 4 5 6 11 13 16] [] [] [] [] [] [] [] [] [] [] [] [] [] [] [] [] [] [] [] [] [] [] []
193 [] [1 2 11] [1 2 4] [1 2 11 20] [1 2 4 5 11 13] [1 2 4 5 6 11 13 16 18 20] [1] [1 2 4 5 13] [1 2] [1 2 4 5] [1 2 4 11 13] [1 2 4 13] [1 2 4 11] [1 2 13] [1 2 11 13] [1 2 4 11 20] [1 2 3 4 5 11 20] [1 2 4 5 6 11 13 16] [] [] [] [] [] [] [] [] [] [] [] [] [] [] [] [] [] [] [] [] [] [] []
194 [] [1 2 11] [1 2 4] [1 2 11 20] [1 2 4 5 11 13] [1 2 4 5 6 11 13 16 18 20] [1] [1 2 4 5 13] [1 2] [1 2 4 5] [1 2 4 11 13] [1 2 4 13] [1 2 4 11] [1 2 13] [1 2 11 13] [1 2 4 11 20] [1 2 3 4 5 11 20] [1 2 4 5 6 11 13 16] [] [] [] [] [] [] [] [] [] [] [] [] [] [] [] [] [] [] [] [] [] [] []
195 [] [1 2 4] [1 2 11 20] [1 2 4 5 11 13] [1 2 4 5 6 11 13 16 18 20] [1] [1 2 4 5 13] [1 2] [1 2 4 5] [1 2 4 11 13] [1 2 4 13] [1 2 4 11] [1 2 13] [1 2 11 13] [1 2 4 11 20] [1 2 3 4 5 11 20] [1 2 4 5 6 11 13 16] [] [] [] [] [] [] [] [] [] [] [] [] [] [] [] [] [] [] [] [] [] [] [] []
196 [] [1 2 4] [1 2 11 20] [1 2 4 5 11 13] [1 2 4 5 6 11 13 16 18 20] [1] [1 2 4 5 13] [1 2] [1 2 4 5] [1 2 4 11 13] [1 2 4 13] [1 2 4 11] [1 2 13] [1 2 11 13] [1 2 4 11 20] [1 2 3 4 5 11 20] [1 2 4 5 6 11 13 16] [] [] [] [] [] [] [] [] [] [] [] [] [] [] [] [] [] [] [] [] [] [] [] []
197 [] [1 2 4] [1 2 11 20] [1 2 4 5 11 13] [1 2 4 5 6 11 13 16 18 20] [1] [1 2 4 5 13] [1 2] [1 2 4 5] [1 2 4 11 13] [1 2 4 13] [1 2 4 11] [1 2 13] [1 2 11 13] [1 2 4 11 20] [1 2 3 4 5 11 20] [1 2 4 5 6 11 13 16] [] [] [] [] [] [] [] [] [] [] [] [] [] [] [] [] [] [] [] [] [] [] [] []
198 [] [1 2 4] [1 2 11 20] [1 2 4 5 11 13] [1 2 4 5 6 11 13 16 18 20] [1] [1 2 4 5 13] [1 2] [1 2 4 5] [1 2 4 11 13] [1 2 4 13] [1 2 4 11] [1 2 13] [1 2 11 13] [1 2 4 11 20] [1 2 3 4 5 11 20] [1 2 4 5 6 11 13 16] [] [] [] [] [] [] [] [] [] [] [] [] [] [] [] [] [] [] [] [] [] [] [] []
199 [] [1 2 4] [1 2 11 20] [1 2 4 5 11 13] [1 2 4 5 6 11 13 16 18 20] [1] [1 2 4 5 13] [1 2] [1 2 4 5] [1 2 4 11 13] [1 2 4 13] [1 2 4 11] [1 2 13] [1 2 11 13] [1 2 4 11 20] [1 2 3 4 5 11 20] [1 2 4 5 6 11 13 16] [] [] [] [] [] [] [] [] [] [] [] [] [] [] [] [] [] [] [] [] [] [] [] []
200 [] [1 2 4] [1 2 11 20] [1 2 4 5 11 13] [1 2 4 5 6 11 13 16 18 20] [1] [1 2 4 5 13] [1 2] [1 2 4 5] [1 2 4 11 13] [1 2 4 13] [1 2 4 11] [1 2 13] [1 2 11 13] [1 2 4 11 20] [1 2 3 4 5 11 20] [1 2 4 5 6 11 13 16] [] [] [] [] [] [] [] [] [] [] [] [] [] [] [] [] [] [] [] [] [] [] [] []
201 [] [1 2 11 20] [1 2 4 5 11 13] [1 2 4 5 6 11 13 16 18 20] [1] [1 2 4 5 13] [1 2] [1 2 4 5] [1 2 4 11 13] [1 2 4 13] [1 2 4] [1 2 4 11] [1 2 13] [1 2 11 13] [1 2 4 11 20] [1 2 3 4 5 11 20] [1 2 4 5 6 11 13 16] [] [] [] [] [] [] [] [] [] [] [] [] [] [] [] [] [] [] [] [] [] [] [] []
202 [] [1 2 11 20] [1 2] [1 2 4 5 11 13] [1 2 4 5 6 11 13 16 18 20] [1] [1 2 4 5 13] [1 2 4 5] [1 2 4 11 13] [1 2 4 13] [1 2 4] [1 2 4 11] [1 2 13] [1 2 11 13] [1 2 4 11 20] [1 2 3 4 5 11 20] [1 2 4 5 6 11 13 16] [] [] [] [] [] [] [] [] [] [] [] [] [] [] [] [] [] [] [] [] [] [] [] []
203 [] [1 2] [1 2 4 5 11 13] [1 2 4 5 6 11 13 16 18 20] [1] [1 2 4 5 13] [1 2 4 5] [1 2 4 11 13] [1 2 4 13] [1 2 4] [1 2 4 11] [1 2 13] [1 2 11 13] [1 2 4 11 20] [1 2 3 4 5 11 20] [1 2 4 5 6 11 13 16] [] [] [] [] [] [] [] [] [] [] [] [] [] [] [] [] [] [] [] [] [] [] [] [] []
204 [] [1 2] [1 2 4 5 11 13] [1 2 4 5 6 11 13 16 18 20] [1] [1 2 4 5 13] [1 2 4 5] [1 2 4 11 13] [1 2 4 13] [1 2 4] [1 2 4 11] [1 2 13] [1 2 11 13] [1 2 4 11 20] [1 2 3 4 5 11 20] [1 2 4 5 6 11 13 16] [] [] [] [] [] [] [] [] [] [] [] [] [] [] [] [] [] [] [] [] [] [] [] [] []
205 [] [1 2] [1 2 4 5 11 13] [1 2 4 5 6 11 13 16 18 20] [1] [1 2 4 5 13] [1 2 4 5] [1 2 4 11 13] [1 2 4 13] [1 2 4] [1 2 4 11] [1 2 13] [1 2 11 13] [1 2 4 11 20] [1 2 3 4 5 11 20] [1 2 4 5 6 11 13 16] [] [] [] [] [] [] [] [] [] [] [] [] [] [] [] [] [] [] [] [] [] [] [] [] []
206 [] [1 2] [1 2 4 5 11 13] [1 2 4 5 6 11 13 16 18 20] [1] [1 2 4 5 13] [1 2 4 5] [1 2 4 11 13] [1 2 4 13] [1 2 4] [1 2 4 11] [1 2 13] [1 2 11 13] [1 2 4 11 20] [1 2 3 4 5 11 20] [1 2 4 5 6 11 13 16] [] [] [] [] [] [] [] [] [] [] [] [] [] [] [] [] [] [] [] [] [] [] [] [] []
207 [] [1 2 4 5 11 13] [1 2 4 5 6 11 13 16 18 20] [1] [1 2 4 5 13] [1 2] [1 2 4 5] [1 2 4 11 13] [1 2 4 13] [1 2 4] [1 2 4 11] [1 2 13] [1 2 11 13] [1 2 4 11 20] [1 2 3 4 5 11 20] [1 2 4 5 6 11 13 16] [] [] [] [] [] [] [] [] [] [] [] [] [] [] [] [] [] [] [] [] [] [] [] [] []
208 [] [1] [1 2 4 5 13] [1 2] [1 2 4 5] [1 2 4 11 13] [1 2 4 13] [1 2 4] [1 2 4 11] [1 2 13] [1 2 11 13] [1 2 4 11 20] [1 2 3 4 5 11 20] [1 2 4 5 6 11 13 16] [] [] [] [] [] [] [] [] [] [] [] [] [] [] [] [] [] [] [] [] [] [] [] [] [] [] []
209 [] [1 2 4 5 13] [1 2] [1 2 4 11 13] [1 2 4 13] [1 2 4 5] [1 2 4] [1 2 4 11] [1 2 13] [1 2 11 13] [1 2 4 11 20] [1 2 3 4 5 11 20] [1 2 4 5 6 11 13 16] [] [] [] [] [] [] [] [] [] [] [] [] [] [] [] [] [] [] [] [] [] [] [] [] [] [] [] []
210 [] [1 2 4 5 13] [1 2] [1 2 4 11 13] [1 2 4 13] [1 2 4 5] [1 2 4] [1 2 4 11] [1 2 13] [1 2 11 13] [1 2 4 11 20] [1 2 3 4 5 11 20] [1 2 4 5 6 11 13 16] [] [] [] [] [] [] [] [] [] [] [] [] [] [] [] [] [] [] [] [] [] [] [] [] [] [] [] []
211 [] [1 2 4 5 13] [1 2] [1 2 4 11 13] [1 2 4 13] [1 2 4 5] [1 2 4] [1 2 4 11] [1 2 13] [1 2 11 13] [1 2 4 11 20] [1 2 3 4 5 11 20] [1 2 4 5 6 11 13 16] [] [] [] [] [] [] [] [] [] [] [] [] [] [] [] [] [] [] [] [] [] [] [] [] [] [] [] []
212 [] [1 2 4 5 13] [1 2] [1 2 4 11 13] [1 2 4 13] [1 2 4 5] [1 2 4] [1 2 4 11] [1 2 13] [1 2 11 13] [1 2 4 11 20] [1 2 3 4 5 11 20] [1 2 4 5 6 11 13 16] [] [] [] [] [] [] [] [] [] [] [] [] [] [] [] [] [] [] [] [] [] [] [] [] [] [] [] []
213 [] [1 2 4 5 13] [1 2] [1 2 4 11 13] [1 2 4 13] [1 2 4 5] [1 2 4] [1 2 4 11] [1 2 13] [1 2 11 13] [1 2 4 11 20] [1 2 3 4 5 11 20] [1 2 4 5 6 11 13 16] [] [] [] [] [] [] [] [] [] [] [] [] [] [] [] [] [] [] [] [] [] [] [] [] [] [] [] []
214 [] [1 2] [1 2 4 11 13] [1 2 4 13] [1 2 4 5] [1 2 4] [1 2 4 11] [1 2 13] [1 2 11 13] [1 2 4 11 20] [1 2 3 4 5 11 20] [1 2 4 5 6 11 13 16] [] [] [] [] [] [] [] [] [] [] [] [] [] [] [] [] [] [] [] [] [] [] [] [] [] [] [] [] []
215 [] [1 2] [1 2 4 11 13] [1 2 4 13] [1 2 4 5] [1 2 4] [1 2 4 11] [1 2 13] [1 2 11 13] [1 2 4 11 20] [1 2 3 4 5 11 20] [1 2 4 5 6 11 13 16] [] [] [] [] [] [] [] [] [] [] [] [] [] [] [] [] [] [] [] [] [] [] [] [] [] [] [] [] []
216 [] [1 2] [1 2 4 11 13] [1 2 4 13] [1 2 4 5] [1 2 4] [1 2 4 11] [1 2 13] [1 2 11 13] [1 2 4 11 20] [1 2 3 4 5 11 20] [1 2 4 5 6 11 13 16] [] [] [] [] [] [] [] [] [] [] [] [] [] [] [] [] [] [] [] [] [] [] [] [] [] [] [] [] []
217 [] [1 2] [1 2 4 11 13] [1 2 4 13] [1 2 4 5] [1 2 4] [1 2 4 11] [1 2 13] [1 2 11 13] [1 2 4 11 20] [1 2 3 4 5 11 20] [1 2 4 5 6 11 13 16] [] [] [] [] [] [] [] [] [] [] [] [] [] [] [] [] [] [] [] [] [] [] [] [] [] [] [] [] []
218 [] [1 2] [1 2 4 11 13] [1 2 4 13] [1 2 4 5] [1 2 4] [1 2 4 11] [1 2 13] [1 2 11 13] [1 2 4 11 20] [1 2 3 4 5 11 20] [1 2 4 5 6 11 13 16] [] [] [] [] [] [] [] [] [] [] [] [] [] [] [] [] [] [] [] [] [] [] [] [] [] [] [] [] []
219 [] [1 2] [1 2 4 11 13] [1 2 4 13] [1 2 4 5] [1 2 4] [1 2 4 11] [1 2 13] [1 2 11 13] [1 2 4 11 20] [1 2 3 4 5 11 20] [1 2 4 5 6 11 13 16] [] [] [] [] [] [] [] [] [] [] [] [] [] [] [] [] [] [] [] [] [] [] [] [] [] [] [] [] []
220 [] [1 2] [1 2 4 11 13] [1 2 4 13] [1 2 4 5] [1 2 4] [1 2 4 11] [1 2 13] [1 2 11 13] [1 2 4 11 20] [1 2 3 4 5 11 20] [1 2 4 5 6 11 13 16] [] [] [] [] [] [] [] [] [] [] [] [] [] [] [] [] [] [] [] [] [] [] [] [] [] [] [] [] []
221 [] [1 2 4 11 13] [1 2 4 13] [1 2 4 5] [1 2 4] [1 2 4 11] [1 2 13] [1 2 11 13] [1 2 4 11 20] [1 2 3 4 5 11 20] [1 2] [1 2 4 5 6 11 13 16] [] [] [] [] [] [] [] [] [] [] [] [] [] [] [] [] [] [] [] [] [] [] [] [] [] [] [] [] []
222 [] [1 2 4 11 13] [1 2 4 13] [1 2 4 5] [1 2 4] [1 2 4 11] [1 2 13] [1 2 11 13] [1 2 4 11 20] [1 2 3 4 5 11 20] [1 2] [1 2 4 5 6 11 13 16] [] [] [] [] [] [] [] [] [] [] [] [] [] [] [] [] [] [] [] [] [] [] [] [] [] [] [] [] []
223 [] [1 2 4 11 13] [1 2 4 13] [1 2 4 5] [1 2 4] [1 2 4 11] [1 2 13] [1 2 11 13] [1 2 4 11 20] [1 2 3 4 5 11 20] [1 2] [1 2 4 5 6 11 13 16] [] [] [] [] [] [] [] [] [] [] [] [] [] [] [] [] [] [] [] [] [] [] [] [] [] [] [] [] []
224 [] [1 2 4 11 13] [1 2 4 13] [1 2 4 5] [1 2 4] [1 2 4 11] [1 2 13] [1 2 11 13] [1 2 4 11 20] [1 2 3 4 5 11 20] [1 2] [1 2 4 5 6 11 13 16] [] [] [] [] [] [] [] [] [] [] [] [] [] [] [] [] [] [] [] [] [] [] [] [] [] [] [] [] []
225 [] [1 2 4 11 13] [1 2 4 13] [1 2 4 5] [1 2 4] [1 2 4 11] [1 2 13] [1 2 11 13] [1 2 4 11 20] [1 2 3 4 5 11 20] [1 2] [1 2 4 5 6 11 13 16] [] [] [] [] [] [] [] [] [] [] [] [] [] [] [] [] [] [] [] [] [] [] [] [] [] [] [] [] []
226 [] [1 2 4 11 13] [1 2 4 13] [1 2 4 5] [1 2 4] [1 2 4 11] [1 2 13] [1 2 11 13] [1 2 4 11 20] [1 2 3 4 5 11 20] [1 2] [1 2 4 5 6 11 13 16] [] [] [] [] [] [] [] [] [] [] [] [] [] [] [] [] [] [] [] [] [] [] [] [] [] [] [] [] []
227 [] [1 2 4 13] [1 2 4 5] [1 2 4] [1 2 4 11] [1 2 13] [1 2 11 13] [1 2 4 11 20] [1 2 3 4 5 11 20] [1 2] [1 2 4 5 6 11 13 16] [] [] [] [] [] [] [] [] [] [] [] [] [] [] [] [] [] [] [] [] [] [] [] [] [] [] [] [] [] []
228 [] [1 2 4 5] [1 2 4] [1 2 4 11] [1 2 13] [1 2 11 13] [1 2 4 11 20] [1 2 3 4 5 11 20] [1 2] [1 2 4 5 6 11 13 16] [] [] [] [] [] [] [] [] [] [] [] [] [] [] [] [] [] [] [] [] [] [] [] [] [] [] [] [] [] [] []
229 [] [1 2 4 5] [1 2 4] [1 2 4 11] [1 2 13] [1 2 11 13] [1 2 4 11 20] [1 2 3 4 5 11 20] [1 2] [1 2 4 5 6 11 13 16] [] [] [] [] [] [] [] [] [] [] [] [] [] [] [] [] [] [] [] [] [] [] [] [] [] [] [] [] [] [] []
230 [] [1 2 4 5] [1 2 4] [1 2 4 11] [1 2 13] [1 2 11 13] [1 2 4 11 20] [1 2 3 4 5 11 20] [1 2] [1 2 4 5 6 11 13 16] [] [] [] [] [] [] [] [] [] [] [] [] [] [] [] [] [] [] [] [] [] [] [] [] [] [] [] [] [] [] []
231 [] [1 2 4 5] [1 2 4] [1 2 4 11] [1 2 13] [1 2 11 13] [1 2 4 11 20] [1 2 3 4 5 11 20] [1 2] [1 2 4 5 6 11 13 16] [] [] [] [] [] [] [] [] [] [] [] [] [] [] [] [] [] [] [] [] [] [] [] [] [] [] [] [] [] [] []
232 [] [1 2 4 5] [1 2 4] [1 2 4 11] [1 2 13] [1 2 11 13] [1 2 4 11 20] [1 2 3 4 5 11 20] [1 2] [1 2 4 5 6 11 13 16] [] [] [] [] [] [] [] [] [] [] [] [] [] [] [] [] [] [] [] [] [] [] [] [] [] [] [] [] [] [] []
233 [] [1 2 4 5] [1 2 4] [1 2 4 11] [1 2 13] [1 2 11 13] [1 2 4 11 20] [1 2 3 4 5 11 20] [1 2] [1 2 4 5 6 11 13 16] [] [] [] [] [] [] [] [] [] [] [] [] [] [] [] [] [] [] [] [] [] [] [] [] [] [] [] [] [] [] []
234 [] [1 2 4] [1 2 4 11] [1 2 13] [1 2 11 13] [1 2 4 11 20] [1 2 3 4 5 11 20] [1 2] [1 2 4 5 6 11 13 16] [] [] [] [] [] [] [] [] [] [] [] [] [] [] [] [] [] [] [] [] [] [] [] [] [] [] [] [] [] [] [] []
235 [] [1 2 4] [1 2 4 11] [1 2 13] [1 2 11 13] [1 2 4 11 20] [1 2 3 4 5 11 20] [1 2] [1 2 4 5 6 11 13 16] [] [] [] [] [] [] [] [] [] [] [] [] [] [] [] [] [] [] [] [] [] [] [] [] [] [] [] [] [] [] [] []
236 [] [1 2 4] [1 2 4 11] [1 2 13] [1 2 11 13] [1 2 4 11 20] [1 2 3 4 5 11 20] [1 2] [1 2 4 5 6 11 13 16] [] [] [] [] [] [] [] [] [] [] [] [] [] [] [] [] [] [] [] [] [] [] [] [] [] [] [] [] [] [] [] []
237 [] [1 2 4 11] [1 2 4] [1 2 13] [1 2 11 13] [1 2 4 11 20] [1 2 3 4 5 11 20] [1 2] [1 2 4 5 6 11 13 16] [] [] [] [] [] [] [] [] [] [] [] [] [] [] [] [] [] [] [] [] [] [] [] [] [] [] [] [] [] [] [] []
238 [] [1 2 4 11] [1 2 4] [1 2 13] [1 2 11 13] [1 2 4 11 20] [1 2 3 4 5 11 20] [1 2] [1 2 4 5 6 11 13 16] [] [] [] [] [] [] [] [] [] [] [] [] [] [] [] [] [] [] [] [] [] [] [] [] [] [] [] [] [] [] [] []
239 [] [1 2 4] [1 2 13] [1 2 11 13] [1 2 4 11 20] [1 2 3 4 5 11 20] [1 2] [1 2 4 5 6 11 13 16] [] [] [] [] [] [] [] [] [] [] [] [] [] [] [] [] [] [] [] [] [] [] [] [] [] [] [] [] [] [] [] [] []
240 [] [1 2 4] [1 2 13] [1 2 11 13] [1 2 4 11 20] [1 2 3 4 5 11 20] [1 2] [1 2 4 5 6 11 13 16] [] [] [] [] [] [] [] [] [] [] [] [] [] [] [] [] [] [] [] [] [] [] [] [] [] [] [] [] [] [] [] [] []
241 [] [1 2 13] [1 2 4] [1 2 11 13] [1 2 4 11 20] [1 2 3 4 5 11 20] [1 2] [1 2 4 5 6 11 13 16] [] [] [] [] [] [] [] [] [] [] [] [] [] [] [] [] [] [] [] [] [] [] [] [] [] [] [] [] [] [] [] [] []
242 [] [1 2 13] [1 2 4] [1 2 11 13] [1 2 4 11 20] [1 2 3 4 5 11 20] [1 2] [1 2 4 5 6 11 13 16] [] [] [] [] [] [] [] [] [] [] [] [] [] [] [] [] [] [] [] [] [] [] [] [] [] [] [] [] [] [] [] [] []
243 [] [1 2 13] [1 2 4] [1 2 11 13] [1 2 4 11 20] [1 2 3 4 5 11 20] [1 2] [1 2 4 5 6 11 13 16] [] [] [] [] [] [] [] [] [] [] [] [] [] [] [] [] [] [] [] [] [] [] [] [] [] [] [] [] [] [] [] [] []
244 [] [1 2 13] [1 2 4] [1 2 11 13] [1 2 4 11 20] [1 2 3 4 5 11 20] [1 2] [1 2 4 5 6 11 13 16] [] [] [] [] [] [] [] [] [] [] [] [] [] [] [] [] [] [] [] [] [] [] [] [] [] [] [] [] [] [] [] [] []
245 [] [1 2 4] [1 2 11 13] [1 2 4 11 20] [1 2 3 4 5 11 20] [1 2] [1 2 4 5 6 11 13 16] [1 2 13] [] [] [] [] [] [] [] [] [] [] [] [] [] [] [] [] [] [] [] [] [] [] [] [] [] [] [] [] [] [] [] [] []
246 [] [1 2 4] [1 2 11 13] [1 2 4 11 20] [1 2 3 4 5 11 20] [1 2] [1 2 4 5 6 11 13 16] [1 2 13] [] [] [] [] [] [] [] [] [] [] [] [] [] [] [] [] [] [] [] [] [] [] [] [] [] [] [] [] [] [] [] [] []
247 [] [1 2 4] [1 2 11 13] [1 2 4 11 20] [1 2 3 4 5 11 20] [1 2] [1 2 4 5 6 11 13 16] [1 2 13] [] [] [] [] [] [] [] [] [] [] [] [] [] [] [] [] [] [] [] [] [] [] [] [] [] [] [] [] [] [] [] [] []
248 [] [1 2 4] [1 2 11 13] [1 2 4 11 20] [1 2 3 4 5 11 20] [1 2] [1 2 4 5 6 11 13 16] [1 2 13] [] [] [] [] [] [] [] [] [] [] [] [] [] [] [] [] [] [] [] [] [] [] [] [] [] [] [] [] [] [] [] [] []
249 [] [1 2 11 13] [1 2 4] [1 2 4 11 20] [1 2 3 4 5 11 20] [1 2] [1 2 4 5 6 11 13 16] [1 2 13] [] [] [] [] [] [] [] [] [] [] [] [] [] [] [] [] [] [] [] [] [] [] [] [] [] [] [] [] [] [] [] [] []
250 [] [1 2 11 13] [1 2 4] [1 2 4 11 20] [1 2 3 4 5 11 20] [1 2] [1 2 4 5 6 11 13 16] [1 2 13] [] [] [] [] [] [] [] [] [] [] [] [] [] [] [] [] [] [] [] [] [] [] [] [] [] [] [] [] [] [] [] [] []
251 [] [1 2 11 13] [1 2 4] [1 2 4 11 20] [1 2 3 4 5 11 20] [1 2] [1 2 4 5 6 11 13 16] [1 2 13] [] [] [] [] [] [] [] [] [] [] [] [] [] [] [] [] [] [] [] [] [] [] [] [] [] [] [] [] [] [] [] [] []
252 [] [1 2 11 13] [1 2 4] [1 2 4 11 20] [1 2 3 4 5 11 20] [1 2] [1 2 4 5 6 11 13 16] [1 2 13] [] [] [] [] [] [] [] [] [] [] [] [] [] [] [] [] [] [] [] [] [] [] [] [] [] [] [] [] [] [] [] [] []
253 [] [1 2 4] [1 2 4 11 20] [1 2 3 4 5 11 20] [1 2] [1 2 4 5 6 11 13 16] [1 2 13] [] [] [] [] [] [] [] [] [] [] [] [] [] [] [] [] [] [] [] [] [] [] [] [] [] [] [] [] [] [] [] [] [] []
254 [] [1 2 4] [1 2 4 11 20] [1 2 3 4 5 11 20] [1 2] [1 2 4 5 6 11 13 16] [1 2 13] [] [] [] [] [] [] [] [] [] [] [] [] [] [] [] [] [] [] [] [] [] [] [] [] [] [] [] [] [] [] [] [] [] []
255 [] [1 2 4] [1 2 4 11 20] [1 2 3 4 5 11 20] [1 2] [1 2 4 5 6 11 13 16] [1 2 13] [] [] [] [] [] [] [] [] [] [] [] [] [] [] [] [] [] [] [] [] [] [] [] [] [] [] [] [] [] [] [] [] [] []
256 [] [1 2 4 11 20] [1 2 3 4 5 11 20] [1 2] [1 2 4 5 6 11 13 16] [1 2 13] [1 2 4] [] [] [] [] [] [] [] [] [] [] [] [] [] [] [] [] [] [] [] [] [] [] [] [] [] [] [] [] [] [] [] [] [] []
257 [] [1 2 3 4 5 11 20] [1 2] [1 2 4 5 6 11 13 16] [1 2 13] [1 2 4] [] [] [] [] [] [] [] [] [] [] [] [] [] [] [] [] [] [] [] [] [] [] [] [] [] [] [] [] [] [] [] [] [] [] []
258 [] [1 2 3 4 5 11 20] [1 2] [1 2 4 5 6 11 13 16] [1 2 13] [1 2 4] [] [] [] [] [] [] [] [] [] [] [] [] [] [] [] [] [] [] [] [] [] [] [] [] [] [] [] [] [] [] [] [] [] [] []
259 [] [1 2] [1 2 4 5 6 11 13 16] [1 2 13] [1 2 4] [] [] [] [] [] [] [] [] [] [] [] [] [] [] [] [] [] [] [] [] [] [] [] [] [] [] [] [] [] [] [] [] [] [] [] []
260 [] [1 2] [1 2 4 5 6 11 13 16] [1 2 13] [1 2 4] [] [] [] [] [] [] [] [] [] [] [] [] [] [] [] [] [] [] [] [] [] [] [] [] [] [] [] [] [] [] [] [] [] [] [] []
261 [] [1 2] [1 2 4 5 6 11 13 16] [1 2 13] [1 2 4] [] [] [] [] [] [] [] [] [] [] [] [] [] [] [] [] [] [] [] [] [] [] [] [] [] [] [] [] [] [] [] [] [] [] [] []
262 [] [1 2 4 5 6 11 13 16] [1 2 13] [1 2 4] [] [] [] [] [] [] [] [] [] [] [] [] [] [] [] [] [] [] [] [] [] [] [] [] [] [] [] [] [] [] [] [] [] [] [] [] []
263 [] [1 2 13] [1 2 4] [] [] [] [] [] [] [] [] [] [] [] [] [] [] [] [] [] [] [] [] [] [] [] [] [] [] [] [] [] [] [] [] [] [] [] [] [] []
264 [] [1 2 13] [1 2 4] [] [] [] [] [] [] [] [] [] [] [] [] [] [] [] [] [] [] [] [] [] [] [] [] [] [] [] [] [] [] [] [] [] [] [] [] [] []
265 [] [1 2 13] [1 2 4] [] [] [] [] [] [] [] [] [] [] [] [] [] [] [] [] [] [] [] [] [] [] [] [] [] [] [] [] [] [] [] [] [] [] [] [] [] []
266 [] [1 2 13] [1 2 4] [] [] [] [] [] [] [] [] [] [] [] [] [] [] [] [] [] [] [] [] [] [] [] [] [] [] [] [] [] [] [] [] [] [] [] [] [] []
267 [] [1 2 13] [1 2 4] [] [] [] [] [] [] [] [] [] [] [] [] [] [] [] [] [] [] [] [] [] [] [] [] [] [] [] [] [] [] [] [] [] [] [] [] [] []
268 [] [1 2 13] [1 2 4] [] [] [] [] [] [] [] [] [] [] [] [] [] [] [] [] [] [] [] [] [] [] [] [] [] [] [] [] [] [] [] [] [] [] [] [] [] []
269 [] [1 2 4] [] [] [] [] [] [] [] [] [] [] [] [] [] [] [] [] [] [] [] [] [] [] [] [] [] [] [] [] [] [] [] [] [] [] [] [] [] [] []
270 [] [1 2 4] [] [] [] [] [] [] [] [] [] [] [] [] [] [] [] [] [] [] [] [] [] [] [] [] [] [] [] [] [] [] [] [] [] [] [] [] [] [] []
271 [] [1 2 4] [] [] [] [] [] [] [] [] [] [] [] [] [] [] [] [] [] [] [] [] [] [] [] [] [] [] [] [] [] [] [] [] [] [] [] [] [] [] []
272 [] [1 2 4] [] [] [] [] [] [] [] [] [] [] [] [] [] [] [] [] [] [] [] [] [] [] [] [] [] [] [] [] [] [] [] [] [] [] [] [] [] [] []
