interv day time team
1 1 0 1
2 1 15 1
3 31 0 1
4 1 30 1
5 1 90 1
6 1 105 2
7 2 0 1
8 3 0 1
9 4 0 1
10 5 0 1
11 6 0 1
12 26 0 1
13 3 60 4
14 27 0 1
15 3 75 5
16 7 0 1
17 21 90 4
18 5 15 3
19 8 0 1
20 9 0 1
21 21 105 4
22 32 0 1
23 3 90 4
24 3 105 5
25 33 0 1
26 24 75 1
27 28 0 1
28 5 75 1
29 29 0 1
30 27 75 4
31 27 90 5
32 24 90 4
33 5 90 1
34 27 105 6
35 5 105 1
36 8 60 3
37 10 0 1
38 10 15 2
39 10 30 3
40 10 45 4
41 10 60 5
42 11 0 1
43 12 0 1
44 10 75 1
45 10 90 5
46 10 105 5
47 12 56 2
48 13 0 1
49 13 60 2
50 24 105 2
51 13 75 1
52 31 60 1
53 13 90 3
54 13 105 2
55 14 0 1
56 14 15 2
57 25 75 5
58 25 90 4
59 31 75 2
60 14 30 3
61 14 45 1
62 14 60 2
63 14 75 2
64 15 0 1
65 14 90 1
66 16 0 1
67 14 105 1
68 34 0 1
69 17 0 1
70 18 0 1
71 18 15 1
72 18 30 2
73 18 38 3
74 25 105 1
75 31 90 2
76 18 53 1
77 34 60 2
78 19 0 1
79 19 60 2
80 18 68 1
81 31 105 2
82 20 0 1
83 27 60 3
84 18 83 6
85 20 60 2
86 29 60 1
87 18 98 3
88 21 0 1
89 21 15 2
90 21 30 1
91 21 45 3
92 22 0 1
93 23 0 1
94 21 60 4
95 24 0 1
96 24 60 2
97 21 75 4
98 25 0 1
99 25 60 2
100 30 0 1
