day not_working team1 team2 team3 team4 team5 team6 team7 team8 team9 team10 team11 team12 team13 team14 team15 team16 team17 team18
1 [2] [1 3 4 5 6] [1] [1 3] [1 3 4 5 6 8 15] [1 4] [1 4 5] [1 3 4] [1 3 4 5 6 15] [1 3 6] [1 3 4 5 6 7 15 19] [1 3 4 5 6 7] [1 3 4 6] [1 3 4 5 15] [1 3 4 5 6 8] [1 3 4 5] [1 6] [1 4 5 15] [1 3 4 5 7 9]
2 [9 11 12 13] [1 2 3] [1 2 3 4 5 6] [1] [1 2 3 4 5] [1 2] [1 3] [1 2 3 6] [1 2 3 4 5 6 15] [1 2 3 4 5 7] [1 2 6] [1 2 3 4 6 7] [1 2 3 4] [1 2 3 5] [1 6] [1 2 3 5 7 10] [] [] []
3 [10 17 18] [1 2 3] [1 2 3 4 5 6] [1] [1 2 3 4 5] [1 2] [1 3] [1 2 3 6] [1 2 3 4 5 6 15] [1 2 3 4 5 7] [1 2 6] [1 2 3 4 6 7] [1 2 3 4] [1 2 3 5] [1 6] [1 2 3 5 7 9] [] [] []
4 [7 8 13 19] [1 2 3 4 5 6] [1] [1 2] [1 3] [1 2 3] [1 2 3 4 5] [1 2 3 6] [1 2 3 4 5 6 15] [1 2 3 4 5 9] [1 2 6] [1 2 3 4 6 17] [1 2 3 4] [1 2 3 5] [1 6] [1 2 3 5 9 10] [] [] []
5 [5 7 13 15] [1] [1 2] [1 3] [1 2 3] [1 2 3 4 6] [1 2 3 6] [1 2 3 4 6 10 19] [1 2 3 4 6 8 9] [1 2 6] [1 2 3 4 6 8] [1 2 3 4 6 17] [1 2 3 4] [1 2 3 8] [1 6] [1 2 3 8 9 10] [] [] []
6 [12 17 18] [1] [1 2] [1 2 3] [1 2 3 4 5] [1 2 3 6] [1 2 3 4 5 6 15] [1 2 3 4 5 7] [1 2 6] [1 2 3 4 5 6] [1 2 3 4 6 7] [1 2 3 4] [1 2 3 5] [1 6] [1 2 3 5 7 9] [] [] [] []
7 [13 16 18] [1 2] [1 2 3] [1 2 3 4 5] [1] [1 2 3 6] [1 2 3 4 5 6 15] [1 2 3 4 5 7] [1 2 6] [1 2 3 4 5 6] [1 2 3 4 6 7] [1 2 3 4] [1 2 3 5] [1 6] [1 2 3 5 7 9] [] [] [] []
8 [2 16 19] [1 3 4] [1 3 4 5 6] [1] [1 3] [1 3 6] [1 3 4 5 6 7] [1 4 5] [1 3 4 6] [1 4] [1 3 4 5 15] [1 3 4 5 6 8] [1 3 4 5] [1 6] [1 4 5 15] [1 3 4 5 7 9] [] [] []
9 [4 8 15 16 18] [1 2 3 5 6] [1 2 3] [1 2 3 6] [1 2 3 5 6 19] [1 2 3 5 6 7] [1] [1 2] [1 2 6] [1 2 3 5] [1 6] [1 2 3 5 7 9] [] [] [] [] [] [] []
10 [13 14 18] [1 2 3] [1 2 3 6] [1 2 3 4 5 6 15] [1 2 3 4 5 7] [1] [1 2] [1 2 6] [1 2 3 4 5] [1 2 3 4 5 6] [1 2 3 4 6 7] [1 2 3 4] [1 2 3 5] [1 6] [1 2 3 5 7 9] [] [] [] []
11 [2 3 6 11 17] [1] [1 4] [1 4 5] [1 5] [1 4 7] [1 4 5 7 8] [1 4 5 15] [1 5 15] [1 4 5 7 8 9 10 15] [1 4 5 7] [1 4 5 7 13] [1 4 5 7 8 15] [1 4 5 8 9] [1 7] [1 4 5 7 9 10] [] [] []
12 [4 13] [1] [1 2] [1 2 6] [1 2 3 5 6] [1 2 3] [1 2 3 6] [1 2 3 5 6 7] [1 2 3 5] [1 6] [1 2 3 5 7 9] [] [] [] [] [] [] [] []
13 [6 8 16] [1 2] [1] [1 2 7] [1 2 3 4 5] [1 2 3] [1 2 3 4 5 9] [1 2 3 7] [1 2 3 4 7 13] [1 2 3 4] [1 2 3 5] [1 7] [1 2 3 4 5 7] [1 2 3 5 7 9] [] [] [] [] []
14 [3 7 12] [1] [1 2] [1 2 4 5 6] [1 2 5 6] [1 2 5] [1 2 4 5 6 8] [1 2 4 6] [1 2 4 5 6 13] [1 2 4] [1 2 4 5] [1 2 4 5 8] [1 6] [1 2 4 5 6 8 9] [1 2 4 5 8 9 10 11] [] [] [] []
15 [8 10 15] [1 2 3] [1 2] [1 2 3 4 5 6] [1] [1 2 3 6] [1 2 3 4 6 7] [1 2 3 4 5] [1 2 3 4] [1 2 3 5] [1 6] [1 2 3 4 5 7] [1 2 3 5 7 9] [] [] [] [] [] []
16 [3 9] [1 2] [1 2 5] [1 2 4 5 6 8] [1] [1 2 4 6] [1 2 4 5 6 7] [1 2 4] [1 2 4 5 6] [1 2 4 5] [1 2 4 5 7] [1 6] [1 2 4 5 6 7 8] [1 2 4 5 7 10 11] [] [] [] [] []
17 [4 5 13] [1 2 3] [1 2] [1 2 3 6 8] [1] [1 2 3 6] [1 2 3 6 7] [1 2 3 7] [1 6] [1 2 3 6 7 8] [1 2 3 7 9] [] [] [] [] [] [] [] []
18 [3 4 15 19] [1 2] [1 2 5 6 8] [1] [1 2 5 6] [1 2 5 6 7] [1 2 5] [1 2 5 7] [1 6] [1 2 5 6 7 8] [1 2 5 7 9 10] [] [] [] [] [] [] [] []
19 [4 6 9 10 12] [1 2 3 7] [1] [1 2 3 5 7 13] [1 2 3 5 7] [1 2] [1 2 3 5] [1 2 3] [1 7] [1 2 3 5 7 11] [] [] [] [] [] [] [] [] []
20 [] [1 2 3 4 6 7] [1 2 3 4 5] [1 2] [1 2 3 4] [1 2 3] [1] [1 2 3 5] [1 6] [1 2 3 4 5 7] [1 2 3 5 7 9] [] [] [] [] [] [] [] []
21 [] [1 2] [1 2 3 4] [1 2 3] [1] [1 2 3 5] [1 6] [1 2 3 4 5 7] [1 2 3 5 7 9] [] [] [] [] [] [] [] [] [] []
22 [] [1] [1 2 3 4] [1 2] [1 2 3 5] [1 6] [1 2 3] [1 2 3 4 5 7] [1 2 3 5 7 9] [] [] [] [] [] [] [] [] [] []
23 [] [1 2 3 4] [1 2] [1 2 3 5] [1] [1 6] [1 2 3] [1 2 3 4 5 7] [1 2 3 5 7 9] [] [] [] [] [] [] [] [] [] []
24 [] [1 2] [1] [1 2 3 5] [1 2 3 4] [1 6] [1 2 3] [1 2 3 4 5 7] [1 2 3 5 7 9] [] [] [] [] [] [] [] [] [] []
25 [] [1 2 3 5] [1 2 3 4 5] [1 2] [1] [1 2 3 4] [1 6] [1 2 3] [1 2 3 4 5 7] [1 2 3 5 7 9] [] [] [] [] [] [] [] [] []
26 [] [1 2] [1 2 3 4 5 6 7] [1] [1 6] [1 2 3] [1 2 3 4 5 7] [1 2 3 5 7 9] [] [] [] [] [] [] [] [] [] [] []
27 [] [1 2 3 4 5 6 7] [1] [1 2] [1 6] [1 2 3] [1 2 3 4 5 7] [1 2 3 5 7 9] [] [] [] [] [] [] [] [] [] [] []
28 [] [1] [1 2] [1 2 3 5 7 9] [] [] [] [] [] [] [] [] [] [] [] [] [] [] []
29 [] [1] [1 2] [1 2 3 5 7 9] [] [] [] [] [] [] [] [] [] [] [] [] [] [] []
30 [] [1] [1 2] [1 2 3 5 7 9] [] [] [] [] [] [] [] [] [] [] [] [] [] [] []
31 [] [1] [1 2] [1 2 3 5 7 9] [] [] [] [] [] [] [] [] [] [] [] [] [] [] []
32 [] [1] [1 2 3 5 7 9] [] [] [] [] [] [] [] [] [] [] [] [] [] [] [] []
33 [] [1] [1 2 3 5 7 9] [] [] [] [] [] [] [] [] [] [] [] [] [] [] [] []
34 [] [1 2 3 5 7 9] [1] [] [] [] [] [] [] [] [] [] [] [] [] [] [] [] []
