interv day time team
1 33 105 6
2 1 0 1
3 1 30 2
4 1 60 3
5 1 75 4
6 1 90 5
7 34 30 2
8 58 75 1
9 1 105 6
10 58 105 5
11 2 0 1
12 2 15 2
13 60 0 1
14 60 30 2
15 2 30 3
16 45 60 3
17 34 60 3
18 3 0 1
19 35 0 1
20 2 45 5
21 60 60 1
22 34 90 5
23 2 60 6
24 60 90 3
25 60 105 4
26 34 105 6
27 2 90 7
28 36 0 1
29 4 0 1
30 5 0 1
31 2 105 3
32 61 0 1
33 36 15 2
34 36 45 3
35 44 105 2
36 45 90 4
37 6 0 1
38 46 0 1
39 47 0 1
40 6 15 2
41 6 30 3
42 36 60 4
43 36 75 5
44 61 30 2
45 47 15 2
46 61 45 3
47 47 30 3
48 47 60 4
49 36 90 6
50 61 60 4
51 6 45 4
52 6 60 5
53 6 90 6
54 6 105 7
55 7 0 1
56 37 0 1
57 8 0 1
58 47 75 5
59 8 30 2
60 48 0 1
61 37 15 2
62 8 60 3
63 37 30 1
64 61 90 5
65 62 0 1
66 8 75 4
67 61 105 7
68 8 105 5
69 63 0 1
70 47 105 7
71 63 30 2
72 37 45 3
73 63 45 3
74 63 75 4
75 63 105 2
76 48 30 2
77 64 0 1
78 38 0 1
79 9 0 1
80 64 15 2
81 64 45 3
82 10 0 1
83 48 45 3
84 64 60 4
85 10 30 2
86 10 45 3
87 10 60 4
88 48 60 4
89 10 75 5
90 10 90 6
91 64 75 5
92 64 90 6
93 65 0 1
94 65 30 2
95 10 105 7
96 11 0 1
97 64 105 3
98 49 0 1
99 11 30 2
100 11 45 1
101 37 60 5
102 11 75 3
103 65 60 3
104 48 90 2
105 37 75 6
106 65 75 4
107 50 0 1
108 11 90 4
109 11 105 5
110 66 0 1
111 48 105 2
112 50 30 2
113 12 0 1
114 12 15 2
115 37 90 7
116 12 30 3
117 12 60 3
118 37 105 8
119 13 0 1
120 12 75 1
121 12 105 5
122 14 0 1
123 14 15 2
124 14 30 3
125 65 90 6
126 14 60 4
127 67 0 1
128 67 30 2
129 39 0 1
130 67 45 3
131 39 15 2
132 65 105 8
133 67 60 4
134 67 75 1
135 50 60 3
136 50 75 4
137 50 90 5
138 14 75 5
139 39 45 3
140 39 60 4
141 15 0 1
142 16 0 1
143 67 105 5
144 68 0 1
145 68 15 2
146 68 45 3
147 14 105 3
148 16 30 2
149 39 75 5
150 16 45 3
151 39 90 6
152 68 75 4
153 68 105 5
154 69 0 1
155 69 30 2
156 16 75 4
157 16 105 5
158 39 105 7
159 69 45 3
160 69 60 3
161 69 75 4
162 17 0 1
163 69 90 5
164 50 105 6
165 70 0 1
166 18 0 1
167 51 0 1
168 40 0 1
169 17 30 3
170 51 15 2
171 40 15 2
172 17 45 4
173 51 30 3
174 40 30 3
175 70 30 2
176 70 60 3
177 51 45 4
178 17 75 5
179 52 0 1
180 70 75 4
181 51 75 6
182 51 105 7
183 70 90 5
184 40 45 4
185 17 90 6
186 53 0 1
187 53 15 2
188 53 30 3
189 53 45 4
190 71 0 1
191 19 0 1
192 17 105 8
193 19 30 2
194 53 60 5
195 54 0 1
196 72 0 1
197 19 45 3
198 40 60 5
199 19 60 2
200 73 0 1
201 53 75 7
202 40 90 6
203 19 75 4
204 19 90 5
205 20 0 1
206 55 0 1
207 20 30 2
208 73 30 2
209 20 45 3
210 56 0 1
211 41 0 1
212 21 0 1
213 22 0 1
214 73 60 3
215 41 15 2
216 20 60 2
217 41 30 3
218 41 45 4
219 20 75 5
220 20 90 6
221 23 0 1
222 70 105 5
223 73 90 4
224 74 0 1
225 23 15 2
226 41 60 5
227 74 30 2
228 24 0 1
229 74 45 3
230 23 45 1
231 53 105 9
232 25 0 1
233 23 60 3
234 41 90 6
235 23 90 5
236 26 0 1
237 27 0 1
238 74 60 4
239 55 30 3
240 42 0 1
241 74 75 2
242 74 90 5
243 75 0 1
244 28 0 1
245 26 15 4
246 26 30 5
247 43 0 1
248 75 30 1
249 75 45 2
250 57 0 1
251 44 0 1
252 58 0 1
253 26 45 6
254 44 15 2
255 55 45 5
256 44 30 3
257 55 60 6
258 75 60 3
259 26 60 7
260 26 75 8
261 29 0 1
262 30 0 1
263 26 90 8
264 75 75 4
265 30 30 2
266 59 0 1
267 30 60 3
268 44 45 4
269 75 90 5
270 44 60 5
271 75 105 6
272 76 0 1
273 44 75 6
274 30 90 4
275 31 0 1
276 30 105 6
277 55 75 8
278 31 30 2
279 31 45 3
280 76 15 2
281 58 15 3
282 31 75 4
283 32 0 1
284 33 0 1
285 55 105 10
286 58 45 4
287 76 30 3
288 45 0 1
289 31 90 5
290 31 105 6
291 76 45 4
292 76 75 5
293 76 90 6
294 33 30 2
295 45 30 2
296 76 105 7
297 77 0 1
298 33 45 3
299 33 75 4
300 34 0 1
