day not_working team1 team2 team3 team4 team5 team6 team7 team8 team9 team10 team11 team12 team13 team14 team15 team16 team17 team18 team19 team20 team21 team22 team23 team24 team25 team26 team27 team28 team29 team30 team31 team32 team33 team34 team35 team36 team37 team38 team39 team40 team41 team42 team43 team44 team45 team46 team47 team48 team49 team50 team51
1 [24] [1 3 5 6 7 8] [1 2 5] [1 5] [1 2 3 4] [1 2 5 7] [1 2] [1] [2] [1 2 3 5 6 7] [3] [1 2 3 4 5 6 7] [1 2 3 4 5 6] [2 3] [1 2 3 4 5 6 7 9 10] [1 2 3 4 5] [1 2 3] [2 3 4 5 6] [3 5] [1 3 5] [1 2 5 6 7 10 11] [1 2 3 5 6 7 8] [1 2 3 5] [1 2 3 4 5 6 8 9] [1 3] [2 3 4] [1 2 4 5] [1 2 3 4 5 11 13] [1 2 3 4 5 8 9] [3 5 6 7] [1 2 3 4 5 6 7 8] [1 2 3 4 5 6 9] [1 2 3 4 5 6 9 10] [2 3 4 5 6 7 8] [2 3 4 5 8 9 12] [1 2 3 5 6 8] [1 2 3 5 6] [1 2 5 6] [1 2 3 4 5 6 9 10 11] [1 3 5 6 7] [1 2 3 8] [1 2 3 5 7] [1 2 3 4 5 6 8] [2 3 5 6] [3 5 6 7 8] [1 2 3 4 5 6 11] [1 2 3 4 5 6 7 11] [1 2 3 4 5 8] [1 2 5 6 7 10] [1 2 3 4 5 6 7 10] [1 2 5 6 7] [2 3 4 5 6 8]
2 [] [1] [2] [1 2 3 5 6 7] [3] [1 5] [1 2] [1 2 3 4 5 6 7] [1 2 3 4 5 6] [2 3] [1 2 3 4 5 6 7 9 10] [1 2 3 4 5] [1 2 3] [2 3 4 5 6] [3 5] [1 3 5] [1 2 5 6 7 10 11] [1 2 3 4] [1 2 3 5 6 7 8] [1 2 3 5] [1 2 3 4 5 6 8 9] [1 3] [2 3 4] [1 2 5] [1 2 4 5] [1 2 3 4 5 11 13] [1 3 5 6 7 8] [1 2 3 4 5 8 9] [3 5 6 7] [1 2 3 4 5 6 7 8] [1 2 3 4 5 6 9] [1 2 3 4 5 6 9 10] [2 3 4 5 6 7 8] [2 3 4 5 8 9 12] [1 2 3 5 6 8] [1 2 3 5 6] [1 2 5 6] [1 2 3 4 5 6 9 10 11] [1 3 5 6 7] [1 2 3 8] [1 2 3 5 7] [1 2 3 4 5 6 8] [2 3 5 6] [3 5 6 7 8] [1 2 3 4 5 6 11] [1 2 5 7] [1 2 3 4 5 6 7 11] [1 2 3 4 5 8] [1 2 5 6 7 10] [1 2 3 4 5 6 7 10] [1 2 5 6 7] [2 3 4 5 6 8]
3 [6 7] [3] [1 2 3 4 5 8] [2 3] [1 2 3 4 5 8 9] [2] [1 2 3 4 5 8 9 10 11] [1 2 3 4 5] [1 2] [1 5] [1 2 3] [2 3 4 5 8] [1] [3 5] [1 3 5] [1 2 5 8 10 11 14] [1 2 3 4] [1 2 3 5 8 9 10] [1 2 3 4 5 8 10] [1 2 3 5] [1 3] [2 3 4] [1 2 5] [1 2 4 5] [1 2 3 4 5 11 13] [1 3 5 8 9 10] [3 5 8 9] [1 2 3 4 5 8 9 10] [1 2 3 5 8 10] [1 2 3 4 5 9 10] [1 2 3 4 5 9 10 11] [2 3 4 5 8 9 10] [2 3 4 5 8 9 12] [1 2 3 5 8] [1 2 3 5 9] [1 2 5 8] [1 2 3 4 5 9 10 11 12] [1 3 5 8 9] [1 2 3 8] [1 2 3 5 10] [2 3 5 8] [3 5 8 9 10] [1 2 3 4 5 9] [1 2 3 4 5 9 11] [1 2 5 10] [1 2 3 4 5 8 10 11] [1 2 5 8 10 11] [1 2 5 8 10] [] [] [] []
4 [] [1 2 3 4 5 6] [2 3] [1 2 3 4 5 6 7] [2] [1 2 3 4 5 6 7 9 10] [1 2 3 4 5] [1 2] [1 5] [1 2 3] [2 3 4 5 6] [1] [3 5] [1 3 5] [3] [1 2 5 6 7 10 11] [1 2 3 4] [1 2 3 5 6 7 8] [1 2 3 5] [1 2 3 4 5 6 8 9] [1 3] [2 3 4] [1 2 3 5 6 7] [1 2 5] [1 2 4 5] [1 2 3 4 5 11 13] [1 3 5 6 7 8] [1 2 3 4 5 8 9] [3 5 6 7] [1 2 3 4 5 6 7 8] [1 2 3 4 5 6 9] [1 2 3 4 5 6 9 10] [2 3 4 5 6 7 8] [2 3 4 5 8 9 12] [1 2 3 5 6 8] [1 2 3 5 6] [1 2 5 6] [1 2 3 4 5 6 9 10 11] [1 3 5 6 7] [1 2 3 8] [1 2 3 5 7] [1 2 3 4 5 6 8] [2 3 5 6] [3 5 6 7 8] [1 2 3 4 5 6 11] [1 2 5 7] [1 2 3 4 5 6 7 11] [1 2 3 4 5 8] [1 2 5 6 7 10] [1 2 3 4 5 6 7 10] [1 2 5 6 7] [2 3 4 5 6 8]
5 [12 26] [2 3] [1 2 3 4 5 6 7] [2] [1 2 3 4 5 6 7 9 10] [1 2 3 4 5] [1 2] [1 5] [1 2 3] [2 3 4 5 6] [1] [3 5] [1 3 5] [3] [1 2 5 6 7 10 11] [1 2 3 4] [1 2 3 5 6 7 8] [1 2 3 5] [1 2 3 4 5 6 8 9] [1 3] [2 3 4] [1 2 3 4 5 6] [1 2 3 5 6 7] [1 2 5] [1 2 4 5] [1 2 3 4 5 11 13] [1 3 5 6 7 8] [1 2 3 4 5 8 9] [3 5 6 7] [1 2 3 4 5 6 7 8] [1 2 3 4 5 6 9] [1 2 3 4 5 6 9 10] [2 3 4 5 6 7 8] [2 3 4 5 8 9 13] [1 2 3 5 6 8] [1 2 3 5 6] [1 2 5 6] [1 2 3 4 5 6 9 10 11] [1 3 5 6 7] [1 2 3 8] [1 2 3 5 7] [1 2 3 4 5 6 8] [2 3 5 6] [3 5 6 7 8] [1 2 3 4 5 6 11] [1 2 5 7] [1 2 3 4 5 6 7 11] [1 2 3 4 5 8] [1 2 5 6 7 10] [1 2 3 4 5 6 7 10] [1 2 5 6 7] [2 3 4 5 6 8]
6 [15 24] [1 2 3 4 5 6 7] [2] [1 2 3 4 5 6 7 9 10] [1 2 3 4 5] [1 2] [1 5] [2 3] [1 2 3] [2 3 4 5 6] [1] [3 5] [1 3 5] [3] [1 2 5 6 7 10 11] [1 2 3 4] [1 2 3 5 6 7 8] [1 2 3 5] [1 2 3 4 5 6 8 9] [1 3] [2 3 4] [1 2 3 4 5 6] [1 2 3 5 6 7] [1 2 5] [1 2 4 5] [1 2 3 4 5 11 13] [1 3 5 6 7 8] [1 2 3 4 5 8 9] [3 5 6 7] [1 2 3 4 5 6 7 8] [1 2 3 4 5 6 9] [1 2 3 4 5 6 9 10] [2 3 4 5 6 7 8] [2 3 4 5 8 9 12] [1 2 3 5 6 8] [1 2 3 5 6] [1 2 5 6] [1 2 3 4 5 6 9 10 11] [1 3 5 6 7] [1 2 3 8] [1 2 3 5 7] [1 2 3 4 5 6 8] [2 3 5 6] [3 5 6 7 8] [1 2 3 4 5 6 11] [1 2 5 7] [1 2 3 4 5 6 7 11] [1 2 3 4 5 8] [1 2 5 6 7 10] [1 2 3 4 5 6 7 10] [1 2 5 6 7] [2 3 4 5 6 8]
7 [] [1 2 3] [2 3 4 5 6] [1] [3 5] [1 3 5] [1 2 3 4 5] [3] [1 2 5 6 7 10 11] [1 2 3 4] [1 2 3 5 6 7 8] [1 2 3 4 5 6 7] [1 2] [1 5] [1 2 3 5] [1 2 3 4 5 6 8 9] [1 3] [2 3 4] [1 2 3 4 5 6] [1 2 3 5 6 7] [1 2 5] [2 3] [1 2 4 5] [1 2 3 4 5 11 13] [1 3 5 6 7 8] [1 2 3 4 5 8 9] [3 5 6 7] [1 2 3 4 5 6 7 8] [1 2 3 4 5 6 9] [1 2 3 4 5 6 9 10] [2 3 4 5 6 7 8] [2 3 4 5 8 9 12] [1 2 3 5 6 8] [1 2 3 5 6] [1 2 5 6] [1 2 3 4 5 6 9 10 11] [1 3 5 6 7] [1 2 3 8] [1 2 3 5 7] [1 2 3 4 5 6 8] [2] [2 3 5 6] [3 5 6 7 8] [1 2 3 4 5 6 11] [1 2 5 7] [1 2 3 4 5 6 7 11] [1 2 3 4 5 8] [1 2 5 6 7 10] [1 2 3 4 5 6 7 10] [1 2 5 6 7] [2 3 4 5 6 8] []
8 [] [2 3 4 5 6] [1] [3 5] [1 3 5] [1 2 3 4 5] [3] [1 2 3] [1 2 5 6 7 10 11] [1 2 3 4] [1 2 3 5 6 7 8] [1 2 3 4 5 6 7] [1 2] [1 5] [1 2 3 5] [1 2 3 4 5 6 8 9] [1 3] [2 3 4] [1 2 3 4 5 6] [1 2 3 5 6 7] [1 2 5] [2 3] [1 2 4 5] [1 2 3 4 5 11 13] [1 3 5 6 7 8] [1 2 3 4 5 8 9] [3 5 6 7] [1 2 3 4 5 6 7 8] [1 2 3 4 5 6 9] [1 2 3 4 5 6 9 10] [2 3 4 5 6 7 8] [2 3 4 5 8 9 12] [1 2 3 5 6 8] [1 2 3 5 6] [1 2 5 6] [1 2 3 4 5 6 9 10 11] [1 3 5 6 7] [1 2 3 8] [1 2 3 5 7] [1 2 3 4 5 6 8] [2] [2 3 5 6] [3 5 6 7 8] [1 2 3 4 5 6 11] [1 2 5 7] [1 2 3 4 5 6 7 11] [1 2 3 4 5 8] [1 2 5 6 7 10] [1 2 3 4 5 6 7 10] [1 2 5 6 7] [2 3 4 5 6 8] []
9 [] [3] [1 2 3] [1 2 5 6 7 10 11] [1 2 3 4] [1 2 3 4 5] [1 2 3 5 6 7 8] [1 3 5] [3 5] [1 2 3 4 5 6 7] [1] [1 2] [1 5] [1 2 3 5] [1 2 3 4 5 6 8 9] [1 3] [2 3 4] [1 2 3 4 5 6] [1 2 3 5 6 7] [1 2 5] [2 3] [1 2 4 5] [1 2 3 4 5 11 13] [1 3 5 6 7 8] [1 2 3 4 5 8 9] [3 5 6 7] [1 2 3 4 5 6 7 8] [1 2 3 4 5 6 9] [1 2 3 4 5 6 9 10] [2 3 4 5 6] [2 3 4 5 6 7 8] [2 3 4 5 8 9 12] [1 2 3 5 6 8] [1 2 3 5 6] [1 2 5 6] [1 2 3 4 5 6 9 10 11] [1 3 5 6 7] [1 2 3 8] [1 2 3 5 7] [1 2 3 4 5 6 8] [2] [2 3 5 6] [3 5 6 7 8] [1 2 3 4 5 6 11] [1 2 5 7] [1 2 3 4 5 6 7 11] [1 2 3 4 5 8] [1 2 5 6 7 10] [1 2 3 4 5 6 7 10] [1 2 5 6 7] [2 3 4 5 6 8] []
10 [7] [1 2 3] [1 2 5 6 8 10 11 14] [1 2 3 4] [1 2 3 4 5] [1 2 3 5 6 8 9] [1 3 5] [3 5] [1 2 3 4 5 6 8] [3] [1] [1 2] [1 5] [1 2 3 5] [1 2 3 4 5 6 8 9] [1 3] [2 3 4] [1 2 3 4 5 6] [1 2 3 5 6 8] [1 2 3 4 5 6 8 10] [1 2 5] [2 3] [1 2 4 5] [1 2 3 4 5 11 13] [1 3 5 6 8 9] [1 2 3 4 5 8 9] [3 5 6 8] [1 2 3 4 5 6 9] [1 2 3 4 5 6 9 10] [2 3 4 5 6] [2 3 4 5 6 8 9] [2 3 4 5 8 9 12] [1 2 3 5 6] [1 2 5 6] [1 2 3 4 5 6 9 10 11] [1 3 5 6 8] [1 2 3 8] [1 2 3 5 10] [2] [2 3 5 6] [3 5 6 8 9] [1 2 3 4 5 6 11] [1 2 5 10] [1 2 3 4 5 6 8 11] [1 2 3 4 5 8] [1 2 5 6 8 10] [1 2 5 6 8 10 11] [1 2 3 4 5 6 10 11] [1 2 3 4 5 6 10] [1 2 5 6 8] [2 3 4 5 6 8] []
11 [22] [1 2 3 4 5] [1 2 3 4 5 6 7] [3] [1 3 5] [1] [1 2] [1 5] [1 2 3 5] [1 2 3 4 5 6 8 9] [1 3] [2 3 4] [1 2 3 4 5 6] [1 2 3 5 6 7] [1 2 5] [2 3] [1 2 4 5] [1 2 3 4 5 11 13] [3 5] [1 3 5 6 7 8] [1 2 3 4] [1 2 3 4 5 8 9] [3 5 6 7] [1 2 3 4 5 6 7 8] [1 2 3] [1 2 3 4 5 6 9] [1 2 3 4 5 6 9 10] [2 3 4 5 6] [2 3 4 5 6 7 8] [2 3 4 5 8 9 12] [1 2 3 5 6 8] [1 2 3 5 6] [1 2 5 6] [1 2 3 4 5 6 9 10 11] [1 3 5 6 7] [1 2 3 8] [1 2 3 5 7] [1 2 3 4 5 6 8] [2] [2 3 5 6] [3 5 6 7 8] [1 2 3 4 5 6 11] [1 2 5 7] [1 2 3 4 5 6 7 11] [1 2 3 4 5 8] [1 2 5 6 7] [1 2 5 6 7 10] [1 2 3 4 5 6 7 10] [2 3 4 5 6 8] [] [] []
12 [11 29] [1] [1 2] [1 5] [1 2 3 5] [1 2 3 4 5] [1 2 3 4 5 6] [1 2 3 4 5 6 8 9] [1 3] [2 3 4] [1 2 3 4 5 6 7] [1 2 3 5 6 7] [1 2 5] [2 3] [1 2 4 5] [1 2 3 4 5 13 14] [3 5] [1 3 5 6 7 8] [1 2 3 4] [1 2 3 4 5 8 9] [3 5 6 7] [1 2 3 4 5 6 7 8] [1 2 3] [1 2 3 4 5 6 9] [1 2 3 4 5 6 9 10] [2 3 4 5 6] [2 3 4 5 6 7 8] [2 3 4 5 8 9 12] [1 2 3 5 6 8] [1 2 3 5 6] [1 2 5 6] [1 2 3 4 5 6 9 10 12] [1 3 5] [1 3 5 6 7] [1 2 3 8] [1 2 3 5 7] [1 2 3 4 5 6 8] [2] [2 3 5 6] [3 5 6 7 8] [3] [1 2 3 4 5 6 13] [1 2 5 7] [1 2 3 4 5 6 7 13] [1 2 3 4 5 8] [1 2 5 6 7] [1 2 5 6 7 10] [1 2 3 4 5 6 7 10] [2 3 4 5 6 8] [] [] []
13 [11] [1 2 3 5] [1 2 3 4 5 6] [1] [1 2 3 4 5 6 8 9] [1 3] [1 2 3 4 5] [2 3 4] [1 2 3 4 5 6 7] [1 2 3 5 6 7] [1 5] [1 2 5] [2 3] [1 2 4 5] [1 2 3 4 5 13 14] [3 5] [1 3 5 6 7 8] [1 2 3 4] [1 2 3 4 5 8 9] [3 5 6 7] [1 2 3 4 5 6 7 8] [1 2] [1 2 3] [1 2 3 4 5 6 9] [1 2 3 4 5 6 9 10] [2 3 4 5 6] [2 3 4 5 6 7 8] [2 3 4 5 8 9 12] [1 2 3 5 6 8] [1 2 3 5 6] [1 2 5 6] [1 2 3 4 5 6 9 10 12] [1 3 5] [1 3 5 6 7] [1 2 3 8] [1 2 3 5 7] [1 2 3 4 5 6 8] [2] [2 3 5 6] [3 5 6 7 8] [3] [1 2 3 4 5 6 13] [1 2 5 7] [1 2 3 4 5 6 7 13] [1 2 3 4 5 8] [1 2 5 6 7] [1 2 5 6 7 10] [1 2 3 4 5 6 7 10] [2 3 4 5 6 8] [] [] []
14 [] [1 2 3 4 5 6] [1] [1 2 3 4 5] [1 2 3 4 5 6 8 9] [1 2 3 5] [1 3] [2 3 4] [1 2 3 4 5 6 7] [1 2 3 5 6 7] [1 5] [1 2 5] [2 3] [1 2 4 5] [1 2 3 4 5 11 13] [3 5] [1 3 5 6 7 8] [1 2 3 4] [1 2 3 4 5 8 9] [3 5 6 7] [1 2 3 4 5 6 7 8] [1 2] [1 2 3] [1 2 3 4 5 6 9] [1 2 3 4 5 6 9 10] [2 3 4 5 6] [2 3 4 5 6 7 8] [2 3 4 5 8 9 12] [1 2 3 5 6 8] [1 2 3 5 6] [1 2 5 6] [1 2 3 4 5 6 9 10 11] [1 3 5] [1 3 5 6 7] [1 2 3 8] [1 2 3 5 7] [1 2 3 4 5 6 8] [2] [2 3 5 6] [3 5 6 7 8] [3] [1 2 3 4 5 6 11] [1 2 5 7] [1 2 3 4 5 6 7 11] [1 2 3 4 5 8] [1 2 5 6 7] [1 2 5 6 7 10] [1 2 3 4 5 6 7 10] [2 3 4 5 6 8] [] [] []
15 [6] [1 3] [1 2 3 5] [2 3 4] [1] [1 2 3 4 5 7 8] [1 2 3 4 5 7] [1 2 3 4 5] [1 2 3 5 7 8] [1 5] [1 2 3 4 5 8] [1 2 3 4 5 8 9] [1 2 5] [2 3] [1 2 4 5] [1 2 3 4 5 11 13] [3 5] [1 3 5 7 8 9] [1 2 3 4] [3 5 7 8] [1 2 3 4 5 7 8 9] [1 2] [1 2 3] [1 2 3 4 5 9 10] [1 2 3 4 5 9 10 11] [2 3 4 5 8] [2 3 4 5 7 8 9] [2 3 4 5 8 9 12] [1 2 3 5 9] [1 2 5 7] [1 2 3 5 7] [1 2 3 4 5 9 10 11 12] [1 3 5] [1 3 5 7 8] [1 2 3 8] [2] [2 3 5 7] [3 5 7 8 9] [3] [1 2 3 4 5 9] [1 2 3 4 5 9 11] [1 2 3 4 5 7 8 11] [1 2 5 7 8] [1 2 5 7 8 10] [1 2 3 4 5 7 8 10] [1 2 3 4 5 7 9] [] [] [] [] [] []
16 [20] [1 2 3 5] [2 3 4] [1] [1 2 3 4 5 6 7] [1 2 3 4 5 6] [1 2 3 4 5] [1 2 3 5 6 7] [1 5] [1 2 3 4 5 6 8 9] [1 2 5] [2 3] [1 2 4 5] [1 2 3 4 5 11 13] [3 5] [1 3 5 6 7 8] [1 3] [1 2 3 4] [1 2 3 4 5 8 9] [3 5 6 7] [1 2 3 4 5 6 7 8] [1 2] [1 2 3] [1 2 3 4 5 6 9] [1 2 3 4 5 6 9 10] [2 3 4 5 6] [2 3 4 5 6 7 8] [2 3 4 5 8 9 12] [1 2 3 5 6 8] [1 2 3 5 6] [1 2 5 6] [1 2 3 4 5 6 9 10 11] [1 3 5] [1 3 5 6 7] [1 2 3 8] [1 2 3 5 7] [1 2 3 4 5 6 8] [2] [2 3 5 6] [3 5 6 7 8] [3] [1 2 3 4 5 6 11] [1 2 5 7] [1 2 3 4 5 6 7 11] [1 2 3 4 5 8] [1 2 5 6 7] [1 2 5 6 7 10] [1 2 3 4 5 6 7 10] [2 3 4 5 6 8] [] [] []
17 [] [1 2 3 4 5] [1 2 3 5] [1 2 3 5 6 7] [1 5] [1 2 3 4 5 6 7] [1 2 3 4 5 6] [1 2 3 4 5 6 8 9] [1] [1 2 5] [2 3] [1 2 4 5] [1 2 3 4 5 11 13] [3 5] [1 3 5 6 7 8] [1 3] [1 2 3 4] [1 2 3 4 5 8 9] [3 5 6 7] [1 2 3 4 5 6 7 8] [1 2] [1 2 3] [1 2 3 4 5 6 9] [1 2 3 4 5 6 9 10] [2 3 4 5 6] [2 3 4 5 6 7 8] [2 3 4 5 8 9 12] [1 2 3 5 6 8] [2 3 4] [1 2 3 5 6] [1 2 5 6] [1 2 3 4 5 6 9 10 11] [1 3 5] [1 3 5 6 7] [1 2 3 8] [1 2 3 5 7] [1 2 3 4 5 6 8] [2] [2 3 5 6] [3 5 6 7 8] [3] [1 2 3 4 5 6 11] [1 2 5 7] [1 2 3 4 5 6 7 11] [1 2 3 4 5 8] [1 2 5 6 7] [1 2 5 6 7 10] [1 2 3 4 5 6 7 10] [2 3 4 5 6 8] [] [] []
18 [] [1 2 3 5] [1 2 3 4 5 6 8 9] [1 2 3 4 5] [1] [1 2 5] [2 3] [1 5] [1 2 4 5] [1 2 3 4 5 11 13] [3 5] [1 3 5 6 7 8] [1 3] [1 2 3 4] [1 2 3 4 5 8 9] [3 5 6 7] [1 2 3 4 5 6 7 8] [1 2 3 5 6 7] [1 2] [1 2 3] [1 2 3 4 5 6 9] [1 2 3 4 5 6 9 10] [2 3 4 5 6] [2 3 4 5 6 7 8] [2 3 4 5 8 9 12] [1 2 3 5 6 8] [2 3 4] [1 2 3 5 6] [1 2 5 6] [1 2 3 4 5 6 9 10 11] [1 3 5] [1 3 5 6 7] [1 2 3 8] [1 2 3 5 7] [1 2 3 4 5 6 8] [2] [2 3 5 6] [3 5 6 7 8] [3] [1 2 3 4 5 6] [1 2 3 4 5 6 11] [1 2 5 7] [1 2 3 4 5 6 7 11] [1 2 3 4 5 8] [1 2 5 6 7] [1 2 5 6 7 10] [1 2 3 4 5 6 7 10] [1 2 3 4 5 6 7] [2 3 4 5 6 8] [] [] []
19 [] [1 2 3 4 5 6 8 9] [1 2 3 4 5] [1] [1 2 5] [2 3] [1 2 3 5] [1 5] [1 2 4 5] [1 2 3 4 5 11 13] [3 5] [1 3 5 6 7 8] [1 3] [1 2 3 4] [1 2 3 4 5 8 9] [3 5 6 7] [1 2 3 4 5 6 7 8] [1 2 3 5 6 7] [1 2] [1 2 3] [1 2 3 4 5 6 9] [1 2 3 4 5 6 9 10] [2 3 4 5 6] [2 3 4 5 6 7 8] [2 3 4 5 8 9 12] [1 2 3 5 6 8] [2 3 4] [1 2 3 5 6] [1 2 5 6] [1 2 3 4 5 6 9 10 11] [1 3 5] [1 3 5 6 7] [1 2 3 8] [1 2 3 5 7] [1 2 3 4 5 6 8] [2] [2 3 5 6] [3 5 6 7 8] [3] [1 2 3 4 5 6] [1 2 3 4 5 6 11] [1 2 5 7] [1 2 3 4 5 6 7 11] [1 2 3 4 5 8] [1 2 5 6 7] [1 2 5 6 7 10] [1 2 3 4 5 6 7 10] [1 2 3 4 5 6 7] [2 3 4 5 6 8] [] [] []
20 [] [1 2 3 5] [1 5] [2 3] [1 2 4 5] [1 2 3 4 5 11 13] [3 5] [1 3 5 6 7 8] [1 3] [1] [1 2 3 4] [1 2 3 4 5 8 9] [3 5 6 7] [1 2 3 4 5 6 7 8] [1 2 3 5 6 7] [1 2] [1 2 3] [1 2 3 4 5 6 9] [1 2 3 4 5 6 9 10] [1 2 3 4 5] [2 3 4 5 6] [2 3 4 5 6 7 8] [1 2 5] [2 3 4 5 8 9 12] [1 2 3 5 6 8] [2 3 4] [1 2 3 5 6] [1 2 5 6] [1 2 3 4 5 6 9 10 11] [1 3 5] [1 3 5 6 7] [1 2 3 8] [1 2 3 5 7] [1 2 3 4 5 6 8] [2] [2 3 5 6] [3 5 6 7 8] [3] [1 2 3 4 5 6] [1 2 3 4 5 6 11] [1 2 5 7] [1 2 3 4 5 6 7 11] [1 2 3 4 5 6 8 9] [1 2 3 4 5 8] [1 2 5 6 7] [1 2 5 6 7 10] [1 2 3 4 5 6 7 10] [1 2 3 4 5 6 7] [2 3 5] [2 3 4 5 6 8] [] []
21 [20] [1 2 4 5] [1 5] [1 3 5 6 7 8] [1 3] [1] [2 3] [1 2 3 4] [1 2 3 4 5 8 9] [3 5 6 7] [1 2 3 4 5 6 7 8] [1 2 3 5 6 7] [1 2] [1 2 3 5] [1 2 3] [1 2 3 4 5 6 9] [1 2 3 4 5 6 9 10] [3 5] [1 2 3 4 5] [2 3 4 5 6] [2 3 4 5 6 7 8] [1 2 5] [2 3 4 5 8 9 12] [1 2 3 5 6 8] [2 3 4] [1 2 3 5 6] [1 2 5 6] [1 2 3 4 5 6 9 10 11] [1 3 5] [1 3 5 6 7] [1 2 3 8] [1 2 3 5 7] [1 2 3 4 5 6 8] [2] [2 3 5 6] [3 5 6 7 8] [3] [1 2 3 4 5 6] [1 2 3 4 5 6 11] [1 2 5 7] [1 2 3 4 5 6 7 11] [1 2 3 4 5 6 8 9] [1 2 3 4 5 8] [1 2 5 6 7] [1 2 5 6 7 10] [1 2 3 4 5 6 7 10] [1 2 3 4 5 6 7] [2 3 5] [2 3 4 5 6 8] [] [] []
22 [14] [1 5] [1 3 5 6 7 8] [1 3] [1] [2 3] [1 2 3 4] [1 2 3 4 5 8 9] [3 5 6 7] [1 2 3 4 5 6 7 8] [1 2 3 5 6 7] [1 2] [1 2 3 5] [1 2 3] [1 2 3 4 5 6 9] [1 2 3 4 5 6 9 10] [3 5] [1 2 3 4 5] [2 3 4 5 6] [2 3 4 5 6 7 8] [1 2 5] [2 3 4 5 8 9 12] [1 2 3 5 6 8] [2 3 4] [1 2 3 5 6] [1 2 5 6] [1 2 3 4 5 6 9 10 11] [1 3 5] [1 3 5 6 7] [1 2 3 8] [1 2 3 5 7] [1 2 3 4 5 6 8] [2] [2 3 5 6] [3 5 6 7 8] [3] [1 2 3 4 5 6] [1 2 3 4 5 6 11] [1 2 5 7] [1 2 3 4 5 6 7 11] [1 2 3 4 5 6 8 9] [1 2 3 4 5 8] [1 2 5 6 7] [1 2 5 6 7 10] [1 2 3 4 5 6 7 10] [1 2 3 4 5 6 7] [2 3 5] [2 3 4 5 6 8] [] [] [] []
23 [] [1 3 5 6 7 8] [1 3] [1] [2 3] [1 2 3 4] [1 2 3 4 5 8 9] [3 5 6 7] [1 2 3 4 5 6 7 8] [1 2 3 5 6 7] [1 2] [1 5] [1 2 3 5] [1 2 3] [1 2 3 4 5 6 9] [1 2 3 4 5 6 9 10] [3 5] [1 2 3 4 5] [2 3 4 5 6] [2 3 4 5 6 7 8] [1 2 5] [2 3 4 5 8 9 12] [1 2 3 5 6 8] [2 3 4] [1 2 3 5 6] [1 2 5 6] [1 2 3 4 5 6 9 10 11] [1 3 5] [1 3 5 6 7] [1 2 3 8] [1 2 3 5 7] [1 2 3 4 5 6 8] [2] [2 3 5 6] [3 5 6 7 8] [3] [1 2 3 4 5 6] [1 2 3 4 5 6 11] [1 2 5 7] [1 2 3 4 5 6 7 11] [1 2 3 4 5 6 8 9] [1 2 3 4 5 8] [1 2 5 6 7] [1 2 5 6 7 10] [1 2 3 4 5 6 7 10] [1 2 3 4 5 6 7] [2 3 5] [2 3 4 5 6 8] [] [] [] []
24 [15 29] [1] [2 3] [1 2 3 4 5 8 9] [3 5 6 7] [1 2 3 4 5 6 7 8] [1 2 3 5 6 7] [1 2] [1 5] [1 2 3 5] [1 2 3] [1 2 3 4 5 6 9] [1 2 3 4] [1 2 3 4 5 6 9 10] [3 5] [1 2 3 4 5] [2 3 4 5 6] [2 3 4 5 6 7 8] [1 2 5] [2 3 4 5 8 9 12] [1 2 3 5 6 8] [2 3 4] [1 2 3 5 6] [1 2 5 6] [1 2 3 4 5 6 9 10 11] [1 3 5] [1 3 5 6 7] [1 3] [1 2 3 8] [1 2 3 5 7] [1 2 3 4 5 6 8] [2] [2 3 5 6] [3 5 6 7 8] [3] [1 2 3 4 5 6] [1 2 3 4 5 6 11] [1 2 5 7] [1 2 3 4 5 6 7 11] [1 2 3 4 5 6 8 9] [1 2 3 4 5 8] [1 2 5 6 7] [1 2 5 6 7 10] [1 2 3 4 5 6 7 10] [1 2 3 4 5 6 7] [2 3 5] [2 3 4 5 6 8] [] [] [] [] []
25 [] [2 3] [1 2 3 4 5 8 9] [3 5 6 7] [1 2 3 4 5 6 7 8] [1 2 3 5 6 7] [1 2] [1 5] [1 2 3 5] [1] [1 2 3] [1 2 3 4 5 6 9] [1 2 3 4] [1 2 3 4 5 6 9 10] [3 5] [1 2 3 4 5] [2 3 4 5 6] [2 3 4 5 6 7 8] [1 2 5] [2 3 4 5 8 9 12] [1 2 3 5 6 8] [2 3 4] [1 2 3 5 6] [1 2 5 6] [1 2 3 4 5 6 9 10 11] [1 3 5] [1 3 5 6 7] [1 3] [1 2 3 8] [1 2 3 5 7] [1 2 3 4 5 6 8] [2] [2 3 5 6] [3 5 6 7 8] [3] [1 2 3 4 5 6] [1 2 3 4 5 6 11] [1 2 5 7] [1 2 3 4 5 6 7 11] [1 2 3 4 5 6 8 9] [1 2 3 4 5 8] [1 2 5 6 7] [1 2 5 6 7 10] [1 2 3 4 5 6 7 10] [1 2 3 4 5 6 7] [2 3 5] [2 3 4 5 6 8] [] [] [] [] []
26 [8] [1 2 3 4 5 9 12] [3 5 6 7] [1 2 3 4 5 6 7 9] [1 2 3 5 6 7] [1 2] [1 5] [1 2 3 5] [1] [1 2 3] [1 2 3 4 5 6 9] [1 2 3 4] [1 2 3 4 5 6 9 10] [3 5] [1 2 3 4 5] [2 3 4 5 6] [2 3 4 5 6 7 9] [1 2 5] [2 3 4 5 9 12 13] [1 2 3 5 6 9] [2 3 4] [1 2 3 5 6] [1 2 5 6] [1 2 3 4 5 6 9 10 11] [1 3 5] [1 3 5 6 7] [1 3] [1 2 3 9] [1 2 3 5 7] [2] [2 3 5 6] [3 5 6 7 9] [3] [1 2 3 4 5 6] [2 3] [1 2 3 4 5 6 11] [1 2 5 7] [1 2 3 4 5 6 7 11] [1 2 3 4 5 6 9 12] [1 2 3 4 5 9] [1 2 5 6 7] [1 2 5 6 7 10] [1 2 3 4 5 6 7 10] [1 2 3 4 5 6 7] [2 3 5] [2 3 4 5 6 9] [] [] [] [] [] []
27 [] [3 5 6 7] [1 2 3 4 5 6 7 8] [1 2 3] [1 2 3 4 5 6 9] [1 2 3 4] [1 2 3 4 5 6 9 10] [3 5] [1] [1 2 3 5] [1 2 3 4 5] [2 3 4 5 6] [2 3 4 5 6 7 8] [1 2 5] [2 3 4 5 8 9 12] [1 2 3 5 6 8] [2 3 4] [1 2 3 5 6] [1 2 5 6] [1 5] [1 2 3 4 5 6 9 10 11] [1 3 5] [1 3 5 6 7] [1 3] [1 2 3 8] [1 2 3 5 7] [1 2 3 4 5 6 8] [2] [2 3 5 6] [3 5 6 7 8] [1 2 3 5 6 7] [3] [1 2 3 4 5 6] [2 3] [1 2] [1 2 3 4 5 6 11] [1 2 5 7] [1 2 3 4 5 6 7 11] [1 2 3 4 5 6 8 9] [1 2 3 4 5 8] [1 2 5 6 7] [1 2 5 6 7 10] [1 2 3 4 5 6 7 10] [1 2 3 4 5 6 7] [2 3 5] [2 3 4 5 6 8] [1 2 3 4 5 8 9] [] [] [] [] []
28 [8 25] [1 2 3 4 5 6 7 9] [1 2 3] [1 2 3 4 5 6 9] [1 2 3 4] [1 2 3 4 5 6 9 10] [3 5] [1] [1 2 3 5] [1 2 3 4 5] [2 3 4 5 6] [2 3 4 5 6 7 9] [1 2 5] [2 3 4 5 9 12 13] [1 2 3 5 6 9] [2 3 4] [1 2 3 5 6] [1 2 5 6] [1 5] [1 2 3 4 5 6 9 10 11] [1 3 5] [1 3 5 6 7] [1 3] [1 2 3 9] [1 2 3 5 7] [2] [2 3 5 6] [3 5 6 7 9] [1 2 3 5 6 7] [3] [1 2 3 4 5 6] [2 3] [1 2] [1 2 3 4 5 6 11] [1 2 5 7] [1 2 3 4 5 6 7 11] [1 2 3 4 5 6 9 12] [1 2 3 4 5 9] [1 2 5 6 7] [1 2 5 6 7 10] [1 2 3 4 5 6 7 10] [1 2 3 4 5 6 7] [2 3 5] [2 3 4 5 6 9] [1 2 3 4 5 9 12] [3 5 6 7] [] [] [] [] [] []
29 [13] [1 2 3] [1 2 3 4 5] [1 2 3 4 5 6 9] [1 2 3 4] [1 2 3 4 5 6 9 10] [3 5] [1] [1 2 3 5] [2 3 4 5 6] [2 3 4 5 6 7 8] [1 2 5] [2 3 4 5 8 9 12] [1 2 3 5 6 8] [2 3 4] [1 2 3 5 6] [1 2 5 6] [1 5] [1 2 3 4 5 6 9 10 11] [1 3 5] [1 3 5 6 7] [1 3] [1 2 3 8] [1 2 3 5 7] [1 2 3 4 5 6 8] [2] [2 3 5 6] [3 5 6 7 8] [1 2 3 5 6 7] [3] [1 2 3 4 5 6] [2 3] [1 2] [1 2 3 4 5 6 11] [1 2 5 7] [1 2 3 4 5 6 7 11] [1 2 3 4 5 6 8 9] [1 2 3 4 5 8] [1 2 5 6 7] [1 2 5 6 7 10] [1 2 3 4 5 6 7 10] [1 2 3 4 5 6 7] [2 3 5] [1 2 3 4 5 6 7 8] [2 3 4 5 6 8] [1 2 3 4 5 8 9] [3 5 6 7] [] [] [] [] []
30 [] [1 2 3 4 5] [1 2 3 4 5 6 9] [1 2 3 4] [1 2 3 4 5 6 9 10] [3 5] [1] [1 2 3 5] [2 3 4 5 6] [2 3 4 5 6 7 8] [1 2 5] [2 3 4 5 8 9 12] [1 2 3 5 6 8] [2 3 4] [1 2 3 5 6] [1 2 5 6] [1 5] [1 2 3 4 5 6 9 10 11] [1 3 5] [1 2 3] [1 3 5 6 7] [1 3] [1 2 3 8] [1 2 3 5 7] [1 2 3 4 5 6 8] [2] [2 3 5 6] [3 5 6 7 8] [1 2 3 5 6 7] [3] [1 2 3 4 5 6] [2 3] [1 2] [1 2 3 4 5 6 11] [1 2 5 7] [1 2 3 4 5 6 7 11] [1 2 3 4 5 6 8 9] [1 2 3 4 5 8] [1 2 5 6 7] [1 2 5 6 7 10] [1 2 3 4 5 6 7 10] [1 2 3 4 5 6 7] [2 3 5] [1 2 3 4 5 6 7 8] [2 3 4 5 6 8] [1 2 3 4 5 8 9] [3 5 6 7] [] [] [] [] []
31 [] [3 5] [1] [1 2 3 5] [1 2 3 4 5] [2 3 4 5 6] [2 3 4 5 6 7 8] [1 2 5] [2 3 4 5 8 9 12] [1 2 3 5 6 8] [2 3 4] [1 2 3 5 6] [1 2 5 6] [1 5] [1 2 3 4 5 6 9 10 11] [1 3 5] [1 2 3] [1 2 3 4] [1 3 5 6 7] [1 3] [1 2 3 8] [1 2 3 5 7] [1 2 3 4 5 6 8] [2] [2 3 5 6] [3 5 6 7 8] [1 2 3 5 6 7] [3] [1 2 3 4 5 6] [2 3] [1 2] [1 2 3 4 5 6 11] [1 2 5 7] [1 2 3 4 5 6 7 11] [1 2 3 4 5 6 8 9] [1 2 3 4 5 8] [1 2 3 4 5 6 9] [1 2 5 6 7] [1 2 5 6 7 10] [1 2 3 4 5 6 7 10] [1 2 3 4 5 6 7] [2 3 5] [1 2 3 4 5 6 7 8] [2 3 4 5 6 8] [1 2 3 4 5 8 9] [3 5 6 7] [] [] [] [] [] []
32 [] [1 2 3 5] [1 2 3 5 6] [1] [1 2 5] [2 3 4 5 8 9 12] [1 2 3 5 6 8] [2 3 4] [1 2 5 6] [1 5] [1 2 3 4 5 6 9 10 11] [1 3 5] [1 2 3] [1 2 3 4] [1 3 5 6 7] [1 3] [1 2 3 8] [1 2 3 5 7] [1 2 3 4 5 6 8] [2] [3 5] [1 2 3 4 5] [2 3 5 6] [3 5 6 7 8] [1 2 3 5 6 7] [3] [1 2 3 4 5 6] [2 3] [1 2] [2 3 4 5 6] [1 2 3 4 5 6 11] [1 2 5 7] [1 2 3 4 5 6 7 11] [1 2 3 4 5 6 8 9] [1 2 3 4 5 8] [1 2 3 4 5 6 9] [1 2 5 6 7] [1 2 5 6 7 10] [1 2 3 4 5 6 7 10] [1 2 3 4 5 6 7] [2 3 5] [1 2 3 4 5 6 7 8] [2 3 4 5 6 8] [1 2 3 4 5 8 9] [3 5 6 7] [] [] [] [] [] [] []
33 [] [1 2 3 5 6] [1] [1 2 5] [1 2 3 5] [2] [2 3 4 5 8 9 12] [1 2 3 5 6 8] [2 3 4] [1 2 5 6] [1 5] [1 2 3 4 5 6 9 10 11] [1 3 5] [1 2 3] [1 2 3 4] [1 3 5 6 7] [1 3] [1 2 3 8] [1 2 3 5 7] [1 2 3 4 5 6 8] [3 5] [1 2 3 4 5] [2 3 5 6] [3 5 6 7 8] [1 2 3 5 6 7] [3] [1 2 3 4 5 6] [2 3] [1 2] [2 3 4 5 6] [1 2 3 4 5 6 11] [1 2 5 7] [1 2 3 4 5 6 7 11] [1 2 3 4 5 6 8 9] [1 2 3 4 5 8] [1 2 3 4 5 6 9] [1 2 5 6 7] [1 2 5 6 7 10] [1 2 3 4 5 6 7 10] [1 2 3 4 5 6 7] [2 3 5] [1 2 3 4 5 6 7 8] [2 3 4 5 6 8] [1 2 3 4 5 8 9] [3 5 6 7] [] [] [] [] [] [] []
34 [] [2] [1 2 3 5 6 8] [2 3 4] [1 2 3 5 6 7] [1 2 3 5 6] [1 2 5 6] [3 5] [1] [1 5] [1 2 3 4 5 6 9 10 11] [1 3 5] [1 2 3] [1 2 3 4] [1 3 5 6 7] [1 3] [1 2 3 8] [1 2 3 5 7] [1 2 3 4 5 6 8] [1 2 3 5] [1 2 3 4 5] [2 3 5 6] [3 5 6 7 8] [1 2 5] [3] [1 2 3 4 5 6] [2 3] [1 2] [2 3 4 5 6] [1 2 3 4 5 6 11] [1 2 5 7] [1 2 3 4 5 6 7 11] [1 2 3 4 5 6 8 9] [1 2 3 4 5 8] [1 2 3 4 5 6 9] [1 2 5 6 7] [1 2 5 6 7 10] [1 2 3 4 5 6 7 10] [1 2 3 4 5 6 7] [2 3 5] [1 2 3 4 5 6 7 8] [2 3 4 5 6 8] [1 2 3 4 5 8 9] [3 5 6 7] [] [] [] [] [] [] [] []
35 [] [1 2 3 5 6 7] [3 5] [1] [1 2 3 5 6] [1 5] [1 2 3 4 5 6 9 10 11] [1 3 5] [1 2 3] [1 2 3 4] [1 3 5 6 7] [1 3] [1 2 3 8] [1 2 3 5 7] [1 2 3 4 5 6 8] [1 2 3 5] [2] [1 2 3 4 5] [2 3 5 6] [3 5 6 7 8] [1 2 5] [3] [1 2 3 4 5 6] [2 3] [1 2] [2 3 4 5 6] [1 2 3 4 5 6 11] [1 2 5 7] [2 3 4] [1 2 3 4 5 6 7 11] [1 2 3 4 5 6 8 9] [1 2 3 4 5 8] [1 2 3 4 5 6 9] [1 2 5 6 7] [1 2 5 6 7 10] [1 2 3 4 5 6 7 10] [1 2 3 4 5 6 7] [2 3 5] [1 2 3 4 5 6 7 8] [2 3 4 5 6 8] [1 2 3 4 5 8 9] [3 5 6 7] [] [] [] [] [] [] [] [] [] []
36 [] [3 5] [1] [1 3] [1 2 3 5 6] [1 5] [1 2 3 4 5 6 9 10 11] [1 3 5] [1 2 3] [1 2 3 4] [1 3 5 6 7] [1 2 3 8] [1 2 3 5 7] [1 2 3 4 5 6 8] [1 2 3 5] [2] [1 2 3 4 5] [2 3 5 6] [3 5 6 7 8] [1 2 3 5 6 7] [1 2 5] [3] [1 2 3 4 5 6] [2 3] [1 2] [2 3 4 5 6] [1 2 3 4 5 6 11] [1 2 5 7] [2 3 4] [1 2 3 4 5 6 7 11] [1 2 3 4 5 6 8 9] [1 2 3 4 5 8] [1 2 3 4 5 6 9] [1 2 5 6 7] [1 2 5 6 7 10] [1 2 3 4 5 6 7 10] [1 2 3 4 5 6 7] [2 3 5] [1 2 3 4 5 6 7 8] [2 3 4 5 6 8] [1 2 3 4 5 8 9] [3 5 6 7] [] [] [] [] [] [] [] [] [] []
37 [] [1 3 5] [1 2 3] [1 2 3 4] [1 3 5 6 7] [1 3] [1 2 3 8] [1 2 3 5 6] [1 5] [1 2 3 5 7] [1 2 3 4 5 6 8] [1 2 3 5] [2] [3 5] [1 2 3 4 5] [2 3 5 6] [3 5 6 7 8] [1 2 3 5 6 7] [1 2 5] [3] [1 2 3 4 5 6] [2 3] [1 2] [1] [2 3 4 5 6] [1 2 3 4 5 6 11] [1 2 5 7] [2 3 4] [1 2 3 4 5 6 7 11] [1 2 3 4 5 6 8 9] [1 2 3 4 5 8] [1 2 3 4 5 6 9] [1 2 5 6 7] [1 2 5 6 7 10] [1 2 3 4 5 6 7 10] [1 2 3 4 5 6 7] [2 3 5] [1 2 3 4 5 6 7 8] [2 3 4 5 6 8] [1 2 3 4 5 8 9] [3 5 6 7] [] [] [] [] [] [] [] [] [] [] []
38 [] [1 3 5 6 7] [1 2 3 5 7] [1 2 3 4 5 6 8] [1 2 3 5 6] [1 2 3 5] [2] [3 5] [1 2 3 4 5] [2 3 5 6] [3 5 6 7 8] [1 2 3 5 6 7] [1 2 5] [3] [1 2 3] [1 2 3 4 5 6] [1 2 3 4] [2 3] [1 2] [1 5] [1] [2 3 4 5 6] [1 2 3 4 5 6 11] [1 2 5 7] [2 3 4] [1 2 3 4 5 6 7 11] [1 2 3 4 5 6 8 9] [1 2 3 4 5 8] [1 2 3 4 5 6 9] [1 2 5 6 7] [1 3 5] [1 2 5 6 7 10] [1 2 3 4 5 6 7 10] [1 2 3 4 5 6 7] [2 3 5] [1 2 3 4 5 6 7 8] [2 3 4 5 6 8] [1 2 3 4 5 8 9] [3 5 6 7] [] [] [] [] [] [] [] [] [] [] [] [] []
39 [] [1 2 3 5 7] [1 2 3 4 5 6 8] [1 2 3 5 6] [1 2 3 5] [2] [1 2 3 4 5 6 7 10] [3 5] [1 2 3 4 5] [2 3 5 6] [3 5 6 7 8] [1 2 3 5 6 7] [1 2 5] [3] [1 2 3] [1 2 3 4 5 6] [1 2 3 4] [2 3] [1 2] [1 5] [1] [2 3 4 5 6] [1 2 3 4 5 6 11] [1 2 5 7] [2 3 4] [1 2 3 4 5 6 7 11] [1 2 3 4 5 6 8 9] [1 2 3 4 5 8] [1 2 3 4 5 6 9] [1 2 5 6 7] [1 3 5] [1 2 5 6 7 10] [1 2 3 4 5 6 7] [2 3 5] [1 2 3 4 5 6 7 8] [2 3 4 5 6 8] [1 2 3 4 5 8 9] [3 5 6 7] [] [] [] [] [] [] [] [] [] [] [] [] [] []
40 [] [1 2 3 4 5] [2 3 5 6] [3 5 6 7 8] [1 2 3 5 6 7] [1 2 5] [3] [1 2 3] [1 2 3 4 5 6] [1 2 3 4 5 6 8] [1 2 3 4] [2 3] [1 2] [1 5] [1] [2 3 4 5 6] [1 2 3 5] [1 2 3 4 5 6 11] [3 5] [1 2 5 7] [2 3 4] [1 2 3 4 5 6 7 11] [1 2 3 5 6] [1 2 3 4 5 6 8 9] [1 2 3 4 5 8] [1 2 3 4 5 6 9] [1 2 5 6 7] [1 3 5] [1 2 5 6 7 10] [2] [1 2 3 4 5 6 7 10] [1 2 3 4 5 6 7] [2 3 5] [1 2 3 4 5 6 7 8] [2 3 4 5 6 8] [1 2 3 4 5 8 9] [3 5 6 7] [] [] [] [] [] [] [] [] [] [] [] [] [] [] []
41 [] [1 2 3] [1 2 3 4 5 6] [1 2 3 4 5 6 8] [1 2 3 4 5] [1 2 3 4] [2 3] [1 2] [1 5] [1] [2 3 4 5 6] [1 2 3 5] [1 2 3 4 5 6 11] [3 5] [1 2 5 7] [2 3 4] [1 2 3 4 5 6 7 11] [1 2 3 5 6] [1 2 3 4 5 6 8 9] [1 2 3 4 5 8] [1 2 3 4 5 6 9] [1 2 5 6 7] [1 3 5] [1 2 5 6 7 10] [2] [3] [1 2 3 4 5 6 7 10] [1 2 3 4 5 6 7] [2 3 5] [1 2 3 4 5 6 7 8] [2 3 4 5 6 8] [1 2 3 4 5 8 9] [3 5 6 7] [3 5 6 7 8] [] [] [] [] [] [] [] [] [] [] [] [] [] [] [] [] [] []
42 [] [1 2] [1 2 3 4 5] [1 5] [1] [2 3 4 5 6] [1 2 3 5] [1 2 3 4] [1 2 3 4 5 6 11] [3 5] [1 2 5 7] [2 3 4] [1 2 3 4 5 6 7 11] [1 2 3 5 6] [1 2 3 4 5 6 8 9] [1 2 3 4 5 8] [1 2 3 4 5 6 9] [1 2 5 6 7] [1 3 5] [1 2 5 6 7 10] [2] [3] [1 2 3] [1 2 3 4 5 6 7 10] [1 2 3 4 5 6 7] [2 3 5] [2 3] [1 2 3 4 5 6 7 8] [2 3 4 5 6 8] [1 2 3 4 5 6 8] [1 2 3 4 5 8 9] [3 5 6 7] [1 2 3 4 5 6] [3 5 6 7 8] [] [] [] [] [] [] [] [] [] [] [] [] [] [] [] [] [] []
43 [] [1 2 3 4 5] [1 5] [1] [2 3 4 5 6] [1 2 3 5] [1 2 3 4] [1 2 3 4 5 6 11] [3 5] [1 2 5 7] [2 3 4] [1 2 3 4 5 6 7 11] [1 2 3 5 6] [1 2 3 4 5 6 8 9] [1 2 3 4 5 8] [1 2 3 4 5 6 9] [1 2 5 6 7] [1 3 5] [1 2 5 6 7 10] [2] [3] [1 2 3] [1 2 3 4 5 6 7 10] [1 2 3 4 5 6 7] [2 3 5] [1 2] [2 3] [1 2 3 4 5 6 7 8] [2 3 4 5 6 8] [1 2 3 4 5 6 8] [1 2 3 4 5 8 9] [3 5 6 7] [1 2 3 4 5 6] [3 5 6 7 8] [] [] [] [] [] [] [] [] [] [] [] [] [] [] [] [] [] []
44 [] [1 5] [1] [2 3 4 5 6] [1 2 3 5] [1 2 3 4] [1 2 3 4 5 6 11] [3 5] [1 2 5 7] [2 3 4] [1 2 3 4 5 6] [1 2 3 4 5 6 7 11] [1 2 3 5 6] [1 2 3 4 5 6 8 9] [1 2 3 4 5 8] [1 2 3 4 5 6 9] [1 2 5 6 7] [1 3 5] [1 2 5 6 7 10] [2] [1 2 3 4 5] [3] [1 2 3] [1 2 3 4 5 6 7 10] [1 2 3 4 5 6 7] [2 3 5] [1 2 3 5 6 7 8] [1 2] [2 3] [1 2 3 4 5 6 7 8] [2 3 4 5 6 8] [1 2 3 4 5 6 8] [1 2 3 4 5 8 9] [3 5 6 7] [3 5 6 7 8] [] [] [] [] [] [] [] [] [] [] [] [] [] [] [] [] []
45 [] [3 5] [1 2 5 7] [2 3 4] [1 2 3 4 5 6] [1 2 3 4 5 8] [1 2 3 4 5 6 7 11] [1 5] [1 2 3 5 6] [1 2 3 4 5 6 8 9] [1 2 3 4 5 6 9] [1] [1 2 5 6 7] [1 3 5] [1 2 5 6 7 10] [2] [1 2 3 4 5] [3] [1 2 3] [1 2 3 4 5 6 7 10] [1 2 3 4 5 6 7] [1 2 3 4] [2 3 5] [1 2 3 5 6 7 8] [1 2 3 5] [1 2] [2 3] [1 2 3 4 5 6 7 8] [2 3 4 5 6 8] [1 2 3 4 5 6 8] [1 2 3 4 5 8 9] [3 5 6 7] [3 5 6 7 8] [] [] [] [] [] [] [] [] [] [] [] [] [] [] [] [] [] [] []
46 [] [1 2 3 4 5 8] [1 2 3 4 5 6 7 11] [1 5] [1 2 3 5 6] [1 2 3 4 5 6 8 9] [3 5] [1 2 3 4 5 6 9] [1] [1 2 5 6 7] [1 3 5] [1 2 5 6 7 10] [2] [1 2 3 4 5] [3] [1 2 5 7] [1 2 3] [1 2 3 4 5 6 7 10] [1 2 3 4 5 6 7] [1 2 3 4] [2 3 5] [1 2 3 5 6 7 8] [1 2 3 5] [1 2] [2 3] [1 2 3 4 5 6 7 8] [2 3 4] [2 3 4 5 6 8] [1 2 3 4 5 6 8] [1 2 3 4 5 8 9] [3 5 6 7] [1 2 3 4 5 6] [3 5 6 7 8] [] [] [] [] [] [] [] [] [] [] [] [] [] [] [] [] [] [] []
47 [] [1 2 3 4 5 6 7 11] [1 5] [1 2 3 5 6] [1 2 3 4 5 6 8 9] [3 5] [1 2 3 4 5 8] [1 2 3 4 5 6 9] [1] [1 2 5 6 7] [1 3 5] [1 2 5 6 7 10] [2] [1 2 3 4 5] [3] [1 2 5 7] [1 2 3] [1 2 3 4 5 6 7 10] [1 2 3 4 5 6 7] [1 2 3 4] [2 3 5] [1 2 3 5 6 7 8] [1 2 3 5] [1 2] [2 3] [1 2 3 4 5 6 7 8] [2 3 4] [2 3 4 5 6 8] [1 2 3 4 5 6 8] [1 2 3 4 5 8 9] [3 5 6 7] [1 2 3 4 5 6] [3 5 6 7 8] [] [] [] [] [] [] [] [] [] [] [] [] [] [] [] [] [] [] []
48 [] [1 2 3 4 5 8] [1] [1 2 5 6 7] [1 3 5] [1 2 5 6 7 10] [2] [1 5] [1 2 3 4 5] [3] [1 2 3 5 6] [1 2 5 7] [1 2 3] [1 2 3 4 5 6 7 10] [1 2 3 4 5 6 7] [1 2 3 4] [2 3 5] [1 2 3 4 5 6 9] [1 2 3 5 6 7 8] [1 2 3 5] [1 2] [2 3] [1 2 3 4 5 6 7 8] [2 3 4] [2 3 4 5 6 8] [1 2 3 4 5 6 8] [3 5] [1 2 3 4 5 8 9] [3 5 6 7] [1 2 3 4 5 6] [3 5 6 7 8] [] [] [] [] [] [] [] [] [] [] [] [] [] [] [] [] [] [] [] [] []
49 [] [1 2 5 6 7 10] [2] [1 5] [1] [1 2 3 4 5] [3] [1 2 3 5 6] [1 2 5 7] [1 2 3] [1 2 3 4 5 6 7 10] [1 2 3 4 5 6 7] [1 2 3 4] [2 3 5] [1 2 3 4 5 8] [1 2 3 4 5 6 9] [1 2 3 5 6 7 8] [1 2 3 5] [1 2] [2 3] [1 2 5 6 7] [1 2 3 4 5 6 7 8] [2 3 4] [2 3 4 5 6 8] [1 2 3 4 5 6 8] [3 5] [1 2 3 4 5 8 9] [3 5 6 7] [1 2 3 4 5 6] [3 5 6 7 8] [] [] [] [] [] [] [] [] [] [] [] [] [] [] [] [] [] [] [] [] [] []
50 [] [2] [1 5] [1] [3 5 6 7] [1 2 3 4 5] [3] [1 2 3 5 6] [1 2 5 7] [1 2 3] [1 2 3 4 5 6 7 10] [1 2 3 4 5 6 7] [1 2 3 4] [2 3 5] [1 2 3 4 5 8] [1 2 3 4 5 6 9] [1 2 3 5 6 7 8] [1 2 3 5] [1 2] [2 3] [1 2 5 6 7] [1 2 3 4 5 6 7 8] [2 3 4] [2 3 4 5 6 8] [1 2 3 4 5 6 8] [3 5] [1 2 3 4 5 8 9] [1 2 3 4 5 6] [3 5 6 7 8] [] [] [] [] [] [] [] [] [] [] [] [] [] [] [] [] [] [] [] [] [] [] []
51 [] [1 2 3 5 6] [1 2 5 7] [1 2 3 4 5 7] [1 2 3 4 5] [2 3 4 5 6 8] [1] [1 2 3] [1 2 3 4 5 6 7 10] [1 2 3 4 5 6 7] [1 2 3 4] [2 3 5] [1 2 3 4 5 8] [1 2 3 4 5 6 9] [1 2 3 5 6 7 8] [1 2 3 5] [1 2] [2 3] [1 2 5 6 7] [1 2 3 4 5 6 7 8] [2 3 4] [1 5] [1 2 3 4 5 6 8] [3 5] [1 2 3 4 5 8 9] [3 5 6 7] [1 2 3 4 5 6] [3] [3 5 6 7 8] [] [] [] [] [] [] [] [] [] [] [] [] [] [] [] [] [] [] [] [] [] [] []
52 [] [2 3 4 5 6 8] [1 2 3 5 6] [1 2 3 4 5 6 7 10] [1 2 3 4 5 6 7] [1 2 3 4] [2 3 5] [1 2 3 4 5] [1 2 3 4 5 8] [1] [1 2 3 4 5 6 9] [1 2 3 5 6 7 8] [1 2 3 5] [1 2] [2 3] [1 2 5 6 7] [1 2 3 4 5 6 7 8] [2 3 4] [1 5] [1 2 3 4 5 6 8] [3 5] [1 2 3 4 5 8 9] [3 5 6 7] [1 2 3 4 5 6] [3] [1 2 3] [3 5 6 7 8] [] [] [] [] [] [] [] [] [] [] [] [] [] [] [] [] [] [] [] [] [] [] [] [] []
53 [] [1 2 3 5 6] [1 2 3 4 5] [1 2 3 5 6 7] [1 2 3 5] [1 2 3 4 5 6 7 10] [1 2 3 4 5 6 7] [1 2 3 4] [2 3 5] [1 2 3 4 5 8] [1] [1 2 3 4 5 6 9] [1 2 3 5 6 7 8] [1 2] [2 3] [1 2 5 6 7] [1 2 3 4 5 6 7 8] [2 3 4] [2 3 4 5 6 8] [1 5] [1 2 3 4 5 6 8] [3 5] [1 2 3 4 5 8 9] [3 5 6 7] [1 2 3 4 5 6] [3] [1 2 3] [3 5 6 7 8] [] [] [] [] [] [] [] [] [] [] [] [] [] [] [] [] [] [] [] [] [] [] [] []
54 [] [1 2 3 4 5 6 7] [2 3 5] [1 2 3 4 5] [1] [1 2 3 4 5 6 9] [1 2 3 5 6 7 8] [1 2 3 5] [1 2] [2 3] [1 2 5 6 7] [1 2 3 5 6] [1 2 3 4 5 6 7 8] [2 3 4] [2 3 4 5 6 8] [1 5] [1 2 3 4 5 6 8] [1 2 3 4] [3 5] [1 2 3 4 5 8] [1 2 3 4 5 8 9] [3 5 6 7] [1 2 3 4 5 6] [3] [1 2 3] [3 5 6 7 8] [] [] [] [] [] [] [] [] [] [] [] [] [] [] [] [] [] [] [] [] [] [] [] [] [] []
55 [] [2 3 5] [1 2 3 4 5] [1] [1 2 3 4 5 6 9] [1 2 3 5 6 7 8] [1 2 3 5] [1 2] [1 2 3 4 5 6 7] [2 3] [1 2 5 6 7] [1 2 3 5 6] [1 2 3 4 5 6 7 8] [2 3 4] [2 3 4 5 6 8] [1 5] [1 2 3 4 5 6 8] [1 2 3 4] [3 5] [1 2 3 4 5 8] [1 2 3 4 5 8 9] [3 5 6 7] [1 2 3 4 5 6] [3] [1 2 3] [3 5 6 7 8] [] [] [] [] [] [] [] [] [] [] [] [] [] [] [] [] [] [] [] [] [] [] [] [] [] []
56 [] [1 2 3 4 5] [1 2 3 4 5 6 9] [1 2] [2 3] [1] [1 2 3 5 6] [1 2 3 4 5 6 7 8] [1 2 5 6 7] [2 3 4] [2 3 4 5 6 8] [1 5] [1 2 3 4 5 6 8] [1 2 3 4] [3 5] [1 2 3 4 5 8] [1 2 3 5] [1 2 3 4 5 8 9] [1 2 3 4 5 6 7] [3 5 6 7] [1 2 3 4 5 6] [3] [1 2 3] [3 5 6 7 8] [] [] [] [] [] [] [] [] [] [] [] [] [] [] [] [] [] [] [] [] [] [] [] [] [] [] [] []
57 [] [1 2 3 4 5 6 9] [1 2 3 5 6] [1 2] [2 3] [1] [1 2 3 4 5 6 7 8] [1 2 5 6 7] [2 3 4] [2 3 4 5 6 8] [1 5] [1 2 3 4 5 6 8] [1 2 3 4 5] [1 2 3 4] [3 5] [1 2 3 4 5 8] [1 2 3 5] [1 2 3 4 5 8 9] [1 2 3 4 5 6 7] [3 5 6 7] [1 2 3 4 5 6] [3] [1 2 3] [3 5 6 7 8] [] [] [] [] [] [] [] [] [] [] [] [] [] [] [] [] [] [] [] [] [] [] [] [] [] [] [] []
58 [] [1 2 3 5 6] [1 2] [2 3] [1] [1 2 3 4 5 6 7 8] [1 2 5 6 7] [2 3 4] [2 3 4 5 6 8] [1 5] [1 2 3 4 5 6 8] [1 2 3 4 5] [1 2 3 4] [3 5] [1 2 3 4 5 8] [1 2 3 5] [1 2 3 4 5 8 9] [1 2 3 4 5 6 7] [3 5 6 7] [1 2 3 4 5 6] [3] [1 2 3] [3 5 6 7 8] [] [] [] [] [] [] [] [] [] [] [] [] [] [] [] [] [] [] [] [] [] [] [] [] [] [] [] [] []
59 [] [1 2] [1 2 5 6 7] [2 3 4] [2 3 4 5 6 8] [1 5] [1 2 3 4 5 6 8] [1 2 3 4 5] [1 2 3 4] [3 5] [1 2 3 4 5 8] [1] [1 2 3 5] [1 2 3 4 5 8 9] [1 2 3 4 5 6 7 8] [2 3] [1 2 3 4 5 6 7] [3 5 6 7] [1 2 3 4 5 6] [1 2 3 5 6] [3] [1 2 3] [3 5 6 7 8] [] [] [] [] [] [] [] [] [] [] [] [] [] [] [] [] [] [] [] [] [] [] [] [] [] [] [] [] []
60 [] [1 2 5 6 7] [1 2 3 4 5 6] [2 3 4] [1 2 3 4 5 6 7 8] [2 3 4 5 6 8] [1 2] [1 5] [1 2 3 4 5 6 8] [1 2 3 4 5] [1 2 3 4] [3 5] [1 2 3 4 5 8] [1] [1 2 3 5] [1 2 3 4 5 8 9] [2 3] [1 2 3 4 5 6 7] [3 5 6 7] [1 2 3 5 6] [3] [1 2 3] [3 5 6 7 8] [] [] [] [] [] [] [] [] [] [] [] [] [] [] [] [] [] [] [] [] [] [] [] [] [] [] [] [] []
61 [] [2 3 4 5 6 8] [1 2] [1 2 3 4 5 6 7] [1 5] [1 2 3 4 5 6 8] [1 2 3 5 6 8] [1 2 3 4 5] [1 2 3 4] [3 5] [1 2 3 4 5 8] [1] [1 2 3 5] [1 2 3 4 5 8 9] [1 2 3 4 5 6 7 8] [2 3] [3 5 6 7] [1 2 3 4 5 6] [1 2 3 5 6] [3] [1 2 3] [3 5 6 7 8] [] [] [] [] [] [] [] [] [] [] [] [] [] [] [] [] [] [] [] [] [] [] [] [] [] [] [] [] [] []
62 [] [1 2 3 5 6 8] [1 2 3 4 5] [1 2 3 4] [3 5] [1 2 3 4 5 8] [1] [1 2 3 5] [1 2 3 4 5 8 9] [1 2 3 4 5 6 7 8] [2 3] [1 2 3 4 5 6 7] [3 5 6 7] [1 2 3 4 5 6] [1 2 3 5 6] [1 2] [1 5] [3] [1 2 3] [3 5 6 7 8] [] [] [] [] [] [] [] [] [] [] [] [] [] [] [] [] [] [] [] [] [] [] [] [] [] [] [] [] [] [] [] []
63 [] [1 2 3 4 5] [1 2 3 5] [1 2 3 4 5 11 13] [1 2 3 4] [3 5] [1 2 3 4 5 8] [1] [1 2 3 4 5 8 9] [1 2 3 4 5 6 7 8] [2 3] [1 2 3 4 5 6 7] [3 5 6 7] [1 2 3 4 5 6] [1 2 3 5 6] [1 2] [1 5] [3] [1 2 3] [3 5 6 7 8] [] [] [] [] [] [] [] [] [] [] [] [] [] [] [] [] [] [] [] [] [] [] [] [] [] [] [] [] [] [] [] []
64 [] [3 5] [1 2 3 4 5 6 7] [1 2 3 4 5 8] [1] [1 2 3 4] [1 3 5] [1 2 3 5 6] [1 2 3 5] [1 2 3 4 5 8 9] [1 2 3 4 5 6 7 8] [1 2 3 4 5] [2 3] [3 5 6 7] [1 2 3 4 5 6] [1 2] [1 5] [3] [1 2 3] [3 5 6 7 8] [] [] [] [] [] [] [] [] [] [] [] [] [] [] [] [] [] [] [] [] [] [] [] [] [] [] [] [] [] [] [] []
65 [] [1 2 3 5 6] [1 2 3 5] [1 2 3 4 5 8 9] [3 5] [1 2 3 4 5 6 7 8] [1 2 3 4] [1] [1 2 3 4 5] [2 3] [1 2 3 4 5 6 7] [3 5 6 7] [1 2 3 4 5 6] [1 2] [1 5] [3] [1 2 3] [3 5 6 7 8] [] [] [] [] [] [] [] [] [] [] [] [] [] [] [] [] [] [] [] [] [] [] [] [] [] [] [] [] [] [] [] [] [] []
66 [] [1 2 3 4 5 6 7 8] [1] [1 2 3 4] [2 3] [1 2 3 4 5 6 7] [1 2 3 5] [3 5 6 7] [1 2 3 4 5 6] [1 2 3 5 6] [3 5] [1 2] [1 2 3 4 5] [1 5] [3] [1 2 3] [3 5 6 7 8] [] [] [] [] [] [] [] [] [] [] [] [] [] [] [] [] [] [] [] [] [] [] [] [] [] [] [] [] [] [] [] [] [] [] []
67 [] [1] [1 2 3] [1 2 3 4 5] [1 2 3 5 6 7 10 11] [1 2 3 4] [1 5] [2 3] [1 2 3 4 5 6 7] [1 2 3 5] [3 5 6 7] [1 2 3 4 5 6] [1 2 3 5 6] [3 5] [1 2] [1 2 3 4 5 6 7 8] [3] [3 5 6 7 8] [] [] [] [] [] [] [] [] [] [] [] [] [] [] [] [] [] [] [] [] [] [] [] [] [] [] [] [] [] [] [] [] [] []
68 [] [1 5] [1 2 3 5 6] [1 2 5 6] [1] [2 3] [1 2 3 4 5 6 7] [1 2 3 5] [3 5 6 7] [1 2 3 4 5 6] [3 5] [1 2] [1 2 3 4 5 6 7 8] [1 2 3 4 5] [3] [1 2 3] [3 5 6 7 8] [1 2 3 4] [] [] [] [] [] [] [] [] [] [] [] [] [] [] [] [] [] [] [] [] [] [] [] [] [] [] [] [] [] [] [] [] [] []
69 [] [1 2 3 4 5 6 7] [3] [2 3] [1 2 3 5] [1 2 3 4 5 6] [3 5 6 7] [1] [1 2 3 5 6] [3 5] [1 2] [1 2 3 4 5 6 7 8] [1 2 3 4 5] [1 5] [1 2 3] [3 5 6 7 8] [1 2 3 4] [] [] [] [] [] [] [] [] [] [] [] [] [] [] [] [] [] [] [] [] [] [] [] [] [] [] [] [] [] [] [] [] [] [] []
70 [] [3 5 6 7] [1 2 3 4 5 6] [1 2 3 4 5 11] [1 2 3 5] [1 2] [1 2 3 4 5 6 7] [1] [1 2 3 5 6] [3 5] [1 2 3 4 5 6 7 8] [1 2 3 4 5] [1 5] [3] [1 2 3] [3 5 6 7 8] [1 2 3 4] [2 3] [] [] [] [] [] [] [] [] [] [] [] [] [] [] [] [] [] [] [] [] [] [] [] [] [] [] [] [] [] [] [] [] [] []
71 [] [1 2 3 4 5 6 7] [1] [1 2 3 5] [1 2 3 5 6] [3 5] [1 2 3 4 5 6 7 8] [1 2 3 4 5] [1 5] [3] [1 2 3] [3 5 6 7 8] [1 2 3 4] [2 3] [] [] [] [] [] [] [] [] [] [] [] [] [] [] [] [] [] [] [] [] [] [] [] [] [] [] [] [] [] [] [] [] [] [] [] [] [] []
72 [] [1] [1 2 3 5] [1 2 3 5 6] [3 5] [1 2 3 4 5 6 7 8] [1 2 3 4 5] [1 5] [3] [1 2 3] [3 5 6 7 8] [1 2 3 4] [2 3] [1 2 3 4 5 6 7] [] [] [] [] [] [] [] [] [] [] [] [] [] [] [] [] [] [] [] [] [] [] [] [] [] [] [] [] [] [] [] [] [] [] [] [] [] []
73 [] [1 2 3 5] [1 2 3 5 6] [3 5] [1 2 3 4 5 6 7 8] [1 2 3 4 8 9] [1 2 3 4 5] [1 5] [3] [1 2 3] [3 5 6 7 8] [1] [1 2 3 4] [2 3] [1 2 3 4 5 6 7] [] [] [] [] [] [] [] [] [] [] [] [] [] [] [] [] [] [] [] [] [] [] [] [] [] [] [] [] [] [] [] [] [] [] [] [] []
74 [] [1 2 3 4 8 9] [1 2 3 4 5] [3 5] [1 2 3 5 6] [1 2 3 4] [1 5] [3] [1 2 3] [3 5 6 7 8] [1] [2 3] [1 2 3 4 5 6 7] [] [] [] [] [] [] [] [] [] [] [] [] [] [] [] [] [] [] [] [] [] [] [] [] [] [] [] [] [] [] [] [] [] [] [] [] [] [] []
75 [] [1 5] [3] [1 2 3] [1 2 3 4 5] [3 5 6 7 8] [1] [3 5] [1 2 3 5 6] [1 2 3 4] [2 3] [1 2 3 4 5 6 7] [] [] [] [] [] [] [] [] [] [] [] [] [] [] [] [] [] [] [] [] [] [] [] [] [] [] [] [] [] [] [] [] [] [] [] [] [] [] [] []
76 [] [3 5] [1 2 3 5 6] [1 2 3 4 5] [1 2 3 4] [1] [2 3 4] [2 3] [1 2 3 4 5 6 7] [] [] [] [] [] [] [] [] [] [] [] [] [] [] [] [] [] [] [] [] [] [] [] [] [] [] [] [] [] [] [] [] [] [] [] [] [] [] [] [] [] [] []
77 [] [1 2 3 4 5 6 7] [] [] [] [] [] [] [] [] [] [] [] [] [] [] [] [] [] [] [] [] [] [] [] [] [] [] [] [] [] [] [] [] [] [] [] [] [] [] [] [] [] [] [] [] [] [] [] [] [] []
