interv day time team
1 34 75 1
2 38 15 1
3 39 0 1
4 38 90 2
5 1 0 1
6 1 15 2
7 2 0 1
8 2 60 1
9 3 0 1
10 3 60 2
11 4 0 1
12 5 0 1
13 6 0 1
14 1 75 3
15 39 60 2
16 4 60 3
17 46 60 2
18 7 0 1
19 7 60 1
20 8 0 1
21 40 0 1
22 8 60 2
23 47 0 1
24 9 0 1
25 10 0 1
26 11 0 1
27 12 0 1
28 48 0 1
29 10 60 2
30 13 0 1
31 13 60 1
32 14 0 1
33 40 60 1
34 14 60 2
35 15 0 1
36 15 60 2
37 1 90 8
38 16 0 1
39 1 105 5
40 17 0 1
41 5 92 2
42 16 60 3
43 48 60 2
44 41 0 1
45 49 0 1
46 41 60 2
47 42 0 1
48 42 60 2
49 43 0 1
50 18 0 1
51 49 60 2
52 18 15 1
53 19 0 1
54 18 30 3
55 18 45 3
56 20 0 1
57 50 0 1
58 18 105 4
59 20 60 1
60 51 0 1
61 21 0 1
62 50 60 1
63 21 60 2
64 22 0 1
65 22 60 2
66 23 0 1
67 34 90 2
68 24 0 1
69 34 105 2
70 25 0 1
71 46 75 2
72 24 60 3
73 26 0 1
74 27 0 1
75 26 60 3
76 28 0 1
77 28 60 2
78 38 75 5
79 29 0 1
80 29 60 2
81 30 0 1
82 31 0 1
83 52 0 1
84 44 0 1
85 30 60 3
86 43 60 3
87 32 0 1
88 33 0 1
89 33 60 2
90 34 0 1
91 45 0 1
92 35 0 1
93 34 60 3
94 45 60 2
95 36 0 1
96 36 52 1
97 37 0 1
98 37 60 1
99 38 0 1
100 46 0 1
