day not_working team1 team2 team3 team4 team5 team6 team7 team8 team9 team10 team11 team12
1 [2 6 8] [1 3 4] [1] [1 4] [1 3 4 5 7] [1 3 4 5] [1 5] [1 3 4 5 7 9] [1 3] [1 3 4 7] [] [] []
2 [7 17 19] [1] [1 2] [1 2 3 4 5] [1 2 3 4] [1 2 3] [1 2 3 4 5 6] [1 3] [1 2 4] [1 2 3 6] [1 2 3 4 5 8] [1 2 3 4 5 8 9] []
3 [2 4 8 12 18] [1 5] [1 3 5 6 7] [1 3 5 6 7 9] [1 3 5 6] [1] [1 3 5] [1 3] [1 6] [1 3 6] [1 3 5 6 7 9 10] [] []
4 [9 17] [1 2 3 4 5] [1 2 3 4] [1] [1 2 3] [1 2] [1 2 3 4 5 6] [1 3] [1 2 4] [1 2 3 6] [1 2 3 4 5 6 7 10] [1 2 3 4 5 7] [1 2 3 4 5 7 8]
5 [6 7 20] [1 2 3 4] [1] [1 2 3] [1 2] [1 2 3 4 5] [1 2 3 4 5 8] [1 3] [1 2 4] [1 2 3 10] [1 2 3 4 5 8 9] [] []
6 [3 4 8 12 13 17] [1] [1 2 5] [1 2] [1 2 5 6 7 9] [1 2 5 6] [1 2 5 6 7] [1 9] [1 2 6 9] [1 2 5 6 7 9 10] [] [] []
7 [2 6 10 16 17] [1] [1 3 4 5] [1 5] [1 4] [1 3 4 5 7] [1 3 4 5 7 8] [1 3] [1 3 4] [1 3 4 7] [] [] []
8 [1 2 5 8 10] [3] [3 4 6 7] [3 4 7] [3 4] [3 4 6 7 9] [3 4 6 7 15] [3 4 6] [3 4 6 7 9 11] [] [] [] []
9 [3 7 15] [1] [1 2] [1 2 4 5 6] [1 2 4 5] [1 2 4 5 6 8] [1 4] [1 2 4] [1 2 4 6] [1 2 4 5 6 8 9] [] [] []
10 [13 15 16 18] [1 2] [1 2 3 4 5] [1] [1 2 3 4] [1 2 3 4 5 6] [1 3] [1 2 4] [1 2 3 6] [1 2 3 4 5 6 7 10] [1 2 3] [1 2 3 4 5 7] [1 2 3 4 5 7 8]
11 [] [1 2] [1 3] [1] [1 2 3 4] [1 2 3 4 5] [1 2 3 4 5 6] [1 2 4] [1 2 3 6] [1 2 3 4 5 6 7 10] [1 2 3] [1 2 3 4 5 7] [1 2 3 4 5 7 8]
12 [11 14 19] [1 3] [1] [1 2 3 4] [1 2 3 4 5] [1 2 3 4 5 6] [1 2] [1 2 4] [1 2 3 6] [1 2 3 4 5 6 7 10] [1 2 3] [1 2 3 4 5 7] [1 2 3 4 5 7 8]
13 [3 5 10 17] [1] [1 2 4 6] [1 2 4 6 7 8] [1 2 4 6 7] [1 4] [1 2] [1 2 4] [1 2 4 7] [1 2 4 6 7 8 9] [] [] []
14 [6 7 8 14 15 17 20] [1 2 3 4] [1 2 3 4 5] [1] [1 2 3 4 5 9] [1 3] [1 2] [1 2 4] [1 2 3 10] [1 2 3] [1 2 3 4 5 9 10] [] []
15 [1 7 10 13 16] [2] [2 3 4 5 6] [2 3] [2 3 4 5] [2 4] [2 3 4] [2 3 4 5 15] [2 3 6] [2 3 4 5 6 8] [2 3 4 5 6 8 9] [] []
16 [3 5] [1] [1 4] [1 2 4 6 7] [1 2 4 6] [1 2] [1 2 4] [1 2 4 7] [1 2 4 6 7 10] [1 2 4 6 7 8] [1 2 4 6 7 8 9] [] []
17 [2 7 9 19 20] [1 3] [1 3 4 5] [1 5] [1] [1 3 4 5 6] [1 4] [1 3 4] [1 3 4 6] [1 3 4 5 6 8] [1 3 4 5 6 8 10] [] []
18 [7 12 13 19] [1 2 3 4] [1 2] [1] [1 2 3 4 5] [1 2 4] [1 3] [1 2 3 6] [1 2 3] [1 2 3 4 5 8] [1 2 3 4 5 8 9] [] []
19 [11 12 13 18] [1 2] [1] [1 2 3 4 5] [1 2 4] [1 3] [1 2 3 4] [1 2 3 6] [1 2 3 4 5 6 7 10] [1 2 3] [1 2 3 4 5 7] [1 2 3 4 5 7 8] []
20 [1 3 9 16 17] [2] [2 4 5 6 7] [2 4] [2 4 5 7] [2 4 5 6] [2 4 6] [2 4 5 6 7 10] [2 4 5] [2 4 5 6 7 8] [] [] []
21 [] [1 2 3 4 5] [1 2 4] [1] [1 2] [1 3] [1 2 3 4] [1 2 3 6] [1 2 3 4 5 6 7 10] [1 2 3] [1 2 3 4 5 7] [1 2 3 4 5 7 8] []
22 [] [1] [1 2] [1 3] [1 2 3 4 5] [1 2 4] [1 2 3 4] [1 2 3 6] [1 2 3 4 5 6 7 10] [1 2 3] [1 2 3 4 5 7] [1 2 3 4 5 7 8] []
23 [] [1 2] [1] [1 3] [1 2 3 4 5] [1 2 4] [1 2 3 4] [1 2 3 6] [1 2 3 4 5 6 7 10] [1 2 3] [1 2 3 4 5 7] [1 2 3 4 5 7 8] []
24 [] [1] [1 3] [1 2 3 4 5] [1 2 3 4 5 7 15] [1 2] [1 2 4] [1 2 3 4] [1 2 3 6] [1 2 3 4 5 6 7 10] [1 2 3] [1 2 3 4 5 7] [1 2 3 4 5 7 8]
25 [] [1 3] [1 2 3 4 5 7 15] [1] [1 2 3 4 5] [1 2] [1 2 4] [1 2 3 4] [1 2 3 6] [1 2 3 4 5 6 7 10] [1 2 3] [1 2 3 4 5 7] [1 2 3 4 5 7 8]
26 [] [1 2 3 4 5 7 15] [1 2 3 4] [1] [1 2 3 4 5] [1 2] [1 2 4] [1 2 3 6] [1 2 3 4 5 6 7 10] [1 2 3] [1 2 3 4 5 7] [1 2 3 4 5 7 8] []
27 [] [1 2 3 4] [1] [1 2 3 4 5] [1 2] [1 2 4] [1 2 3 6] [1 2 3 4 5 6 7 10] [1 2 3] [1 2 3 4 5 7] [1 2 3 4 5 7 8] [] []
28 [] [1] [1 2 3 4 5] [1 2] [1 2 4] [1 2 3 4] [1 2 3 6] [1 2 3 4 5 6 7 10] [1 2 3] [1 3] [1 2 3 4 5 7] [1 2 3 4 5 7 8] []
29 [] [1 2 3 4 5] [1 2] [1] [1 2 4] [1 2 3 4] [1 2 3 6] [1 2 3 4 5 6 7 10] [1 2 3] [1 3] [1 2 3 4 5 7] [1 2 3 4 5 7 8] []
30 [] [1] [1 2 4] [1 2 3 4] [1 2 3 6] [1 2 3 4 5 6 7 10] [1 2] [1 2 3] [1 2 3 4 5] [1 3] [1 2 3 4 5 7] [1 2 3 4 5 7 8] []
31 [] [1 2 4] [1 2 3 6] [1 2 3 4 5 6 7 10] [1 2] [1] [1 2 3] [1 2 3 4 5] [1 3] [1 2 3 4 5 7] [1 2 3 4 5 7 8] [1 2 3 4] []
32 [] [1 2 3 6] [1 2 3 4 5 6 7 10] [1 2] [1] [1 2 3] [1 2 3 4 5] [1 2 4] [1 3] [1 2 3 4 5 7] [1 2 3 4 5 7 8] [1 2 3 4] []
33 [] [1 2 3 4 5 6 7 10] [1 2] [1 2 3 4 5] [1] [1 2 3] [1 2 4] [1 3] [1 2 3 4 5 7] [1 2 3 4 5 7 8] [1 2 3 4] [] []
34 [] [1 2 3 4 5] [1] [1 2 3] [1 2 4] [1 2] [1 3] [1 2 3 4 5 7] [1 2 3 4 5 7 8] [1 2 3 4] [] [] []
35 [] [1] [1 2 4] [1 2] [1 3] [1 2 3 4 5 7] [1 2 3 4 5 7 8] [1 2 3 4 5] [1 2 3 4] [1 2 3] [] [] []
36 [] [1] [1 2 4] [1 2] [1 3] [1 2 3 4 5 7] [1 2 3 4 5 7 8] [1 2 3 4 5] [1 2 3 4] [1 2 3] [] [] []
37 [] [1] [1 2 4] [1 2] [1 3] [1 2 3 4 5 7] [1 2 3 4 5 7 8] [1 2 3 4 5] [1 2 3 4] [1 2 3] [] [] []
38 [] [1] [1 2 3 4] [1 2 4] [1 2] [1 3] [1 2 3 4 5 7] [1 2 3 4 5 7 8] [1 2 3 4 5] [1 2 3] [] [] []
39 [] [1 2 3 4] [1 2 4] [1] [1 2] [1 2 3 4 5 7] [1 2 3 4 5 7 8] [1 2 3 4 5] [1 2 3] [] [] [] []
40 [] [1] [1 2] [1 2 3 4 5 7] [1 2 3 4 5 7 8] [1 2 3 4 5] [1 2 3 4] [1 2 3] [] [] [] [] []
41 [] [1 2] [1] [1 2 3 4 5 7] [1 2 3 4 5 7 8] [1 2 3 4 5] [1 2 3 4] [1 2 3] [1 2 3 4 5 6] [] [] [] []
42 [] [1 2] [1 2 3 4 5] [1] [1 2 3 4 5 7] [1 2 3 4 5 7 8] [1 2 3 4] [1 2 3] [1 2 3 4 5 6] [] [] [] []
43 [] [1] [1 2 3 4 5 7] [1 2 3 4 5 7 8] [1 2 3 4 5] [1 2 3 4] [1 2 3] [1 2 3 4 5 6] [1 2] [] [] [] []
44 [] [1 2 3 4 5 7] [1 2 3 4 5] [1 2 3 4] [1] [1 2 3] [1 2 3 4 5 6] [1 2] [] [] [] [] []
45 [] [1 2 3 4 5] [1 2 3 4 5 7] [1 2 3 4] [1] [1 2 3] [1 2 3 4 5 6] [1 2] [] [] [] [] []
46 [] [1 2 3 4] [1] [1 2 3 4 5] [1 2 3] [1 2 3 4 5 6] [1 2] [] [] [] [] [] []
47 [] [1 2 3 4 5] [1 2 3] [1] [1 2 3 4 5 6] [1 2] [] [] [] [] [] [] []
48 [] [1 2 3] [1] [1 2 3 4 5 6] [1 2] [] [] [] [] [] [] [] []
49 [] [1 2 3 4 5 6] [1 2] [1] [] [] [] [] [] [] [] [] []
50 [] [1] [] [] [] [] [] [] [] [] [] [] []
51 [] [1] [] [] [] [] [] [] [] [] [] [] []
52 [] [1] [] [] [] [] [] [] [] [] [] [] []
