tech d1 d2 d3 d4 d5 d6 d7 d8 d9 d10 d11 d12 d13 d14 d15 dispo
1 2 3 3 3 2 2 3 3 3 3 2 2 2 2 2 [ ]
2 3 3 4 2 2 1 0 2 2 2 3 4 3 3 4 [ 19 25 ]
3 2 0 0 2 0 1 0 1 1 2 0 0 0 0 0 [ ]
4 0 1 0 0 1 2 0 0 1 1 0 0 0 0 0 [ ]
5 4 3 1 2 3 3 3 3 2 2 2 3 3 4 4 [ 11 ]
6 0 1 0 0 0 0 0 0 2 0 2 1 0 0 0 [ 28 ]
7 1 0 3 1 4 0 2 3 3 3 3 2 3 3 3 [ ]
8 3 2 0 3 1 3 3 3 3 2 3 3 3 4 4 [ 25 ]
9 2 1 1 0 0 2 0 1 0 0 0 0 0 0 0 [ 10 ]
10 4 0 4 3 3 3 4 3 0 3 2 3 3 2 2 [ ]
11 2 2 2 3 2 3 2 3 3 3 2 3 2 2 3 [ ]
12 0 2 3 2 2 3 3 3 3 2 2 2 3 2 3 [ 22 29 ]
13 0 4 3 4 2 3 0 4 2 4 3 3 3 2 3 [ 17 ]
14 2 3 2 3 0 2 3 3 3 3 3 2 3 3 3 [ 12 ]
15 2 2 0 1 2 2 0 0 2 0 0 1 0 0 0 [ ]
16 1 0 0 0 0 2 0 2 0 0 2 1 0 2 0 [ 1 29 30 ]
17 2 3 4 4 4 3 2 2 2 2 2 3 3 3 4 [ 1 13 ]
18 2 3 0 3 3 2 2 2 2 2 2 2 2 2 2 [ 25 ]
19 4 1 1 1 1 2 2 3 2 2 2 3 2 2 3 [ 26 30 ]
20 0 0 1 2 0 0 2 2 1 0 0 1 0 0 2 [ 20 25 ]
21 0 1 0 2 0 0 0 0 1 0 2 1 0 0 0 [ 7 23 ]
22 1 0 2 0 0 0 1 1 0 2 0 0 0 0 0 [ 7 ]
23 1 0 0 0 1 0 0 2 1 0 0 0 0 0 0 [ ]
24 2 2 1 4 3 1 3 3 4 3 3 3 2 2 3 [ 7 23 ]
25 2 2 0 0 2 1 0 0 0 0 0 0 0 0 0 [ ]
26 0 2 0 0 2 2 1 0 0 0 0 0 0 0 0 [ ]
27 2 2 2 3 1 4 3 2 4 2 3 2 2 3 2 [ 15 26 28 ]
28 3 2 0 2 3 2 2 3 2 2 3 3 3 2 3 [ 17 ]
29 2 1 3 3 2 2 2 2 3 2 3 2 2 3 3 [ ]
30 3 2 2 1 3 2 3 2 2 2 2 3 3 3 2 [ ]
31 2 0 0 2 2 2 3 2 2 2 3 2 2 3 2 [ 11 ]
32 3 2 0 2 3 3 3 2 3 2 3 3 2 2 2 [ 19 ]
33 3 0 0 3 3 2 3 2 3 3 3 3 3 3 3 [ ]
34 2 3 3 3 3 2 3 3 3 3 3 2 2 2 2 [ 9 ]
35 1 1 0 2 3 3 3 3 3 2 3 2 3 3 3 [ 11 15 ]
36 1 2 2 3 2 2 2 2 2 3 2 3 2 2 3 [ 12 ]
37 2 2 2 1 2 2 2 2 1 2 3 3 3 3 2 [ 15 16 ]
38 2 1 3 3 3 2 3 3 3 2 3 2 3 3 3 [ ]
39 2 3 2 0 3 2 3 2 2 2 2 3 3 2 2 [ ]
40 0 0 2 2 3 2 2 2 2 2 2 3 2 3 2 [ 29 ]
41 0 2 3 3 2 2 2 2 3 2 2 3 2 3 3 [ 10 ]
42 2 3 0 1 2 1 0 3 2 3 2 3 2 3 3 [ 7 21 ]
43 2 2 2 2 4 3 3 3 1 3 0 2 3 2 2 [ 5 23 ]
44 2 0 2 3 1 2 3 3 3 2 3 3 2 3 2 [ 2 18 22 ]
45 0 3 0 2 2 2 3 2 2 2 2 3 3 3 2 [ ]
46 2 3 3 2 2 2 3 2 2 3 2 2 3 2 2 [ 10 ]
47 2 0 2 3 1 3 2 3 3 3 2 2 3 3 2 [ ]
48 1 2 3 3 3 2 3 2 2 3 2 2 2 2 3 [ 13 ]
49 2 2 2 1 1 0 2 3 3 3 3 3 3 3 2 [ 21 29 ]
50 2 3 2 2 2 2 3 3 1 3 2 3 3 3 3 [ ]
51 4 3 2 3 2 2 3 3 2 3 4 3 3 4 4 [ 1 ]
52 2 4 4 2 0 3 2 3 2 2 3 4 3 4 3 [ 15 26 ]
53 2 0 2 2 2 3 3 2 2 2 4 4 3 3 3 [ 3 16 ]
54 1 3 0 3 2 3 2 3 3 3 4 3 4 4 3 [ 25 26 ]
55 3 2 1 3 2 3 3 2 2 2 3 3 3 2 3 [ 1 5 10 ]
56 4 3 1 0 2 3 2 3 1 2 1 3 3 4 4 [ ]
57 3 1 3 2 1 3 3 2 3 1 1 2 3 2 2 [ 10 16 ]
58 2 4 3 3 4 2 3 3 2 0 0 0 3 3 4 [ 4 6 13 20 ]
59 1 2 2 3 2 3 3 3 3 2 3 2 2 3 3 [ 11 17 ]
60 2 0 4 2 3 1 3 2 2 3 3 3 2 2 4 [ 6 ]
