interv day time team
1 81 0 1
2 1 0 1
3 41 0 1
4 42 0 1
5 24 30 8
6 82 0 1
7 83 0 1
8 84 0 1
9 85 0 1
10 86 0 1
11 2 0 1
12 198 0 1
13 199 0 1
14 2 30 2
15 200 0 1
16 87 0 1
17 88 0 1
18 89 0 1
19 201 0 1
20 202 0 1
21 105 60 5
22 24 60 4
23 90 0 1
24 91 0 1
25 200 30 3
26 43 0 1
27 44 0 1
28 45 0 1
29 46 0 1
30 47 0 1
31 69 90 3
32 91 60 2
33 48 0 1
34 92 0 1
35 93 0 1
36 94 0 1
37 95 0 1
38 96 0 1
39 2 90 1
40 203 0 1
41 204 0 1
42 200 60 5
43 91 90 4
44 49 0 1
45 50 0 1
46 51 0 1
47 52 0 1
48 53 0 1
49 205 0 1
50 3 0 1
51 48 60 3
52 54 0 1
53 55 0 1
54 56 0 1
55 57 0 1
56 58 0 1
57 206 0 1
58 207 0 1
59 205 60 3
60 96 60 2
61 59 0 1
62 205 90 4
63 59 30 2
64 207 30 2
65 3 30 2
66 97 0 1
67 97 60 2
68 98 0 1
69 60 0 1
70 208 0 1
71 209 0 1
72 210 0 1
73 211 0 1
74 60 60 2
75 3 60 1
76 207 60 1
77 212 0 1
78 207 90 5
79 96 90 6
80 61 0 1
81 62 0 1
82 4 0 1
83 5 0 1
84 6 0 1
85 7 0 1
86 8 0 1
87 9 0 1
88 63 0 1
89 64 0 1
90 65 0 1
91 66 0 1
92 67 0 1
93 68 0 1
94 10 0 1
95 213 0 1
96 214 0 1
97 215 0 1
98 216 0 1
99 217 0 1
100 218 0 1
101 10 60 2
102 11 0 1
103 219 0 1
104 99 0 1
105 100 0 1
106 219 30 2
107 219 60 3
108 11 60 2
109 12 0 1
110 220 0 1
111 221 0 1
112 13 0 1
113 14 0 1
114 15 0 1
115 16 0 1
116 3 90 9
117 69 0 1
118 70 0 1
119 71 0 1
120 98 60 3
121 17 0 1
122 18 0 1
123 19 0 1
124 20 0 1
125 21 0 1
126 22 0 1
127 59 90 8
128 101 0 1
129 102 0 1
130 103 0 1
131 104 0 1
132 19 30 3
133 222 0 1
134 69 60 3
135 19 60 4
136 222 30 2
137 223 0 1
138 224 0 1
139 225 0 1
140 226 0 1
141 105 0 1
142 23 0 1
143 227 0 1
144 24 0 1
145 228 0 1
146 229 0 1
147 230 0 1
148 72 0 1
149 73 0 1
150 231 0 1
151 232 0 1
152 233 0 1
153 234 0 1
154 235 0 1
155 236 0 1
156 106 0 1
157 107 0 1
158 108 0 1
159 109 0 1
160 110 0 1
161 111 0 1
162 237 0 1
163 238 0 1
164 239 0 1
165 240 0 1
166 241 0 1
167 242 0 1
168 243 0 1
169 244 0 1
170 25 0 1
171 26 0 1
172 27 0 1
173 28 0 1
174 29 0 1
175 245 0 1
176 246 0 1
177 112 0 1
178 113 0 1
179 114 0 1
180 115 0 1
181 116 0 1
182 74 0 1
183 75 0 1
184 76 0 1
185 77 0 1
186 78 0 1
187 79 0 1
188 117 0 1
189 118 0 1
190 119 0 1
191 120 0 1
192 121 0 1
193 122 0 1
194 30 0 1
195 31 0 1
196 32 0 1
197 33 0 1
198 34 0 1
199 35 0 1
200 36 0 1
201 37 0 1
202 38 0 1
203 247 0 1
204 248 0 1
205 249 0 1
206 39 0 1
207 250 0 1
208 251 0 1
209 80 0 1
210 40 0 1
211 252 0 1
212 253 0 1
213 254 0 1
214 255 0 1
215 256 0 1
216 257 0 1
217 258 0 1
218 259 0 1
219 260 0 1
220 261 0 1
221 262 0 1
222 263 0 1
223 264 0 1
224 265 0 1
225 266 0 1
226 123 0 1
227 124 0 1
228 125 0 1
229 126 0 1
230 127 0 1
231 128 0 1
232 129 0 1
233 130 0 1
234 131 0 1
235 132 0 1
236 133 0 1
237 134 0 1
238 135 0 1
239 136 0 1
240 137 0 1
241 138 0 1
242 139 0 1
243 140 0 1
244 141 0 1
245 142 0 1
246 143 0 1
247 144 0 1
248 145 0 1
249 146 0 1
250 147 0 1
251 148 0 1
252 149 0 1
253 150 0 1
254 151 0 1
255 152 0 1
256 153 0 1
257 154 0 1
258 155 0 1
259 156 0 1
260 157 0 1
261 158 0 1
262 159 0 1
263 160 0 1
264 161 0 1
265 162 0 1
266 163 0 1
267 164 0 1
268 165 0 1
269 166 0 1
270 167 0 1
271 168 0 1
272 169 0 1
273 170 0 1
274 171 0 1
275 172 0 1
276 173 0 1
277 174 0 1
278 175 0 1
279 176 0 1
280 177 0 1
281 178 0 1
282 179 0 1
283 180 0 1
284 181 0 1
285 182 0 1
286 183 0 1
287 184 0 1
288 185 0 1
289 186 0 1
290 187 0 1
291 188 0 1
292 189 0 1
293 190 0 1
294 191 0 1
295 192 0 1
296 193 0 1
297 194 0 1
298 195 0 1
299 196 0 1
300 197 0 1
