tech d1 d2 d3 d4 d5 d6 d7 d8 d9 d10 d11 d12 d13 d14 d15 d16 d17 d18 d19 d20 dispo
1 1 1 1 2 1 2 2 2 2 2 2 3 3 3 3 3 3 3 3 3 [ 7 9 18 29 ]
2 2 2 1 1 1 0 0 0 0 0 0 0 0 0 0 0 0 0 0 0 [ ]
3 0 0 0 0 1 0 0 2 2 2 0 1 0 0 0 0 0 0 0 0 [ 23 ]
4 0 2 1 1 0 0 1 2 0 0 0 0 0 0 0 0 0 0 0 0 [ 10 ]
5 3 0 1 1 0 1 2 0 1 0 0 1 2 0 2 1 1 1 1 1 [ 2 14 15 29 ]
6 2 3 2 1 2 2 0 2 0 1 1 2 2 2 2 2 2 0 0 2 [ 2 8 9 17 19 30 ]
7 1 1 2 2 3 2 1 1 2 2 2 2 3 3 3 3 3 3 3 3 [ 10 21 ]
8 1 2 0 1 0 0 1 1 1 0 1 2 1 1 1 1 1 2 1 3 [ 3 15 18 30 ]
9 2 1 0 2 0 1 2 0 2 0 1 1 1 1 1 2 1 0 1 2 [ 3 19 21 30 ]
10 1 2 2 1 0 0 1 0 0 0 0 1 0 1 1 2 0 0 2 2 [ 1 5 16 18 ]
11 1 1 1 2 2 2 2 2 3 3 3 3 3 3 3 3 3 3 3 3 [ 12 18 26 ]
12 2 1 1 1 3 3 3 3 3 3 3 3 3 3 3 3 3 3 3 3 [ 15 26 29 ]
13 2 1 2 1 2 1 1 3 3 3 3 3 3 3 3 3 3 3 3 3 [ 15 23 29 ]
14 1 2 1 2 0 0 0 0 0 0 0 0 0 0 0 0 0 0 0 0 [ 7 16 ]
15 2 3 1 0 0 2 1 1 2 0 2 2 2 1 2 0 0 1 0 0 [ 28 ]
16 2 3 2 2 2 1 2 3 1 1 2 2 1 2 3 3 3 3 3 3 [ 18 24 25 ]
17 1 1 0 1 1 1 0 0 0 0 0 0 0 0 0 0 0 0 0 0 [ 10 18 22 ]
18 1 1 1 0 1 0 2 2 1 0 0 1 1 2 1 2 0 0 1 2 [ 15 25 ]
19 3 2 2 0 0 0 0 1 1 2 2 1 2 2 2 2 1 1 2 2 [ 8 11 16 21 ]
20 1 3 0 1 0 1 2 2 0 1 0 2 1 2 1 2 0 1 1 0 [ 3 7 27 ]
21 2 2 1 1 3 0 0 0 1 2 2 2 0 2 2 1 1 1 0 2 [ 12 ]
22 0 1 2 1 1 1 1 2 1 2 1 0 2 0 2 1 1 0 0 1 [ 23 30 ]
23 0 1 3 3 0 1 2 2 2 1 2 0 2 2 1 2 1 1 1 3 [ 8 ]
24 1 1 1 0 1 1 1 0 1 2 1 0 0 1 0 2 2 0 2 2 [ 1 2 16 27 ]
25 0 1 2 1 0 1 1 0 1 0 1 2 0 1 1 1 0 1 0 2 [ 1 21 ]
26 1 0 0 0 0 0 2 1 1 1 2 1 0 2 1 1 1 1 1 1 [ 4 15 ]
27 2 2 1 0 0 0 0 0 1 2 0 2 2 0 0 0 1 0 0 0 [ 8 9 ]
28 1 2 1 1 2 1 1 0 1 2 1 0 0 0 0 0 0 0 0 3 [ 8 9 21 ]
29 1 3 1 1 1 0 0 2 1 2 0 1 2 2 1 1 2 0 2 1 [ 3 ]
30 1 0 2 1 1 1 0 0 0 1 0 0 1 2 2 2 2 0 2 0 [ 1 19 ]
31 1 2 1 2 0 1 1 1 0 2 1 2 0 0 2 0 2 1 0 2 [ 2 3 5 7 19 27 ]
32 2 3 1 2 1 0 0 1 1 2 1 1 1 1 1 1 1 1 2 2 [ 13 28 ]
33 3 1 1 1 1 0 0 0 1 1 1 1 0 1 2 1 1 2 0 0 [ 19 23 30 ]
34 1 3 1 3 1 0 1 0 1 0 0 0 1 1 2 2 2 2 1 2 [ 10 12 13 21 ]
35 2 1 1 1 2 0 0 2 0 2 1 0 0 2 0 1 2 2 3 2 [ 2 ]
36 1 2 3 0 1 0 1 2 1 1 0 2 0 2 0 0 2 1 1 1 [ 10 15 17 20 ]
37 1 1 0 2 1 1 2 1 1 0 1 2 0 0 0 0 0 1 0 2 [ ]
38 1 0 1 0 2 1 1 1 0 0 1 0 0 1 2 2 1 2 3 1 [ ]
39 1 3 1 2 1 1 2 0 1 2 0 2 1 2 0 2 2 0 0 0 [ 8 11 14 20 30 ]
40 0 1 1 3 2 3 0 0 1 0 1 1 2 2 2 1 0 1 0 2 [ 21 ]
41 1 3 1 1 1 0 2 2 1 0 2 2 2 0 2 0 0 0 0 0 [ 4 8 24 29 ]
42 3 3 1 2 1 1 3 3 3 3 3 3 3 3 3 3 3 3 3 3 [ 1 4 20 28 29 ]
43 2 3 3 3 2 3 1 2 2 3 2 1 1 1 3 3 3 3 3 3 [ 1 8 11 15 ]
44 2 1 2 1 1 1 2 3 3 3 3 3 3 3 3 3 3 3 3 3 [ 9 13 14 19 20 ]
45 2 2 1 2 1 1 3 3 3 3 3 3 3 3 3 3 3 3 3 3 [ 7 20 ]
46 1 1 3 3 3 3 1 2 2 2 2 2 2 2 2 3 3 3 3 3 [ 1 ]
47 3 1 2 2 1 1 3 3 3 3 3 3 3 3 3 3 3 3 3 3 [ 5 15 25 ]
48 1 3 2 1 1 2 2 2 2 2 2 3 3 3 3 3 3 3 3 3 [ 16 28 ]
49 1 1 3 2 3 2 1 2 3 3 3 3 3 3 3 3 3 3 3 3 [ 4 6 11 25 28 30 ]
50 1 3 1 3 1 3 2 3 1 2 2 2 2 2 2 2 3 3 3 3 [ 20 26 ]
