interv day time team
1 84 45 3
2 84 60 4
3 29 0 1
4 1 0 1
5 28 75 2
6 84 75 5
7 1 15 1
8 84 90 5
9 28 90 4
10 29 60 2
11 84 105 5
12 54 60 2
13 55 0 1
14 56 0 1
15 56 60 2
16 51 90 9
17 30 0 1
18 51 105 10
19 85 0 1
20 56 75 3
21 28 105 3
22 85 60 2
23 85 75 3
24 1 75 2
25 86 0 1
26 86 60 2
27 2 0 1
28 56 90 4
29 30 60 2
30 56 105 5
31 2 60 2
32 1 90 5
33 1 105 6
34 3 0 1
35 3 15 2
36 3 30 3
37 3 45 4
38 31 0 1
39 85 90 1
40 57 0 1
41 3 60 1
42 4 0 1
43 58 0 1
44 85 105 5
45 87 0 1
46 87 15 2
47 87 30 3
48 58 15 2
49 30 75 4
50 87 45 2
51 87 60 4
52 58 75 3
53 87 75 3
54 88 0 1
55 59 0 1
56 60 0 1
57 30 90 4
58 30 105 5
59 61 0 1
60 31 60 2
61 32 0 1
62 58 90 6
63 31 75 4
64 31 90 5
65 4 15 2
66 4 30 3
67 32 60 2
68 4 90 4
69 61 60 2
70 31 105 7
71 33 0 1
72 33 15 2
73 87 90 5
74 87 105 6
75 4 105 5
76 5 0 1
77 88 60 1
78 88 75 1
79 5 15 2
80 5 30 3
81 34 0 1
82 88 90 2
83 35 0 1
84 36 0 1
85 62 0 1
86 89 0 1
87 58 105 8
88 33 75 4
89 34 60 1
90 5 45 4
91 62 60 2
92 88 105 4
93 89 60 2
94 6 0 1
95 7 0 1
96 33 90 5
97 90 0 1
98 5 105 6
99 33 105 3
100 89 75 3
101 63 0 1
102 89 90 4
103 89 105 2
104 62 75 4
105 63 60 2
106 90 60 2
107 62 90 5
108 64 0 1
109 8 0 1
110 8 15 2
111 8 30 3
112 8 45 2
113 8 60 1
114 90 75 3
115 9 0 1
116 62 105 7
117 64 60 2
118 64 75 2
119 90 90 4
120 10 0 1
121 64 90 3
122 8 75 5
123 91 0 1
124 90 105 3
125 64 105 4
126 65 0 1
127 66 0 1
128 8 90 6
129 37 0 1
130 67 0 1
131 67 15 2
132 92 0 1
133 8 105 1
134 91 60 3
135 93 0 1
136 93 15 2
137 37 15 2
138 37 30 3
139 37 90 3
140 67 30 3
141 37 105 4
142 67 45 4
143 68 0 1
144 93 30 3
145 9 60 1
146 38 0 1
147 9 75 3
148 67 105 5
149 9 90 4
150 68 60 2
151 93 45 4
152 94 0 1
153 9 105 5
154 11 0 1
155 68 75 3
156 69 0 1
157 69 60 2
158 69 75 3
159 93 60 5
160 93 75 4
161 38 15 2
162 11 60 2
163 95 0 1
164 11 75 3
165 11 90 4
166 70 0 1
167 11 105 5
168 38 75 3
169 68 90 6
170 68 105 1
171 38 90 3
172 69 90 5
173 70 60 2
174 38 105 2
175 39 0 1
176 39 15 2
177 71 0 1
178 69 105 8
179 39 30 1
180 40 0 1
181 12 0 1
182 72 0 1
183 41 0 1
184 42 0 1
185 71 60 2
186 71 75 3
187 39 90 4
188 39 105 5
189 71 90 4
190 40 60 1
191 40 75 3
192 71 105 5
193 95 60 2
194 96 0 1
195 12 60 2
196 12 75 3
197 12 90 4
198 93 90 6
199 13 0 1
200 73 0 1
201 73 15 2
202 96 15 2
203 12 105 6
204 13 60 2
205 73 75 3
206 40 90 4
207 14 0 1
208 93 105 7
209 97 0 1
210 73 90 4
211 97 60 2
212 14 15 2
213 14 30 3
214 14 45 4
215 40 105 5
216 14 60 5
217 43 0 1
218 43 15 2
219 15 0 1
220 73 105 5
221 43 30 3
222 15 60 2
223 14 75 5
224 96 75 1
225 43 45 4
226 16 0 1
227 98 0 1
228 43 60 5
229 74 0 1
230 14 90 7
231 43 75 6
232 43 90 7
233 14 105 6
234 96 90 4
235 74 15 2
236 74 30 2
237 74 90 2
238 43 105 4
239 74 105 3
240 75 0 1
241 96 105 5
242 16 60 2
243 98 60 2
244 75 15 2
245 44 0 1
246 17 0 1
247 17 15 2
248 17 30 3
249 99 0 1
250 17 45 4
251 75 30 3
252 76 0 1
253 99 15 1
254 75 45 4
255 44 60 2
256 75 105 5
257 44 75 3
258 99 30 2
259 77 0 1
260 17 60 5
261 44 90 4
262 99 45 3
263 99 60 2
264 77 15 2
265 99 75 2
266 99 90 4
267 18 0 1
268 77 30 3
269 100 0 1
270 77 45 4
271 18 15 2
272 44 105 5
273 18 30 3
274 99 105 6
275 45 0 1
276 77 60 5
277 77 75 4
278 18 45 4
279 46 0 1
280 77 90 6
281 18 60 5
282 100 60 2
283 101 0 1
284 101 15 2
285 46 60 1
286 46 75 2
287 102 0 1
288 103 0 1
289 104 0 1
290 19 0 1
291 78 0 1
292 18 75 6
293 77 105 7
294 78 60 2
295 19 60 2
296 18 90 1
297 46 90 2
298 20 0 1
299 101 30 4
300 18 105 8
301 20 60 2
302 46 105 3
303 20 75 2
304 101 45 5
305 101 60 6
306 104 15 2
307 47 0 1
308 79 0 1
309 105 0 1
310 106 0 1
311 47 15 2
312 47 30 3
313 21 0 1
314 101 75 7
315 48 0 1
316 49 0 1
317 50 0 1
318 107 0 1
319 108 0 1
320 101 90 7
321 21 60 2
322 20 90 4
323 20 105 2
324 109 0 1
325 101 105 10
326 79 60 2
327 104 75 6
328 79 75 3
329 22 0 1
330 79 90 2
331 47 90 1
332 47 105 1
333 22 15 2
334 80 0 1
335 80 60 2
336 81 0 1
337 104 90 4
338 108 15 3
339 79 105 2
340 22 30 3
341 110 0 1
342 81 60 2
343 81 75 3
344 104 105 6
345 108 75 5
346 81 90 1
347 81 105 4
348 82 0 1
349 110 60 1
350 22 90 4
351 22 105 5
352 50 60 2
353 51 0 1
354 108 90 5
355 82 15 2
356 23 0 1
357 23 15 2
358 23 30 3
359 23 45 4
360 24 0 1
361 82 30 2
362 51 15 2
363 24 60 2
364 51 30 3
365 23 105 1
366 25 0 1
367 82 45 3
368 82 60 4
369 83 0 1
370 26 0 1
371 108 105 6
372 25 15 3
373 51 45 4
374 111 0 1
375 83 60 2
376 111 60 2
377 25 30 4
378 51 60 5
379 25 45 5
380 52 0 1
381 53 0 1
382 25 105 6
383 112 0 1
384 84 0 1
385 112 15 2
386 27 0 1
387 27 15 2
388 27 30 3
389 112 30 3
390 113 0 1
391 27 45 1
392 27 105 4
393 54 0 1
394 28 0 1
395 84 15 2
396 112 90 5
397 84 30 1
398 113 60 2
399 28 15 2
400 51 75 4
