day not_working team1 team2 team3 team4 team5 team6 team7 team8 team9 team10 team11 team12 team13 team14 team15 team16 team17 team18 team19 team20 team21 team22 team23 team24 team25 team26 team27 team28 team29 team30 team31 team32 team33 team34 team35 team36 team37 team38 team39 team40 team41 team42 team43 team44 team45 team46
1 [13] [1 2 3 4 5] [2 3 4 5 6] [1 2] [1 2 3 4 5 6] [1 2 3 4 5 6 7 8] [1 2 3 4 6] [1 2 3 4] [2 3] [1 2 3 4 6 7] [1 2 3 4 5 6 8] [1 2 3] [1 2 3 4 8 15] [2] [2 3 4] [1 2 3 4 6 7 8] [1 2 3 4 5 8] [1] [1 3] [1 2 3 4 5 6 7] [1 2 3 4 5 6 7 8 15 24] [1 2 3 4 5 6 7 18] [1 2 3 4 6 7 8 18] [1 2 3 4 5 6 7 8 15] [1 2 3 4 7] [2 3 4 5] [2 3 4 5 6 8] [1 2 3 4 5 6 7 11] [1 2 3 4 5 6 8 15] [1 2 3 4 5 8 15] [1 2 3 8] [1 2 7] [1 2 3 4 5 6 8 15 24] [] [] [] [] [] [] [] [] [] [] [] [] [] []
2 [] [1 2] [1 2 3 4 5 6] [1 2 3 4] [2 3] [1 2 3 4 5] [1 2 3 4 6 7] [1 2 3 4 5 6 8] [1 2 3] [1 2 3 4 5 6 7 8] [1 2 3 4 8 15] [2] [2 3 4] [2 3 4 5 6] [1 2 3 4 6 7 8] [1 2 3 4 5 8] [1 2 3 4 6] [1] [1 3] [1 2 3 4 5 6 7] [1 2 3 4 5 6 7 8 15 24] [1 2 3 4 5 6 7 18] [1 2 3 4 6 7 8 18] [1 2 3 4 5 6 7 8 15] [1 2 3 4 7] [2 3 4 5] [2 3 4 5 6 8] [1 2 3 4 5 6 7 11] [1 2 3 4 5 6 8 15] [1 2 3 4 5 8 15] [1 2 3 8] [1 2 7] [1 2 3 4 5 6 8 15 24] [] [] [] [] [] [] [] [] [] [] [] [] [] []
3 [] [1 2 3 4 5 6] [1 2 3 4] [2 3] [1 2 3 4 5] [1 2 3 4 6 7] [1 2 3 4 5 6 8] [1 2 3] [1 2 3 4 5 6 7 8] [1 2 3 4 8 15] [2] [2 3 4] [1 2] [2 3 4 5 6] [1 2 3 4 6 7 8] [1 2 3 4 5 8] [1 2 3 4 6] [1] [1 3] [1 2 3 4 5 6 7] [1 2 3 4 5 6 7 8 15 24] [1 2 3 4 5 6 7 18] [1 2 3 4 6 7 8 18] [1 2 3 4 5 6 7 8 15] [1 2 3 4 7] [2 3 4 5] [2 3 4 5 6 8] [1 2 3 4 5 6 7 11] [1 2 3 4 5 6 8 15] [1 2 3 4 5 8 15] [1 2 3 8] [1 2 7] [1 2 3 4 5 6 8 15 24] [] [] [] [] [] [] [] [] [] [] [] [] [] []
4 [] [1 2 3 4] [1 2 3 4 5] [1 2 3 4 6 7] [1 2 3 4 5 6 8] [1 2 3] [1 2 3 4 5 6 7 8] [1 2 3 4 8 15] [2] [2 3 4] [1 2] [2 3 4 5 6] [1 2 3 4 6 7 8] [1 2 3 4 5 6] [1 2 3 4 5 8] [1 2 3 4 6] [1] [1 3] [1 2 3 4 5 6 7] [1 2 3 4 5 6 7 8 15 24] [1 2 3 4 5 6 7 18] [1 2 3 4 6 7 8 18] [2 3] [1 2 3 4 5 6 7 8 15] [1 2 3 4 7] [2 3 4 5] [2 3 4 5 6 8] [1 2 3 4 5 6 7 11] [1 2 3 4 5 6 8 15] [1 2 3 4 5 8 15] [1 2 3 8] [1 2 7] [1 2 3 4 5 6 8 15 24] [] [] [] [] [] [] [] [] [] [] [] [] [] []
5 [] [1 2 3 4 5 6 7 8] [1 2 3 4 5] [1 2 3 4 8 15] [1 2 3 4] [2] [2 3 4] [1 2 3] [1 2 3 4 6 7] [1 2] [2 3 4 5 6] [1 2 3 4 6 7 8] [1 2 3 4 5 6] [1 2 3 4 5 8] [1 2 3 4 6] [1] [1 3] [1 2 3 4 5 6 7] [1 2 3 4 5 6 7 8 15 24] [1 2 3 4 5 6 7 18] [1 2 3 4 6 7 8 18] [1 2 3 4 5 6 8] [2 3] [1 2 3 4 5 6 7 8 15] [1 2 3 4 7] [2 3 4 5] [2 3 4 5 6 8] [1 2 3 4 5 6 7 11] [1 2 3 4 5 6 8 15] [1 2 3 4 5 8 15] [1 2 3 8] [1 2 7] [1 2 3 4 5 6 8 15 24] [] [] [] [] [] [] [] [] [] [] [] [] [] []
6 [] [2] [1 2 3] [1 2 3 4 5] [1 2 3 4 6 7] [1 2 3 4] [1 2] [2 3 4 5 6] [1 2 3 4 6 7 8] [1 2 3 4 5 6] [1 2 3 4 5 8] [1 2 3 4 6] [1] [1 3] [1 2 3 4 5 6 7] [2 3 4] [1 2 3 4 5 6 7 8 15 24] [1 2 3 4 5 6 7 18] [1 2 3 4 6 7 8 18] [1 2 3 4 5 6 8] [2 3] [1 2 3 4 5 6 7 8 15] [1 2 3 4 7] [2 3 4 5] [1 2 3 4 5 6 7 8] [2 3 4 5 6 8] [1 2 3 4 5 6 7 11] [1 2 3 4 5 6 8 15] [1 2 3 4 5 8 15] [1 2 3 8] [1 2 7] [1 2 3 4 5 6 8 15 24] [] [] [] [] [] [] [] [] [] [] [] [] [] [] []
7 [] [2] [1 2 3] [1 2 3 4 5] [1 2 3 4 6 7] [1 2 3 4] [1 2] [2 3 4 5 6] [1 2 3 4 6 7 8] [1 2 3 4 5 6] [1 2 3 4 5 8] [1 2 3 4 6] [1] [1 3] [1 2 3 4 5 6 7] [2 3 4] [1 2 3 4 5 6 7 8 15 24] [1 2 3 4 5 6 7 18] [1 2 3 4 6 7 8 18] [1 2 3 4 5 6 8] [2 3] [1 2 3 4 5 6 7 8 15] [1 2 3 4 7] [2 3 4 5] [1 2 3 4 5 6 7 8] [2 3 4 5 6 8] [1 2 3 4 5 6 7 11] [1 2 3 4 5 6 8 15] [1 2 3 4 5 8 15] [1 2 3 8] [1 2 7] [1 2 3 4 5 6 8 15 24] [] [] [] [] [] [] [] [] [] [] [] [] [] [] []
8 [7] [1 2 3] [1 2 3 4 5] [1 2 3 4 6 8] [1 2 3 4] [1 2] [2 3 4 5 6] [1 2 3 4 6 8 11] [1 2 3 4 5 6] [1 2 3 4 5 8] [1 2 3 4 6] [1] [2] [1 3] [1 2 3 4 5 6 8 11] [2 3 4] [1 2 3 4 5 6 11] [1 2 3 4 5 6 8 15 24] [1 2 3 4 5 6 8 16] [1 2 3 4 5 6 11 18 19] [1 2 3 4 6 8 11 18 19] [1 2 3 4 5 6 8] [2 3] [1 2 3 4 5 6 8 15] [1 2 3 4 6 8 16] [1 2 3 4 18] [2 3 4 5] [1 2 3 4 5 6 8 18] [2 3 4 5 6 8] [1 2 3 4 5 6 11 17] [1 2 3 4 5 8 15] [1 2 3 8] [1 2 3 4 5 6 11 17 18] [1 2 18] [] [] [] [] [] [] [] [] [] [] [] [] []
9 [13 38] [1 2 3 4] [1 2] [1 2 3 4 6 7 8] [1 2 3] [1 2 3 4 5 6] [2 3 4 5 6] [1 2 3 4 5] [1 2 3 4 5 8] [1 2 3 4 6] [1] [2] [1 3] [1 2 3 4 5 6 7] [2 3 4] [1 2 3 4 6 7] [1 2 3 4 5 6 7 8 15 24] [1 2 3 4 5 6 7 18] [1 2 3 4 6 7 8 18] [1 2 3 4 5 6 8] [2 3] [1 2 3 4 5 6 7 8 15] [1 2 3 4 7] [2 3 4 5] [1 2 3 4 5 6 7 8] [2 3 4 5 6 8] [1 2 3 4 5 6 7 11] [1 2 3 4 5 6 8 15] [1 2 3 4 5 8 15] [1 2 3 8] [1 2 7] [1 2 3 4 5 6 8 15 24] [] [] [] [] [] [] [] [] [] [] [] [] [] [] []
10 [] [1 2] [1 2 3 4 5 6] [2 3 4 5 6] [1 2 3 4 5] [1 2 3 4 5 8] [1 2 3 4 6] [1 2 3 4] [1 2 3] [1] [2] [1 3] [1 2 3 4 5 6 7] [2 3 4] [1 2 3 4 6 7] [1 2 3 4 5 6 7 8 15 24] [1 2 3 4 5 6 7 18] [1 2 3 4 6 7 8 18] [1 2 3 4 5 6 8] [2 3] [1 2 3 4 5 6 7 8 15] [1 2 3 4 7] [2 3 4 5] [1 2 3 4 5 6 7 8] [2 3 4 5 6 8] [1 2 3 4 6 7 8] [1 2 3 4 5 6 7 11] [1 2 3 4 5 6 8 15] [1 2 3 4 5 8 15] [1 2 3 8] [1 2 7] [1 2 3 4 5 6 8 15 24] [] [] [] [] [] [] [] [] [] [] [] [] [] [] []
11 [12 30] [1 2 3 4 5 6] [2 3 4 5 6] [1 2 3 4 5] [1 2 3 4] [1 2] [1 2 3 4 5 8] [1 2 3 4 6] [1 2 3] [1] [2] [1 3] [1 2 3 4 5 6 7] [2 3 4] [1 2 3 4 6 7] [1 2 3 4 5 6 7 8 15 24] [1 2 3 4 5 6 7 18] [1 2 3 4 6 7 8 18] [1 2 3 4 5 6 8] [2 3] [1 2 3 4 5 6 7 8 15] [1 2 3 4 7] [2 3 4 5] [1 2 3 4 5 6 7 8] [2 3 4 5 6 8] [1 2 3 4 6 7 8] [1 2 3 4 5 6 7 11] [1 2 3 4 5 6 8 15] [1 2 3 4 5 8 15] [1 2 3 8] [1 2 7] [1 2 3 4 5 6 8 15 24] [] [] [] [] [] [] [] [] [] [] [] [] [] [] []
12 [] [1 2 3 4 5 8] [1 2 3 4 6] [1 2 3 4 5 6] [1 2 3 4] [1 2 3] [1] [2] [1 3] [1 2 3 4 5 6 7] [1 2 3 4 5] [2 3 4] [1 2] [1 2 3 4 6 7] [2 3 4 5 6] [1 2 3 4 5 6 7 8 15 24] [1 2 3 4 5 6 7 18] [1 2 3 4 6 7 8 18] [1 2 3 4 5 6 8] [2 3] [1 2 3 4 5 6 7 8 15] [1 2 3 4 7] [2 3 4 5] [1 2 3 4 5 6 7 8] [2 3 4 5 6 8] [1 2 3 4 6 7 8] [1 2 3 4 5 6 7 11] [1 2 3 4 5 6 8 15] [1 2 3 4 5 8 15] [1 2 3 8] [1 2 7] [1 2 3 4 5 6 8 15 24] [] [] [] [] [] [] [] [] [] [] [] [] [] [] []
13 [2] [1 3 4] [1 3 4 6] [3] [1 3] [1 3 4 5 6 7] [1 3 4 5 6] [3 4 5] [1 3 4 5 6 7 8] [1 3 4 5 6 8 15] [1 3 4 6 7] [1 3 7] [1 3 4 5 6 7 8 11] [1 3 4 5] [3 4 5 6 7] [1 3 4 5 6 7 8 15 24 26] [1] [1 3 4 5 6 7 8 11 18 19] [1 3 4 5 6 7 8 18 19] [1 3 4 5 6 8] [1 3 4 7] [1 3 4 5 6 7 8 15] [3 4] [1 3 4 5 6 7 8 11 15 24] [1 3 4 7 8 18] [3 4 5 6] [1 3 8] [1 3 4 5 6 7 8 15 24] [1 3 4 7 18] [1 3 4 5 6 7 8 15 18] [3 4 5 6 7 8 11] [3 4 5 6 7 8] [1 3 4 6 7 8] [1 3 4 8] [1 3 4 5 6 7 11 17] [1 7] [3 4 8] [1 3 4 8 15] [1 3 4 5 6 7 11 17 18] [1 3 4 5 8] [1 3 7 18] [3 4 5 6 7 8 15] [1 3 4 5 6 8 15 24 26] [1 3 4 5 7 18] [3 4 5 6 8] [3 8] [1 3 4 5 7]
14 [1] [2] [2 3] [2 3 4 5 6 7] [2 3 4 5] [2 3 4] [2 3 4 5 6] [2 3 4 5 6 8] [2 3 4 5 8] [2 3 4 6 7] [2 3 4 5 6 7 8 11] [2 3 4 6] [2 3 4 5 6 7 8 15 24] [2 3 4 5 6 7 8 11 18] [2 3 4 5 6 7 8 18] [2 3 4 5 6 7 8 15] [2 3 4 7] [2 3 4 5 6 7 8] [2 3 4 6 7 8] [2 3 4 5 6 7 11 17] [2 3 4 5 6 8 15] [2 3 8] [2 3 7] [2 3 4 5 6 8 15 24] [2 3 4 5 7] [2 3 4 5 6 7 11] [] [] [] [] [] [] [] [] [] [] [] [] [] [] [] [] [] [] [] [] []
15 [15] [1 2 3 4] [1 2 3 4 5] [1 2] [1 2 3 4 5 8] [1 2 3 4 6] [1 2 3 4 5 6] [1 2 3] [1 2 3 4 5 6 7] [1 2 3 4 6 7] [1 3] [2 3 4 5 6] [2] [1 2 3 4 5 6 7 8 24 26] [1] [1 2 3 4 5 6 7 18] [1 2 3 4 6 7 8 18] [1 2 3 4 5 6 8] [2 3] [1 2 3 4 5 6 7 8 24] [1 2 3 4 7] [2 3 4 5] [1 2 3 4 5 6 7 8] [2 3 4 5 6 8] [1 2 3 4 6 7 8] [1 2 3 4 5 6 7 11] [1 2 3 4 5 6 8 24] [1 2 3 4 5 8 24] [1 2 3 8] [1 2 7] [1 2 3 4 5 6 8 24 26] [2 3 4] [] [] [] [] [] [] [] [] [] [] [] [] [] [] []
16 [24] [1 2 3 4 5] [1 2] [1 2 3 4 5 8] [1 2 3 4 6] [1 2 3 4 5 6] [1 2 3] [1 2 3 4 5 6 7] [1 2 3 4 6 7] [1 2 3 4] [1 3] [2 3 4 5 6] [2] [1 2 3 4 5 6 7 8 15 26] [1] [1 2 3 4 5 6 7 18] [1 2 3 4 6 7 8 18] [1 2 3 4 5 6 8] [2 3] [1 2 3 4 5 6 7 8 15] [1 2 3 4 7] [2 3 4 5] [1 2 3 4 5 6 7 8] [2 3 4 5 6 8] [1 2 3 4 6 7 8] [1 2 3 4 5 6 7 11] [1 2 3 4 5 6 8 15] [1 2 3 4 5 8 15] [1 2 3 8] [1 2 7] [1 2 3 4 5 6 8 15 26] [2 3 4] [] [] [] [] [] [] [] [] [] [] [] [] [] [] []
17 [21] [1 2 3 4 5 8] [1 2 3 4 6] [1 2 3 4 5 6] [1 2] [1 2 3] [1 2 3 4 5] [1 2 3 4 5 6 7] [1 2 3 4 6 7] [1 2 3 4] [1 3] [2 3 4 5 6] [2] [1 2 3 4 5 6 7 8 15 24] [1] [1 2 3 4 5 6 7 18] [1 2 3 4 6 7 8 18] [1 2 3 4 5 6 8] [2 3] [1 2 3 4 5 6 7 8 15] [1 2 3 4 7] [2 3 4 5] [1 2 3 4 5 6 7 8] [2 3 4 5 6 8] [1 2 3 4 6 7 8] [1 2 3 4 5 6 7 11] [1 2 3 4 5 6 8 15] [1 2 3 4 5 8 15] [1 2 3 8] [1 2 7] [1 2 3 4 5 6 8 15 24] [2 3 4] [] [] [] [] [] [] [] [] [] [] [] [] [] [] []
18 [10 14] [1 2 3 4 5] [1 2 3 4 5 6 7] [1 2 3 4 6 7] [1 2 3 4] [1 2 3] [1 3] [2 3 4 5 6] [1 2 3 4 5 6] [1 2] [2] [1 2 3 4 6] [1 2 3 4 5 6 7 8 15 24] [1] [1 2 3 4 5 6 7 18] [1 2 3 4 6 7 8 18] [1 2 3 4 5 6 8] [2 3] [1 2 3 4 5 6 7 8 15] [1 2 3 4 7] [2 3 4 5] [1 2 3 4 5 6 7 8] [2 3 4 5 6 8] [1 2 3 4 6 7 8] [1 2 3 4 5 6 7 11] [1 2 3 4 5 6 8 15] [1 2 3 4 5 8 15] [1 2 3 8] [1 2 7] [1 2 3 4 5 6 8 15 24] [2 3 4] [] [] [] [] [] [] [] [] [] [] [] [] [] [] [] []
19 [6] [1 2 3 4] [2 3 4 5 7] [1 2 3 4 5] [1 2] [2] [1 2 3 4 5 7] [1 2 3] [1 2 3 4 7] [1 2 3 4 5 7 8 15 24] [1] [1 2 3 4 5 7 8 16] [1 2 3 4 5 7 18] [1 2 3 4 7 8 11 18] [1 2 3 4 5 7 8] [2 3] [1 3] [1 2 3 4 5 7 8 15] [1 2 3 4 7 8 16] [2 3 4 5] [2 3 4 5 7 8] [1 2 3 4 7 8] [1 2 3 4 7 8 11] [1 2 3 4 5 7 11] [1 2 3 4 5 8 15] [1 2 3 8] [1 2 7] [2 3 4] [] [] [] [] [] [] [] [] [] [] [] [] [] [] [] [] [] [] []
20 [] [1 2 3 4 5] [1 2] [2] [1 2 3 4 5 6] [1 2 3] [1 2 3 4 6] [1 2 3 4] [1 2 3 4 5 6 7 8 15 24] [1] [1 2 3 4 5 6 7] [1 2 3 4 5 6 7 18] [1 2 3 4 6 7 8 18] [1 2 3 4 5 6 8] [2 3] [1 3] [1 2 3 4 5 6 7 8 15] [1 2 3 4 6 7] [1 2 3 4 7] [2 3 4 5] [1 2 3 4 5 6 7 8] [2 3 4 5 6 8] [2 3 4 5 6] [1 2 3 4 6 7 8] [1 2 3 4 5 6 7 11] [1 2 3 4 5 6 8 15] [1 2 3 4 5 8 15] [1 2 3 8] [1 2 7] [1 2 3 4 5 6 8 15 24] [2 3 4] [] [] [] [] [] [] [] [] [] [] [] [] [] [] [] []
21 [33 36] [1 2 3 4 5] [2] [1 2 3] [1 2 3 4 6] [1 2 3 4] [1 2 3 4 5 6 7 8 15 24] [1] [1 2 3 4 5 6] [1 2 3 4 5 6 7] [1 2 3 4 5 6 7 18] [1 2 3 4 6 7 8 18] [1 2] [1 2 3 4 5 6 8] [2 3] [1 3] [1 2 3 4 5 6 7 8 15] [1 2 3 4 6 7] [1 2 3 4 7] [2 3 4 5] [1 2 3 4 5 6 7 8] [2 3 4 5 6 8] [2 3 4 5 6] [1 2 3 4 6 7 8] [1 2 3 4 5 6 7 11] [1 2 3 4 5 6 8 15] [1 2 3 4 5 8 15] [1 2 3 8] [1 2 7] [1 2 3 4 5 6 8 15 24] [2 3 4] [] [] [] [] [] [] [] [] [] [] [] [] [] [] [] []
22 [] [1 2 3] [1 2 3 4 6] [1 2 3 4 5] [1 2 3 4] [1 2 3 4 5 6 7 8 15 24] [1] [1 2 3 4 5 6] [1 2 3 4 5 6 7] [1 2 3 4 5 6 7 18] [1 2 3 4 6 7 8 18] [1 2] [1 2 3 4 5 6 8] [2 3] [1 3] [1 2 3 4 5 6 7 8 15] [1 2 3 4 6 7] [1 2 3 4 7] [2 3 4 5] [1 2 3 4 5 6 7 8] [2 3 4 5 6 8] [2] [2 3 4 5 6] [1 2 3 4 6 7 8] [1 2 3 4 5 6 7 11] [1 2 3 4 5 6 8 15] [1 2 3 4 5 8 15] [1 2 3 8] [1 2 7] [1 2 3 4 5 6 8 15 24] [2 3 4] [] [] [] [] [] [] [] [] [] [] [] [] [] [] [] []
23 [13] [1] [1 2 3 4 5 6] [1 2 3 4 5] [1 2 3 4] [1 2 3 4 5 6 7] [1 2 3 4 5 6 7 18] [1 2 3 4 6 7 8 18] [1 2] [1 2 3 4 6] [1 2 3] [1 2 3 4 5 6 8] [2 3] [1 3] [1 2 3 4 5 6 7 8 15] [1 2 3 4 6 7] [1 2 3 4 7] [2 3 4 5] [1 2 3 4 5 6 7 8] [2 3 4 5 6 8] [2] [2 3 4 5 6] [1 2 3 4 6 7 8] [1 2 3 4 5 6 7 11] [1 2 3 4 5 6 8 15] [1 2 3 4 5 8 15] [1 2 3 8] [1 2 7] [1 2 3 4 5 6 8 15 24] [2 3 4] [] [] [] [] [] [] [] [] [] [] [] [] [] [] [] [] []
24 [9 40] [1 2 3 4 5] [1 2 3 4] [1 2 3 4 5 6 7] [1 2 3 4 5 6 7 18] [1 2 3 4 5 6] [1 2 3 4 6 7 8 18] [1] [1 2] [1 2 3 4 6] [1 2 3] [1 2 3 4 5 6 8] [2 3] [1 3] [1 2 3 4 5 6 7 8 15] [1 2 3 4 6 7] [1 2 3 4 7] [2 3 4 5] [1 2 3 4 5 6 7 8] [2 3 4 5 6 8] [2] [2 3 4 5 6] [1 2 3 4 6 7 8] [1 2 3 4 5 6 7 11] [1 2 3 4 5 6 8 15] [1 2 3 4 5 8 15] [1 2 3 8] [1 2 7] [1 2 3 4 5 6 8 15 24] [2 3 4] [] [] [] [] [] [] [] [] [] [] [] [] [] [] [] [] []
25 [20 38] [1 2 3 4 5] [1 2 3 4 5 6 7] [1 2 3 4] [1 2 3 4 5 6 7 18] [1 2 3 4 5 6] [1 2 3 4 6 7 8 18] [1] [1 2] [1 2 3 4 6] [1 2 3] [1 2 3 4 5 6 8] [2 3] [1 3] [1 2 3 4 5 6 7 8 15] [1 2 3 4 6 7] [1 2 3 4 7] [2 3 4 5] [1 2 3 4 5 6 7 8] [2 3 4 5 6 8] [2] [2 3 4 5 6] [1 2 3 4 6 7 8] [1 2 3 4 5 6 7 11] [1 2 3 4 5 6 8 15] [1 2 3 4 5 8 15] [1 2 3 8] [1 2 7] [1 2 3 4 5 6 8 15 24] [2 3 4] [] [] [] [] [] [] [] [] [] [] [] [] [] [] [] [] []
26 [12] [1 2 3 4 5 6 7] [1] [1 2 3 4 5 6] [1 2] [1 2 3 4 5] [1 2 3 4 6] [1 2 3] [1 2 3 4 5 6 8] [2 3] [1 3] [1 2 3 4 5 6 7 8 15] [1 2 3 4] [1 2 3 4 6 7] [1 2 3 4 7] [2 3 4 5] [1 2 3 4 5 6 7 8] [2 3 4 5 6 8] [2] [2 3 4 5 6] [1 2 3 4 6 7 8] [1 2 3 4 5 6 7 11] [1 2 3 4 5 6 8 15] [1 2 3 4 5 8 15] [1 2 3 8] [1 2 7] [1 2 3 4 5 6 8 15 24] [2 3 4] [] [] [] [] [] [] [] [] [] [] [] [] [] [] [] [] [] [] []
27 [7] [1] [1 2 3 4 5 6] [1 2] [1 2 3 4 5] [1 2 3 4 6] [1 2 3] [1 2 3 4 5 6 8] [2 3] [1 3] [1 2 3 4 5 6 8 15] [1 2 3 4] [1 2 3 4 6 8 16] [1 2 3 4 18] [2 3 4 5] [1 2 3 4 5 6 8 18] [2 3 4 5 6 8] [2] [1 2 3 4 6 8] [2 3 4 5 6] [1 2 3 4 6 8 11] [1 2 3 4 5 6 11 17] [1 2 3 4 5 8 15] [1 2 3 8] [1 2 3 4 5 6 11 17 18] [1 2 18] [1 2 3 4 5 6 8 15 24] [1 2 3 4 5 6 11] [2 3 4] [1 2 3 4 5 6 8 11 16] [] [] [] [] [] [] [] [] [] [] [] [] [] [] [] [] []
28 [32] [1 2 3 4 6] [1 2 3] [1 2 3 4 5 6 8] [1] [1 2 3 4 5] [2 3] [1 3] [1 2] [1 2 3 4 5 6] [1 2 3 4 5 6 7 8 15] [1 2 3 4] [1 2 3 4 6 7] [1 2 3 4 7] [1 2 3 4 5 6 7] [2 3 4 5] [1 2 3 4 5 6 7 8] [2 3 4 5 6 8] [2] [2 3 4 5 6] [1 2 3 4 6 7 8] [1 2 3 4 5 6 7 11] [1 2 3 4 5 6 8 15] [1 2 3 4 5 8 15] [1 2 3 8] [1 2 7] [1 2 3 4 5 6 8 15 24] [2 3 4] [] [] [] [] [] [] [] [] [] [] [] [] [] [] [] [] [] [] []
29 [37] [1 2 3 4 5 6 8] [1 2 3 4 6] [1 2 3 4 5] [2 3] [1 3] [1 2] [1 2 3 4 5 6] [1 2 3] [1 2 3 4 5 6 7 8 15] [1 2 3 4] [1 2 3 4 6 7] [1] [1 2 3 4 7] [1 2 3 4 5 6 7] [2 3 4 5] [1 2 3 4 5 6 7 8] [2 3 4 5 6 8] [2] [2 3 4 5 6] [1 2 3 4 6 7 8] [1 2 3 4 5 6 7 11] [1 2 3 4 5 6 8 15] [1 2 3 4 5 8 15] [1 2 3 8] [1 2 7] [1 2 3 4 5 6 8 15 24] [2 3 4] [] [] [] [] [] [] [] [] [] [] [] [] [] [] [] [] [] [] []
30 [] [1 2 3 4 5] [2 3] [1 3] [1 2] [1 2 3 4 5 6] [1 2 3] [1 2 3 4 5 6 7 8 15] [1 2 3 4] [1 2 3 4 6 7] [1 2 3 4 5 6 8] [1 2 3 4 6] [1] [1 2 3 4 7] [1 2 3 4 5 6 7] [2 3 4 5] [1 2 3 4 5 6 7 8] [2 3 4 5 6 8] [2] [2 3 4 5 6] [1 2 3 4 6 7 8] [1 2 3 4 5 6 7 11] [1 2 3 4 5 6 8 15] [1 2 3 4 5 8 15] [1 2 3 8] [1 2 7] [1 2 3 4 5 6 8 15 24] [2 3 4] [] [] [] [] [] [] [] [] [] [] [] [] [] [] [] [] [] [] []
31 [28] [1 3] [1 2 3] [1 2 3 4 5] [1 2 3 4 5 6] [2 3 4 5 6] [1 2 3 4 5 6 7 8 15] [1 2 3 4] [1 2 3 4 6 7] [1 2 3 4 5 6 8] [1 2 3 4 6] [1] [1 2 3 4 7] [1 2 3 4 5 6 7] [2 3 4 5] [1 2] [1 2 3 4 5 6 7 8] [2 3 4 5 6 8] [2] [1 2 3 4 6 7 8] [1 2 3 4 5 6 7 11] [1 2 3 4 5 6 8 15] [2 3] [1 2 3 4 5 8 15] [1 2 3 8] [1 2 7] [1 2 3 4 5 6 8 15 24] [2 3 4] [] [] [] [] [] [] [] [] [] [] [] [] [] [] [] [] [] [] []
32 [4 40] [1 2 3 5 6] [1 2 3 5 6 7 8 11 15] [1 2 3 5] [1 2 3 6 7 8 16] [1 2 3 5 6 7 8 15] [1 2 3 6 7] [1] [1 2 3 6] [1 2 3] [1 2 3 5 6 7 8] [1 2 3 5 6 7] [2 3 5 6] [1 2] [1 3] [2 3 5 6 7 8 11] [2] [1 2 3 6 7 8] [2 3 5 6 7 8] [2 3 5 6 7] [1 2 3 6 7 8 11] [1 2 3 5 6 7 11] [1 2 3 5 6 7 8 11] [2 3] [1 2 3 5 6 8 15] [1 2 3 8] [1 2 7] [1 2 3 5 6 7 8 15 24] [2 3 5 6 8] [2 3 5] [1 2 3 5 6 7 8 11 16] [] [] [] [] [] [] [] [] [] [] [] [] [] [] [] []
33 [27] [1 2 3 4 5] [1] [1 2 3 4] [1 2 3 4 6 7] [1 2 3 4 5 6 8] [1 2 3 4 6] [1 2 3 4 7] [1 2 3] [1 2 3 4 5 6] [1 2 3 4 5 6 7] [2 3 4 5] [1 2 3 4 5 6 7 8 15] [1 2] [1 2 3 4 5 6 7 8] [1 3] [2 3 4 5 6 8] [2] [2 3 4 5 6] [1 2 3 4 6 7 8] [1 2 3 4 5 6 7 11] [1 2 3 4 5 6 8 15] [2 3] [1 2 3 4 5 8 15] [1 2 3 8] [1 2 7] [1 2 3 4 5 6 8 15 24] [2 3 4] [] [] [] [] [] [] [] [] [] [] [] [] [] [] [] [] [] [] []
34 [9] [1 2 3 4] [1 2 3 4 5] [1 2 3 4 6] [1] [1 2 3 4 7] [1 2 3] [1 2 3 4 5 6] [1 2 3 4 5 6 7] [2 3 4 5] [1 2 3 4 5 6 7 8 15] [1 2] [1 2 3 4 5 6 7 8] [1 3] [2 3 4 5 6 8] [2] [1 2 3 4 6 7] [2 3 4 5 6] [1 2 3 4 6 7 8] [1 2 3 4 5 6 7 11] [1 2 3 4 5 6 8 15] [1 2 3 4 5 6 8] [2 3] [1 2 3 4 5 8 15] [1 2 3 8] [1 2 7] [1 2 3 4 5 6 8 15 24] [2 3 4] [] [] [] [] [] [] [] [] [] [] [] [] [] [] [] [] [] [] []
35 [] [1 2 3 4 5] [1 2 3 4 6] [1] [1 2 3 4] [1 2 3 4 7] [1 2 3] [1 2 3 4 5 6] [1 2 3 4 5 6 7] [2 3 4 5] [1 2 3 4 5 6 7 8 15] [1 2] [1 2 3 4 5 6 7 8] [1 3] [2 3 4 5 6 8] [2] [1 2 3 4 6 7] [2 3 4 5 6] [1 2 3 4 6 7 8] [1 2 3 4 5 6 7 11] [1 2 3 4 5 6 8 15] [1 2 3 4 5 6 8] [2 3] [1 2 3 4 5 8 15] [1 2 3 8] [1 2 7] [1 2 3 4 5 6 8 15 24] [2 3 4] [] [] [] [] [] [] [] [] [] [] [] [] [] [] [] [] [] [] []
36 [17] [1 2 3 4 5] [1 2 3 4 6] [1] [1 2 3 4] [1 2 3 4 7] [1 2 3] [1 2 3 4 5 6] [1 2 3 4 5 6 7] [2 3 4 5] [1 2 3 4 5 6 7 8 15] [1 2] [1 2 3 4 5 6 7 8] [1 3] [2 3 4 5 6 8] [2] [1 2 3 4 6 7] [2 3 4 5 6] [1 2 3 4 6 7 8] [1 2 3 4 5 6 7 11] [1 2 3 4 5 6 8 15] [1 2 3 4 5 6 8] [2 3] [1 2 3 4 5 8 15] [1 2 3 8] [1 2 7] [1 2 3 4 5 6 8 15 24] [2 3 4] [] [] [] [] [] [] [] [] [] [] [] [] [] [] [] [] [] [] []
37 [8] [1 2 3 4 5] [1 2 3 4 6] [1] [1 2 3 4] [1 2 3 4 7] [1 2 3] [1 2 3 4 5 6] [1 2 3 4 5 6 7] [2 3 4 5] [1 2 3 4 5 6 7 15 24] [1 2] [1 2 3 4 5 6 7 15] [1 3] [2 3 4 5 6 11] [2] [1 2 3 4 6 7] [2 3 4 5 6] [1 2 3 4 6 7 11] [1 2 3 4 5 6 7 11] [1 2 3 4 5 6 15 24] [1 2 3 4 5 6 11] [2 3] [1 2 3 4 5 15 24] [1 2 3 15] [1 2 7] [2 3 4 5 6 15] [1 2 3 4 5 6 15 24 26] [1 2 3 4 5 6 15] [2 3 4] [] [] [] [] [] [] [] [] [] [] [] [] [] [] [] [] []
38 [10] [1] [1 2 3 4 5] [1 2 3 4] [1 2 3 4 7] [1 2 3] [1 2 3 4 5 6] [1 2 3 4 5 6 7] [2 3 4 5] [1 2 3 4 5 6 7 8 15] [1 2 3 4 6] [1 2] [1 2 3 4 5 6 7 8] [1 3] [2 3 4 5 6 8] [2] [1 2 3 4 6 7] [2 3 4 5 6] [1 2 3 4 6 7 8] [1 2 3 4 5 6 7 11] [1 2 3 4 5 6 8 15] [1 2 3 4 5 6 8] [2 3] [1 2 3 4 5 8 15] [1 2 3 8] [1 2 7] [1 2 3 4 5 6 8 15 24] [2 3 4] [] [] [] [] [] [] [] [] [] [] [] [] [] [] [] [] [] [] []
39 [] [1 2 3 4 5] [1 2 3 4 6] [1 2 3 4 7] [1 2 3] [1 2 3 4 5 6] [1 2 3 4 5 6 7] [1 2 3 4] [2 3 4 5] [1 2 3 4 5 6 7 8 15] [1] [1 2] [1 2 3 4 5 6 7 8] [1 3] [2 3 4 5 6 8] [2] [1 2 3 4 6 7] [2 3 4 5 6] [1 2 3 4 6 7 8] [1 2 3 4 5 6 7 11] [1 2 3 4 5 6 8 15] [1 2 3 4 5 6 8] [2 3] [1 2 3 4 5 8 15] [1 2 3 8] [1 2 7] [1 2 3 4 5 6 8 15 24] [2 3 4] [] [] [] [] [] [] [] [] [] [] [] [] [] [] [] [] [] [] []
40 [] [1 2 3 4 5] [1 2 3 4 7] [1 2 3 4 5 6] [1 2 3 4 5 6 7] [1 2 3 4] [2 3 4 5] [1 2 3] [1 2 3 4 5 6 7 8 15] [1 2 3 4 6] [1] [1 2] [1 2 3 4 5 6 7 8] [1 3] [2 3 4 5 6 8] [2] [1 2 3 4 6 7] [2 3 4 5 6] [1 2 3 4 6 7 8] [1 2 3 4 5 6 7 11] [1 2 3 4 5 6 8 15] [1 2 3 4 5 6 8] [2 3] [1 2 3 4 5 8 15] [1 2 3 8] [1 2 7] [1 2 3 4 5 6 8 15 24] [2 3 4] [] [] [] [] [] [] [] [] [] [] [] [] [] [] [] [] [] [] []
41 [] [1 2 3 4 7] [2 3 4 5] [1 2 3] [1 2 3 4 5] [1 2 3 4 5 6 7 8 15] [1 2 3 4 6] [1] [1 2] [1 2 3 4] [1 2 3 4 5 6 7 8] [1 3] [1 2 3 4 5 6] [2 3 4 5 6 8] [2] [1 2 3 4 6 7] [1 2 3 4 5 6 7] [2 3 4 5 6] [1 2 3 4 6 7 8] [1 2 3 4 5 6 7 11] [1 2 3 4 5 6 8 15] [1 2 3 4 5 6 8] [2 3] [1 2 3 4 5 8 15] [1 2 3 8] [1 2 7] [1 2 3 4 5 6 8 15 24] [2 3 4] [] [] [] [] [] [] [] [] [] [] [] [] [] [] [] [] [] [] []
42 [] [1 2 3 4 7] [2 3 4 5] [1 2 3] [1 2 3 4 5] [1 2 3 4 5 6 7 8 15] [1 2 3 4 6] [1] [1 2] [1 2 3 4] [1 2 3 4 5 6 7 8] [1 3] [1 2 3 4 5 6] [2 3 4 5 6 8] [2] [1 2 3 4 6 7] [1 2 3 4 5 6 7] [2 3 4 5 6] [1 2 3 4 6 7 8] [1 2 3 4 5 6 7 11] [1 2 3 4 5 6 8 15] [1 2 3 4 5 6 8] [2 3] [1 2 3 4 5 8 15] [1 2 3 8] [1 2 7] [1 2 3 4 5 6 8 15 24] [2 3 4] [] [] [] [] [] [] [] [] [] [] [] [] [] [] [] [] [] [] []
43 [] [2 3 4 5] [1 2 3 4 5 8] [1 2 3] [1 2 3 4 5] [1 2 3 4 5 6 7 8 15] [1 2 3 4 6] [1] [1 2] [1 2 3 4 7] [1 2 3 4] [1 2 3 4 5 6 7 8] [1 3] [1 2 3 4 5 6] [2 3 4 5 6 8] [2] [1 2 3 4 6 7] [1 2 3 4 5 6 7] [2 3 4 5 6] [1 2 3 4 6 7 8] [1 2 3 4 5 6 7 11] [1 2 3 4 5 6 8 15] [1 2 3 4 5 6 8] [2 3] [1 2 3 4 5 8 15] [1 2 3 8] [1 2 7] [1 2 3 4 5 6 8 15 24] [2 3 4] [] [] [] [] [] [] [] [] [] [] [] [] [] [] [] [] [] []
44 [] [1 2] [1 2 3] [1 2 3 4 7] [1 2 3 4] [1 2 3 4 5 6 7 8] [1 3] [1 2 3 4 5] [1 2 3 4 5 6] [2 3 4 5 6 8] [1] [2] [1 2 3 4 6] [1 2 3 4 6 7] [1 2 3 4 5 6 7] [2 3 4 5 6] [1 2 3 4 6 7 8] [1 2 3 4 5 6 7 11] [1 2 3 4 5 6 8 15] [1 2 3 4 5 6 8] [2 3] [1 2 3 4 5 8 15] [1 2 3 8] [1 2 7] [1 2 3 4 5 6 8 15 24] [2 3 4 5] [2 3 4] [] [] [] [] [] [] [] [] [] [] [] [] [] [] [] [] [] [] [] []
45 [] [1 3] [1 2 3] [1 2 3 4 5] [1 2 3 4 5 6] [1 2 3 4] [2 3 4 5 6 8] [1] [1 2] [2] [1 2 3 4 6] [1 2 3 4 6 7] [1 2 3 4 5 6 7] [2 3 4 5 6] [1 2 3 4 6 7 8] [1 2 3 4 5 6 7 11] [1 2 3 4 5 6 8 15] [1 2 3 4 5 6 8] [2 3] [1 2 3 4 5 8 15] [1 2 3 8] [1 2 7] [1 2 3 4 5 6 8 15 24] [1 2 3 4 7] [2 3 4 5] [2 3 4] [] [] [] [] [] [] [] [] [] [] [] [] [] [] [] [] [] [] [] [] []
46 [30] [1 2 3] [1 2 3 4 5] [1 2 3 4 5 6] [1 2 3 4] [2 3 4 5 6 8] [1] [1 2] [2] [1 2 3 4 6] [1 2 3 4 6 7] [1 2 3 4 5 6 7] [2 3 4 5 6] [1 3] [1 2 3 4 6 7 8] [1 2 3 4 5 6 7 11] [1 2 3 4 5 6 8 15] [1 2 3 4 5 6 8] [2 3] [1 2 3 4 5 8 15] [1 2 3 8] [1 2 7] [1 2 3 4 5 6 8 15 24] [1 2 3 4 7] [2 3 4 5] [2 3 4] [] [] [] [] [] [] [] [] [] [] [] [] [] [] [] [] [] [] [] [] []
47 [] [1 2 3 4] [1 2 3 4 5] [2 3 4 5 6 8] [1] [1 2 3 4 5 6] [1 2] [2] [1 2 3 4 6] [1 2 3] [1 2 3 4 6 7] [1 2 3 4 5 6 7] [2 3 4 5 6] [1 3] [1 2 3 4 6 7 8] [1 2 3 4 5 6 7 11] [1 2 3 4 5 6 8 15] [1 2 3 4 5 6 8] [2 3] [1 2 3 4 5 8 15] [1 2 3 8] [1 2 7] [1 2 3 4 5 6 8 15 24] [1 2 3 4 7] [2 3 4 5] [2 3 4] [] [] [] [] [] [] [] [] [] [] [] [] [] [] [] [] [] [] [] [] []
48 [] [1] [1 2 3 4 5 6] [1 2] [1 2 3 4] [1 2 3 4 5] [2] [1 2 3 4 6] [1 2 3] [1 2 3 4 6 7] [1 2 3 4 5 6 7] [2 3 4 5 6] [1 3] [1 2 3 4 6 7 8] [1 2 3 4 5 6 7 11] [1 2 3 4 5 6 8 15] [1 2 3 4 5 6 8] [2 3] [1 2 3 4 5 8 15] [1 2 3 8] [1 2 7] [2 3 4 5 6 8] [1 2 3 4 5 6 8 15 24] [1 2 3 4 7] [2 3 4 5] [2 3 4] [] [] [] [] [] [] [] [] [] [] [] [] [] [] [] [] [] [] [] [] []
49 [] [1] [1 2 3 4 5 6] [1 2] [1 2 3 4] [1 2 3 4 5] [2] [1 2 3 4 6] [1 2 3] [1 2 3 4 6 7] [1 2 3 4 5 6 7] [2 3 4 5 6] [1 3] [1 2 3 4 6 7 8] [1 2 3 4 5 6 7 11] [1 2 3 4 5 6 8 15] [1 2 3 4 5 6 8] [2 3] [1 2 3 4 5 8 15] [1 2 3 8] [1 2 7] [2 3 4 5 6 8] [1 2 3 4 5 6 8 15 24] [1 2 3 4 7] [2 3 4 5] [2 3 4] [] [] [] [] [] [] [] [] [] [] [] [] [] [] [] [] [] [] [] [] []
50 [20] [1 2 3 4 5 6] [1 2] [1] [1 2 3 4] [1 2 3 4 5] [2] [1 2 3 4 6] [1 2 3] [1 2 3 4 6 7] [1 2 3 4 5 6 7] [2 3 4 5 6] [1 3] [1 2 3 4 6 7 8] [1 2 3 4 5 6 7 11] [1 2 3 4 5 6 8 15] [1 2 3 4 5 6 8] [2 3] [1 2 3 4 5 8 15] [1 2 3 8] [1 2 7] [2 3 4 5 6 8] [1 2 3 4 5 6 8 15 24] [1 2 3 4 7] [2 3 4 5] [2 3 4] [] [] [] [] [] [] [] [] [] [] [] [] [] [] [] [] [] [] [] [] []
51 [8] [1] [1 2] [1 2 3 4] [1 2 3 4 5] [2] [1 2 3 4 6] [1 2 3] [1 2 3 4 6 7] [1 2 3 4 5 6 7] [2 3 4 5 6] [1 2 3 4 5 6] [1 3] [1 2 3 4 6 7 11] [1 2 3 4 5 6 7 11] [1 2 3 4 5 6 15 24] [1 2 3 4 5 6 11] [2 3] [1 2 3 4 5 15 24] [1 2 3 15] [1 2 7] [2 3 4 5 6 15] [1 2 3 4 5 6 15 24 26] [1 2 3 4 7] [2 3 4 5] [1 2 3 4 5 6 15] [2 3 4] [] [] [] [] [] [] [] [] [] [] [] [] [] [] [] [] [] [] [] []
52 [5 18] [1 2] [1 2 3 4 6] [1 2 3] [1 2 3 4 6 7] [1 3] [2 3 4 6 7] [2] [1 2 3 4 6 7 8] [1 2 3 4] [1 2 3 4 6 7 11] [1] [1 2 3 4 6 7 8 15] [1 2 3 4 6 7 8 11] [2 3] [1 2 3 4 6 8 15] [1 2 3 4 6 8] [1 2 3 8] [1 2 7] [2 3 4 6 7 8] [1 2 3 4 6 8 15 24] [1 2 3 4 7] [2 3 4 6] [2 3 4] [] [] [] [] [] [] [] [] [] [] [] [] [] [] [] [] [] [] [] [] [] [] []
53 [] [1 2] [1 2 3 4 6] [1 2 3] [1 2 3 4 6 7] [1 2 3 4 5 6] [1 2 3 4 5] [1 3] [2 3 4 5 6] [2] [1 2 3 4 6 7 8] [1 2 3 4] [1 2 3 4 5 6 7 11] [1] [1 2 3 4 5 6 8 15] [1 2 3 4 5 6 8] [2 3] [1 2 3 4 5 8 15] [1 2 3 8] [1 2 7] [2 3 4 5 6 8] [1 2 3 4 5 6 8 15 24] [1 2 3 4 7] [1 2 3 4 5 6 7] [2 3 4 5] [2 3 4] [] [] [] [] [] [] [] [] [] [] [] [] [] [] [] [] [] [] [] [] []
54 [] [1 2 3 4 6] [1 2 3] [1 2 3 4 5] [1 2 3 4 6 7] [1 2 3 4 5 6] [1 3] [2 3 4 5 6] [1 2] [2] [1 2 3 4 6 7 8] [1 2 3 4] [1 2 3 4 5 6 7 11] [1] [1 2 3 4 5 6 8 15] [1 2 3 4 5 6 8] [2 3] [1 2 3 4 5 8 15] [1 2 3 8] [1 2 7] [2 3 4 5 6 8] [1 2 3 4 5 6 8 15 24] [1 2 3 4 7] [1 2 3 4 5 6 7] [2 3 4 5] [2 3 4] [] [] [] [] [] [] [] [] [] [] [] [] [] [] [] [] [] [] [] [] []
55 [8] [1 2 3 4 5] [1 2 3 4 6 7] [1 2 3 4 5 6] [1 3] [2 3 4 5 6] [1 2] [2] [1 2 3] [1 2 3 4 6 7 11] [1 2 3 4] [1 2 3 4 5 6 7 11] [1 2 3 4 6] [1] [1 2 3 4 5 6 15 24] [1 2 3 4 5 6 11] [2 3] [1 2 3 4 5 15 24] [1 2 3 15] [1 2 7] [2 3 4 5 6 15] [1 2 3 4 5 6 15 24 26] [1 2 3 4 7] [1 2 3 4 5 6 7] [2 3 4 5] [1 2 3 4 5 6 15] [2 3 4] [] [] [] [] [] [] [] [] [] [] [] [] [] [] [] [] [] [] [] []
56 [15] [1 2 3 4 6 7] [1 2 3 4 6] [1 2 3 4 5 6] [1 2 3 4 5] [1 3] [2 3 4 5 6] [1 2] [2] [1 2 3] [1 2 3 4 6 7 8] [1 2 3 4] [1 2 3 4 5 6 7 11] [1] [1 2 3 4 5 6 8 24] [1 2 3 4 5 6 8] [2 3] [1 2 3 4 5 8 24] [1 2 3 8] [1 2 7] [2 3 4 5 6 8] [1 2 3 4 5 6 8 24 26] [1 2 3 4 7] [1 2 3 4 5 6 7] [2 3 4 5] [2 3 4] [] [] [] [] [] [] [] [] [] [] [] [] [] [] [] [] [] [] [] [] []
57 [5] [2 3 4 6 7] [1 2] [1 3] [2] [1 2 3 4 6] [1 2 3 4 6 7] [1 2 3] [1 2 3 4 6 7 8] [1 2 3 4] [1 2 3 4 6 7 11] [1] [1 2 3 4 6 7 8 15] [1 2 3 4 6 7 8 11] [2 3] [1 2 3 4 6 8 15] [1 2 3 4 6 8] [1 2 3 8] [1 2 7] [2 3 4 6 7 8] [1 2 3 4 6 8 15 24] [1 2 3 4 7] [2 3 4 6] [2 3 4] [] [] [] [] [] [] [] [] [] [] [] [] [] [] [] [] [] [] [] [] [] [] []
58 [] [1 2] [1 3] [2] [1 2 3 4 5] [1 2 3 4 6 7] [1 2 3 4 5 6] [1 2 3] [1 2 3 4 6 7 8] [2 3 4 5 6] [1 2 3 4] [1 2 3 4 5 6 7 11] [1 2 3 4 6] [1] [1 2 3 4 5 6 8 15] [1 2 3 4 5 6 8] [2 3] [1 2 3 4 5 8 15] [1 2 3 8] [1 2 7] [2 3 4 5 6 8] [1 2 3 4 5 6 8 15 24] [1 2 3 4 7] [1 2 3 4 5 6 7] [2 3 4 5] [2 3 4] [] [] [] [] [] [] [] [] [] [] [] [] [] [] [] [] [] [] [] [] []
59 [27] [1 2 3 4 5] [1 2 3 4 6 7] [1 2 3] [2 3 4 5 6] [1 2 3 4] [1 2 3 4 5 6 7 11] [1 2 3 4 6] [1] [1 2 3 4 5 6 8 15] [1 2] [1 2 3 4 5 6 8] [1 2 3 4 5 6] [2] [2 3] [1 2 3 4 5 8 15] [1 2 3 4 6 7 8] [1 2 3 8] [1 3] [1 2 7] [2 3 4 5 6 8] [1 2 3 4 5 6 8 15 24] [1 2 3 4 7] [1 2 3 4 5 6 7] [2 3 4 5] [2 3 4] [] [] [] [] [] [] [] [] [] [] [] [] [] [] [] [] [] [] [] [] []
60 [] [1 2 3 4 5] [1 2 3 4 6 7] [1 2 3] [2 3 4 5 6] [1 2 3 4] [1 2 3 4 5 6 7 11] [1 2 3 4 6] [1] [1 2 3 4 5 6 8 15] [1 2] [1 2 3 4 5 6 8] [1 2 3 4 5 6] [2] [2 3] [1 2 3 4 5 8 15] [1 2 3 4 6 7 8] [1 2 3 8] [1 3] [1 2 7] [2 3 4 5 6 8] [1 2 3 4 5 6 8 15 24] [1 2 3 4 7] [1 2 3 4 5 6 7] [2 3 4 5] [2 3 4] [] [] [] [] [] [] [] [] [] [] [] [] [] [] [] [] [] [] [] [] []
61 [] [1 2 3 4 6 7] [1 2 3] [1 2 3 4 5] [2 3 4 5 6] [1 2 3 4] [1 2 3 4 5 6 7 11] [1 2 3 4 6] [1] [1 2 3 4 5 6 8 15] [1 2] [1 2 3 4 5 6 8] [1 2 3 4 5 6] [2] [2 3] [1 2 3 4 5 8 15] [1 2 3 4 6 7 8] [1 2 3 8] [1 3] [1 2 7] [2 3 4 5 6 8] [1 2 3 4 5 6 8 15 24] [1 2 3 4 7] [1 2 3 4 5 6 7] [2 3 4 5] [2 3 4] [] [] [] [] [] [] [] [] [] [] [] [] [] [] [] [] [] [] [] [] []
62 [] [1 2 3 4 5] [2 3 4 5 6] [1 2 3 4 6 7] [1 2 3] [1 2 3 4] [1 2 3 4 5 6 7 11] [1 2 3 4 6] [1] [1 2 3 4 5 6 8 15] [1 2] [1 2 3 4 5 6 8] [1 2 3 4 5 6] [2] [2 3] [1 2 3 4 5 8 15] [1 2 3 4 6 7 8] [1 2 3 8] [1 3] [1 2 7] [2 3 4 5 6 8] [1 2 3 4 5 6 8 15 24] [1 2 3 4 7] [1 2 3 4 5 6 7] [2 3 4 5] [2 3 4] [] [] [] [] [] [] [] [] [] [] [] [] [] [] [] [] [] [] [] [] []
63 [] [1 2 3 4 6 7] [1 2 3] [1 2 3 4 5 6 7 11] [1 2 3 4 5] [1] [1 2 3 4] [1 2 3 4 5 6 8 15] [1 2] [1 2 3 4 5 6 8] [1 2 3 4 5 6] [2] [2 3 4 5 6] [2 3] [1 2 3 4 6] [1 2 3 4 5 8 15] [1 2 3 4 6 7 8] [1 2 3 8] [1 3] [1 2 7] [2 3 4 5 6 8] [1 2 3 4 5 6 8 15 24] [1 2 3 4 7] [1 2 3 4 5 6 7] [2 3 4 5] [2 3 4] [] [] [] [] [] [] [] [] [] [] [] [] [] [] [] [] [] [] [] [] []
64 [] [1 2 3 4 5 6 7 11] [1 2 3 4 5] [1] [1 2 3 4] [1 2 3 4 5 6 8 15] [1 2] [1 2 3 4 5 6 8] [1 2 3 4 5 6] [2] [2 3 4 5 6] [2 3] [1 2 3] [1 2 3 4 6] [1 2 3 4 5 8 15] [1 2 3 4 6 7 8] [1 2 3 8] [1 3] [1 2 7] [2 3 4 5 6 8] [1 2 3 4 5 6 8 15 24] [1 2 3 4 7] [1 2 3 4 5 6 7] [2 3 4 5] [2 3 4] [] [] [] [] [] [] [] [] [] [] [] [] [] [] [] [] [] [] [] [] [] []
65 [] [1 2 3 4 5 6 8 15] [1 2 3 4 5 6 7 11] [1 2 3 4] [1 2] [1 2 3 4 5 6 8] [1 2 3 4 5 6] [2] [2 3 4 5 6] [2 3] [1 2 3 4 5] [1 2 3] [1] [1 2 3 4 6] [1 2 3 4 5 8 15] [1 2 3 4 6 7 8] [1 2 3 8] [1 3] [1 2 7] [2 3 4 5 6 8] [1 2 3 4 5 6 8 15 24] [1 2 3 4 7] [1 2 3 4 5 6 7] [2 3 4 5] [2 3 4] [] [] [] [] [] [] [] [] [] [] [] [] [] [] [] [] [] [] [] [] [] []
66 [] [1 2 3 4 5 6 8 15] [1 2 3 4 5 6 7 11] [1 2 3 4] [1 2] [1 2 3 4 5 6 8] [1 2 3 4 5 6] [2] [2 3 4 5 6] [2 3] [1 2 3 4 5] [1 2 3] [1] [1 2 3 4 6] [1 2 3 4 5 8 15] [1 2 3 4 6 7 8] [1 2 3 8] [1 3] [1 2 7] [2 3 4 5 6 8] [1 2 3 4 5 6 8 15 24] [1 2 3 4 7] [1 2 3 4 5 6 7] [2 3 4 5] [2 3 4] [] [] [] [] [] [] [] [] [] [] [] [] [] [] [] [] [] [] [] [] [] []
67 [] [1 2 3 4 5 6 7 11] [1] [1 2 3 4] [1 2] [1 2 3 4 5 6 8] [1 2 3 4 5 6] [2] [2 3 4 5 6] [2 3] [1 2 3 4 5] [1 2 3] [1 2 3 4 6] [1 2 3 4 5 8 15] [1 2 3 4 6 7 8] [1 2 3 8] [1 3] [1 2 7] [2 3 4 5 6 8] [1 2 3 4 5 6 8 15 24] [1 2 3 4 7] [1 2 3 4 5 6 7] [2 3 4 5] [1 2 3 4 5 6 8 15] [2 3 4] [] [] [] [] [] [] [] [] [] [] [] [] [] [] [] [] [] [] [] [] [] []
68 [] [1 2 3 4] [1 2 3 4 5 6] [2] [2 3 4 5 6] [2 3] [1 2 3 4 5] [1 2 3] [1 2] [1] [1 2 3 4 6] [1 2 3 4 5 8 15] [1 2 3 4 6 7 8] [1 2 3 8] [1 2 3 4 5 6 8] [1 2 3 4 5 6 7 11] [1 3] [1 2 7] [2 3 4 5 6 8] [1 2 3 4 5 6 8 15 24] [1 2 3 4 7] [1 2 3 4 5 6 7] [2 3 4 5] [1 2 3 4 5 6 8 15] [2 3 4] [] [] [] [] [] [] [] [] [] [] [] [] [] [] [] [] [] [] [] [] [] []
69 [] [2 3 4 5 6] [1 2 3 4 5 6 8] [2] [2 3] [1 2 3] [1 2 3 4 5] [1 2] [1 2 3 4 5 6] [1] [1 2 3 4 6] [1 2 3 4 5 8 15] [1 2 3 4] [1 2 3 4 6 7 8] [1 2 3 8] [1 2 3 4 5 6 7 11] [1 3] [1 2 7] [2 3 4 5 6 8] [1 2 3 4 5 6 8 15 24] [1 2 3 4 7] [1 2 3 4 5 6 7] [2 3 4 5] [1 2 3 4 5 6 8 15] [2 3 4] [] [] [] [] [] [] [] [] [] [] [] [] [] [] [] [] [] [] [] [] [] []
70 [] [2 3] [1 2 3 4 5] [1 2] [1] [1 2 3 4 6] [1 2 3 4 5 8 15] [1 2 3 4 5 6] [1 2 3 4] [1 2 3 4 6 7 8] [1 2 3] [1 2 3 8] [1 2 3 4 5 6 8] [1 2 3 4 5 6 7 11] [1 3] [1 2 7] [2 3 4 5 6 8] [2] [1 2 3 4 5 6 8 15 24] [2 3 4 5 6] [1 2 3 4 7] [1 2 3 4 5 6 7] [2 3 4 5] [1 2 3 4 5 6 8 15] [2 3 4] [] [] [] [] [] [] [] [] [] [] [] [] [] [] [] [] [] [] [] [] [] []
71 [] [1 2] [1] [1 2 3 4] [1 2 3 4 5] [1 2 3 4 6] [1 2 3 4 5 8 15] [1 2 3 4 5 6] [2 3] [1 2 3 4 6 7 8] [1 2 3] [1 2 3 8] [1 2 3 4 5 6 8] [1 2 3 4 5 6 7 11] [1 3] [1 2 7] [2 3 4 5 6 8] [2] [1 2 3 4 5 6 8 15 24] [2 3 4 5 6] [1 2 3 4 7] [1 2 3 4 5 6 7] [2 3 4 5] [1 2 3 4 5 6 8 15] [2 3 4] [] [] [] [] [] [] [] [] [] [] [] [] [] [] [] [] [] [] [] [] [] []
72 [] [1 2] [1 2 3 4 5 8 15] [1 2 3 4 5 6] [1 2 3 4 6] [1 2 3 4] [2 3] [1] [1 2 3 4 6 7 8] [1 2 3] [1 2 3 4 5] [1 2 3 8] [1 2 3 4 5 6 8] [1 2 3 4 5 6 7 11] [1 3] [1 2 7] [2 3 4 5 6 8] [2] [1 2 3 4 5 6 8 15 24] [2 3 4 5 6] [1 2 3 4 7] [1 2 3 4 5 6 7] [2 3 4 5] [1 2 3 4 5 6 8 15] [2 3 4] [] [] [] [] [] [] [] [] [] [] [] [] [] [] [] [] [] [] [] [] [] []
73 [] [1 2 3 4 5 8 15] [1 2] [1 2 3 4 5 6] [1 2 3 4 6] [1 2 3 4] [2 3] [1] [1 2 3 4 6 7 8] [1 2 3] [1 2 3 4 5] [1 2 3 8] [1 2 3 4 5 6 8] [1 2 3 4 5 6 7 11] [1 3] [1 2 7] [2 3 4 5 6 8] [2] [1 2 3 4 5 6 8 15 24] [2 3 4 5 6] [1 2 3 4 7] [1 2 3 4 5 6 7] [2 3 4 5] [1 2 3 4 5 6 8 15] [2 3 4] [] [] [] [] [] [] [] [] [] [] [] [] [] [] [] [] [] [] [] [] [] []
74 [] [2 3] [1 2 3 4] [1] [1 2 3 4 6 7 8] [1 2 3] [1 2 3 4 5] [1 2 3 4 5 6] [1 2 3 8] [1 2 3 4 5 6 8] [1 2 3 4 5 6 7 11] [1 3] [1 2 7] [2 3 4 5 6 8] [2] [1 2 3 4 6] [1 2 3 4 5 6 8 15 24] [2 3 4 5 6] [1 2] [1 2 3 4 7] [1 2 3 4 5 6 7] [2 3 4 5] [1 2 3 4 5 6 8 15] [2 3 4] [] [] [] [] [] [] [] [] [] [] [] [] [] [] [] [] [] [] [] [] [] [] []
75 [] [1] [1 2 3 4 6 7 8] [1 2 3] [1 2 3 4 5] [1 2 3 4 5 6] [1 2 3 8] [1 2 3 4] [1 2 3 4 5 6 8] [1 2 3 4 5 6 7 11] [1 3] [1 2 7] [2 3 4 5 6 8] [2] [1 2 3 4 6] [1 2 3 4 5 6 8 15 24] [2 3 4 5 6] [1 2] [2 3] [1 2 3 4 7] [1 2 3 4 5 6 7] [2 3 4 5] [1 2 3 4 5 6 8 15] [2 3 4] [] [] [] [] [] [] [] [] [] [] [] [] [] [] [] [] [] [] [] [] [] [] []
76 [] [1 2 3 4 5] [1 2 3 8] [1 2 3 4 5 6] [1 2 3 4] [1 2 3 4 5 6 8] [1 2 3 4 5 6 7 11] [1] [1 3] [1 2 7] [1 2 3] [2 3 4 5 6 8] [2] [1 2 3 4 6] [1 2 3 4 6 7 8] [1 2 3 4 5 6 8 15 24] [2 3 4 5 6] [1 2] [2 3] [1 2 3 4 7] [1 2 3 4 5 6 7] [2 3 4 5] [1 2 3 4 5 6 8 15] [2 3 4] [] [] [] [] [] [] [] [] [] [] [] [] [] [] [] [] [] [] [] [] [] [] []
77 [] [1 2 3 8] [1 2 3 4 5] [1 2 3 4 5 6] [1 2 3 4] [1 2 3 4 5 6 8] [1 2 3 4 5 6 7 11] [1] [1 2 3 4 6] [1 3] [1 2 7] [1 2 3] [2 3 4 5 6 8] [2] [1 2 3 4 6 7 8] [1 2 3 4 5 6 8 15 24] [2 3 4 5 6] [1 2] [2 3] [1 2 3 4 7] [1 2 3 4 5 6 7] [2 3 4 5] [1 2 3 4 5 6 8 15] [2 3 4] [] [] [] [] [] [] [] [] [] [] [] [] [] [] [] [] [] [] [] [] [] [] []
78 [] [1 2 3 4] [1 2 3 4 6] [1 3] [1 2 3 4 5 6] [1 2 7] [1 2 3] [2 3 4 5 6 8] [1] [2] [1 2 3 4 6 7 8] [1 2 3 4 5 6 8 15 24] [1 2 3 4 5] [2 3 4 5 6] [1 2] [2 3] [1 2 3 4 7] [1 2 3 4 5 6 8] [1 2 3 4 5 6 7] [2 3 4 5] [1 2 3 4 5 6 8 15] [2 3 4] [] [] [] [] [] [] [] [] [] [] [] [] [] [] [] [] [] [] [] [] [] [] [] [] []
79 [] [1 3] [1 2 3 4 5 6] [1 2 7] [1 2 3] [2 3 4 5 6 8] [1] [2] [1 2 3 4 6] [1 2 3 4 6 7 8] [1 2 3 4 5 6 8 15 24] [1 2 3 4 5] [2 3 4 5 6] [1 2] [2 3] [1 2 3 4 7] [1 2 3 4] [1 2 3 4 5 6 8] [1 2 3 4 5 6 7] [2 3 4 5] [1 2 3 4 5 6 8 15] [2 3 4] [] [] [] [] [] [] [] [] [] [] [] [] [] [] [] [] [] [] [] [] [] [] [] [] []
80 [] [1 2 3] [1 2 3 4 5] [1 2 3 4 5 6] [2 3 4 5 6 8] [1] [2] [1 2 3 4 6] [1 2 3 4 6 7 8] [1 2 3 4 5 6 8 15 24] [2 3 4 5 6] [1 2] [1 3] [2 3] [1 2 3 4 7] [1 2 3 4] [1 2 3 4 5 6 8] [1 2 3 4 5 6 7] [2 3 4 5] [1 2 3 4 5 6 8 15] [2 3 4] [] [] [] [] [] [] [] [] [] [] [] [] [] [] [] [] [] [] [] [] [] [] [] [] [] []
81 [] [1 2 3 4 5 6] [2 3 4 5 6 8] [1 2 3 4 6 7] [1 2 3 4 6] [1] [2] [1 2 3] [1 2 3 4 6 7 8] [1 2 3 4 5 6 8 15 24] [1 2 3 4 5] [2 3 4 5 6] [1 2] [1 3] [2 3] [1 2 3 4 7] [1 2 3 4] [1 2 3 4 5 6 8] [1 2 3 4 5 6 7] [2 3 4 5] [1 2 3 4 5 6 8 15] [2 3 4] [] [] [] [] [] [] [] [] [] [] [] [] [] [] [] [] [] [] [] [] [] [] [] [] []
82 [] [1] [1 2 3 4 5 6] [2] [1 2 3 4 5 7] [1 2 3 4 6] [1 2 3] [1 2 3 4 6 7 8] [1 2 3 4 5 6 8 15 24] [1 2 3 4 5] [2 3 4 5 6] [1 2] [1 3] [2 3] [1 2 3 4 7] [1 2 3 4] [1 2 3 4 5 6 8] [1 2 3 4 5 6 7] [2 3 4 5] [1 2 3 4 5 6 8 15] [2 3 4] [] [] [] [] [] [] [] [] [] [] [] [] [] [] [] [] [] [] [] [] [] [] [] [] [] []
83 [] [1 2 3 4 6] [1 2 3] [1 2 3 4 5 6] [1 2 3 4 6 7 8] [1 2 3 4 5 6 8 15 24] [1 2 3 4 5] [2 3 4 5 6] [1 2] [1 3] [2 3] [1 2 3 4 7] [1 2 3 4] [1 2 3 4 5 6 8] [1] [1 2 3 4 5 6 7] [2 3 4 5] [2] [1 2 3 4 5 6 8 15] [2 3 4] [] [] [] [] [] [] [] [] [] [] [] [] [] [] [] [] [] [] [] [] [] [] [] [] [] [] []
84 [] [1 2 3 4 5 6] [1 2 3 4 6 7 8] [1 2 3 4 5 6 8 15 24] [1] [1 2 3 4 5] [2 3 4 5 6] [1 2] [1 3] [2 3] [1 2 3 4 7] [1 2 3 4] [1 2 3 4 6] [1 2 3] [1 2 3 4 5 6 8] [1 2 3 4 5 6 7] [2 3 4 5] [2] [1 2 3 4 5 6 8 15] [2 3 4] [] [] [] [] [] [] [] [] [] [] [] [] [] [] [] [] [] [] [] [] [] [] [] [] [] [] []
85 [] [1 2 3 4 5] [2 3 4 5 6] [1 2] [1 3] [2 3] [1 2 3 4 7] [1 2 3 4 5 6] [1 2 3 4] [1 2 3 4 6] [1 2 3] [1 2 3 4 5 6 8] [1] [1 2 3 4 5 6 7] [2 3 4 5] [2] [1 2 3 4 5 6 8 15] [2 3 4] [1 2 3 4 6 7 8] [] [] [] [] [] [] [] [] [] [] [] [] [] [] [] [] [] [] [] [] [] [] [] [] [] [] [] []
86 [] [1 3] [1 2] [1 2 3 4 7] [1 2 3 4 5 6] [1 2 3 4 5] [1 2 3 4] [1 2 3 4 6] [1 2 3] [1 2 3 4 5 6 8] [2 3 4 5 6] [1] [1 2 3 4 5 6 7] [2 3 4 5] [2] [1 2 3 4 5 6 8 15] [2 3 4] [1 2 3 4 6 7 8] [] [] [] [] [] [] [] [] [] [] [] [] [] [] [] [] [] [] [] [] [] [] [] [] [] [] [] [] []
87 [] [1 2 3 4 7] [1 2 3 4 5 6] [1 2 3 4 5] [1 2 3 4] [1 2] [1 2 3 4 6] [1 2 3] [1 2 3 4 5 6 8] [2 3 4 5 6] [1] [1 2 3 4 5 6 7] [2 3 4 5] [2] [1 2 3 4 5 6 8 15] [2 3 4] [1 2 3 4 6 7 8] [1 3] [] [] [] [] [] [] [] [] [] [] [] [] [] [] [] [] [] [] [] [] [] [] [] [] [] [] [] [] []
88 [] [1 2 3 4 5] [1 2 3] [1 2 3 4] [1 2 3 4 5 6 8] [2 3 4 5 6] [1 2 3 4 5 6] [1] [1 2 3 4 5 6 7] [2 3 4 5] [1 2] [2] [1 2 3 4 6] [1 2 3 4 5 6 8 15] [2 3 4] [1 2 3 4 6 7 8] [1 3] [] [] [] [] [] [] [] [] [] [] [] [] [] [] [] [] [] [] [] [] [] [] [] [] [] [] [] [] [] []
89 [] [1 2 3 4] [2 3 4 5 6] [1 2 3] [1 2 3 4 5 6] [1] [1 2 3 4 5 6 7] [2 3 4 5] [1 2 3 4 5] [1 2] [2] [1 2 3 4 5 6 8] [1 2 3 4 6] [1 2 3 4 5 6 8 15] [2 3 4] [1 2 3 4 6 7 8] [1 3] [] [] [] [] [] [] [] [] [] [] [] [] [] [] [] [] [] [] [] [] [] [] [] [] [] [] [] [] [] []
90 [] [2 3 4 5 6] [1 2 3] [1] [1 2 3 4 5 6 7] [1 2 3 4 5 6] [2 3 4 5] [1 2 3 4 5] [1 2 3 4] [1 2] [2] [1 2 3 4 5 6 8] [1 2 3 4 6] [1 2 3 4 5 6 8 15] [2 3 4] [1 2 3 4 6 7 8] [1 3] [] [] [] [] [] [] [] [] [] [] [] [] [] [] [] [] [] [] [] [] [] [] [] [] [] [] [] [] [] []
91 [] [1 2 3 4 5 6] [1 2 3] [2 3 4 5] [1 2 3 4 6 7] [1 2 3 4 5] [1 2 3 4] [1] [1 2] [1 2 3 4 5 6 7] [2] [1 2 3 4 5 6 8] [1 2 3 4 6] [1 2 3 4 5 6 8 15] [2 3 4] [1 2 3 4 6 7 8] [1 3] [] [] [] [] [] [] [] [] [] [] [] [] [] [] [] [] [] [] [] [] [] [] [] [] [] [] [] [] [] []
92 [] [1 2 3] [1 2 3 4 6 7] [1 2 3 4 5 6] [1 2 3 4 5] [1 2 3 4] [1] [1 2] [1 2 3 4 5 6 7] [2] [1 2 3 4 5 6 8] [1 2 3 4 6] [1 2 3 4 5 6 8 15] [2 3 4] [1 2 3 4 6 7 8] [1 3] [] [] [] [] [] [] [] [] [] [] [] [] [] [] [] [] [] [] [] [] [] [] [] [] [] [] [] [] [] [] []
93 [] [1 2 3 4 6 7] [1 2 3 4 5 6] [1 2 3 4 5] [1 2 3 4] [1] [1 2] [1 2 3 4 5 6 7] [2] [1 2 3 4 5 6 8] [1 2 3 4 6] [1 2 3 4 5 6 8 15] [2 3 4] [1 2 3] [1 2 3 4 6 7 8] [1 3] [] [] [] [] [] [] [] [] [] [] [] [] [] [] [] [] [] [] [] [] [] [] [] [] [] [] [] [] [] [] []
94 [] [1 2 3 4 5 6] [1 2 3 4 5] [2] [1 2 3 4] [1 2 3 4 5 6 8] [1 2] [1 2 3 4 6] [1] [1 2 3 4 5 6 8 15] [2 3 4] [1 2 3] [1 2 3 4 5 6 7] [1 2 3 4 6 7 8] [1 3] [] [] [] [] [] [] [] [] [] [] [] [] [] [] [] [] [] [] [] [] [] [] [] [] [] [] [] [] [] [] [] []
95 [] [1 2 3 4 5 6] [1 2 3 4 5] [2] [1 2 3 4] [1 2 3 4 5 6 8] [1 2] [1 2 3 4 6] [1] [1 2 3 4 5 6 8 15] [2 3 4] [1 2 3] [1 2 3 4 5 6 7] [1 2 3 4 6 7 8] [1 3] [] [] [] [] [] [] [] [] [] [] [] [] [] [] [] [] [] [] [] [] [] [] [] [] [] [] [] [] [] [] [] []
96 [] [2] [1 2 3 4 5] [1 2 3 4 5 6] [1 2 3 4] [1 2 3 4 5 6 8] [1 2] [1 2 3 4 6] [1] [1 2 3 4 5 6 8 15] [2 3 4] [1 2 3] [1 2 3 4 5 6 7] [1 2 3 4 6 7 8] [1 3] [] [] [] [] [] [] [] [] [] [] [] [] [] [] [] [] [] [] [] [] [] [] [] [] [] [] [] [] [] [] [] []
97 [] [1 2 3 4 5 6] [1 2 3 4 5] [1 2] [1 2 3 4 6] [1] [1 2 3 4 5 6 8 15] [1 2 3 4] [2 3 4] [1 2 3] [1 2 3 4 5 6 7] [2] [1 2 3 4 6 7 8] [1 3] [1 2 3 4 5 6 8] [] [] [] [] [] [] [] [] [] [] [] [] [] [] [] [] [] [] [] [] [] [] [] [] [] [] [] [] [] [] [] []
98 [] [1 2 3 4 5 6] [1 2] [1 2 3 4 6] [1 2 3 4 5] [1] [1 2 3 4 5 6 8 15] [1 2 3 4] [2 3 4] [1 2 3] [1 2 3 4 5 6 7] [2] [1 2 3 4 6 7 8] [1 3] [1 2 3 4 5 6 8] [] [] [] [] [] [] [] [] [] [] [] [] [] [] [] [] [] [] [] [] [] [] [] [] [] [] [] [] [] [] [] []
99 [] [1 2 3 4 6] [1 2 3 4 5] [1 2] [1] [1 2 3 4 5 6 8 15] [1 2 3 4 5 6] [1 2 3 4] [2 3 4] [1 2 3] [1 2 3 4 5 6 7] [2] [1 2 3 4 6 7 8] [1 3] [1 2 3 4 5 6 8] [] [] [] [] [] [] [] [] [] [] [] [] [] [] [] [] [] [] [] [] [] [] [] [] [] [] [] [] [] [] [] []
100 [] [1 2 3 4 5 6 8 15] [1] [1 2 3 4] [2 3 4] [1 2 3] [1 2 3 4 6] [1 2 3 4 5 6] [1 2] [1 2 3 4 5 6 7] [2] [1 2 3 4 6 7 8] [1 2 3 4 5] [1 3] [1 2 3 4 5 6 8] [] [] [] [] [] [] [] [] [] [] [] [] [] [] [] [] [] [] [] [] [] [] [] [] [] [] [] [] [] [] [] []
101 [] [1 2 3 4] [1 2 3 4 5] [2 3 4] [1 2 3] [1 2 3 4 6] [1 2 3 4 5 6 7 8] [1 2 3 4 5 6] [1 2] [1 2 3 4 5 6 7] [2] [1 2 3 4 6 7 8] [1 3] [1 2 3 4 5 6 8] [] [] [] [] [] [] [] [] [] [] [] [] [] [] [] [] [] [] [] [] [] [] [] [] [] [] [] [] [] [] [] [] []
102 [] [2 3 4] [1 2 3] [1 2 3 4 6] [1 2] [1 2 3 4 5 6 7] [1 2 3 4 5 6] [1 2 3 4 6 7 8] [1 2 3 4] [2] [1 2 3 4 5] [1 3] [1 2 3 4 5 6 8] [] [] [] [] [] [] [] [] [] [] [] [] [] [] [] [] [] [] [] [] [] [] [] [] [] [] [] [] [] [] [] [] [] []
103 [] [2 3 4] [1 2 3 4] [1 2 3] [1 2 3 4 6] [1 2] [1 2 3 4 5 6 7] [1 2 3 4 5 6] [1 2 3 4 6 7 8] [2] [1 2 3 4 5] [1 3] [1 2 3 4 5 6 8] [] [] [] [] [] [] [] [] [] [] [] [] [] [] [] [] [] [] [] [] [] [] [] [] [] [] [] [] [] [] [] [] [] []
104 [] [1 2 3 4] [1 2 3] [1 2 3 4 6] [1 2] [1 2 3 4 5 6 7] [1 2 3 4 5 6] [1 2 3 4 6 7 8] [2] [1 2 3 4 5] [1 3] [1 2 3 4 5 6 8] [] [] [] [] [] [] [] [] [] [] [] [] [] [] [] [] [] [] [] [] [] [] [] [] [] [] [] [] [] [] [] [] [] [] []
105 [] [1 2 3 4 6] [1 2] [1 2 3 4 5 6 7] [1 2 3 4 6 7 8] [1 2 3 4] [1 2 3 4 5 6] [1 2 3] [2] [1 2 3 4 5] [1 3] [1 2 3 4 5 6 8] [] [] [] [] [] [] [] [] [] [] [] [] [] [] [] [] [] [] [] [] [] [] [] [] [] [] [] [] [] [] [] [] [] [] []
106 [] [1 2 3 4 6] [1 2] [1 2 3 4 5 6 7] [1 2 3 4 6 7 8] [1 2 3 4] [1 2 3 4 5 6] [1 2 3] [2] [1 2 3 4 5] [1 3] [1 2 3 4 5 6 8] [] [] [] [] [] [] [] [] [] [] [] [] [] [] [] [] [] [] [] [] [] [] [] [] [] [] [] [] [] [] [] [] [] [] []
107 [] [1 2] [1 2 3 4 5] [1 2 3 4 5 6 7] [1 2 3 4 6 7 8] [1 2 3 4] [1 2 3 4 5 6] [1 2 3 4 6] [1 2 3] [2] [1 3] [1 2 3 4 5 6 8] [] [] [] [] [] [] [] [] [] [] [] [] [] [] [] [] [] [] [] [] [] [] [] [] [] [] [] [] [] [] [] [] [] [] []
108 [] [1 2 3 4 5] [1 2 3 4 5 6 7] [1 2 3 4 6 7 8] [1 2 3 4] [1 2 3 4 5 6] [1 2 3 4 6] [1 2 3] [2] [1 3] [1 2 3 4 5 6 8] [] [] [] [] [] [] [] [] [] [] [] [] [] [] [] [] [] [] [] [] [] [] [] [] [] [] [] [] [] [] [] [] [] [] [] []
109 [] [1 2 3 4 5 6 7] [1 2 3 4] [1 2 3 4 5 6] [1 2 3] [2] [1 2 3 4 5] [1 3] [1 2 3 4 5 6 8] [] [] [] [] [] [] [] [] [] [] [] [] [] [] [] [] [] [] [] [] [] [] [] [] [] [] [] [] [] [] [] [] [] [] [] [] [] []
110 [] [1 2 3 4] [1 2 3 4 5 6] [1 2 3] [2] [1 2 3 4 5 6 7] [1 2 3 4 5] [1 3] [1 2 3 4 5 6 8] [] [] [] [] [] [] [] [] [] [] [] [] [] [] [] [] [] [] [] [] [] [] [] [] [] [] [] [] [] [] [] [] [] [] [] [] [] []
111 [] [1 2 3 4 5 6] [1 2 3] [2] [1 2 3 4 5 6 7] [1 2 3 4] [1 2 3 4 5] [1 3] [1 2 3 4 5 6 8] [] [] [] [] [] [] [] [] [] [] [] [] [] [] [] [] [] [] [] [] [] [] [] [] [] [] [] [] [] [] [] [] [] [] [] [] [] []
112 [] [2] [1 2 3 4 5 6 7] [1 2 3 4] [1 2 3 4 5] [1 3] [1 2 3 4 5 6 8] [] [] [] [] [] [] [] [] [] [] [] [] [] [] [] [] [] [] [] [] [] [] [] [] [] [] [] [] [] [] [] [] [] [] [] [] [] [] [] []
113 [] [1 2 3 4 5] [1 2 3 4 5 6 8] [] [] [] [] [] [] [] [] [] [] [] [] [] [] [] [] [] [] [] [] [] [] [] [] [] [] [] [] [] [] [] [] [] [] [] [] [] [] [] [] [] [] [] []
