interv day time team
1 1 0 1
2 166 60 3
3 121 0 1
4 169 0 1
5 1 60 2
6 169 60 2
7 2 0 1
8 170 0 1
9 171 0 1
10 2 60 2
11 172 0 1
12 3 0 1
13 172 60 1
14 173 0 1
15 173 60 2
16 211 60 3
17 121 60 2
18 4 0 1
19 3 30 2
20 5 0 1
21 6 0 1
22 7 0 1
23 213 0 1
24 8 0 1
25 8 60 2
26 213 60 2
27 9 0 1
28 174 0 1
29 175 0 1
30 176 0 1
31 177 0 1
32 214 0 1
33 215 0 1
34 216 0 1
35 9 60 2
36 10 0 1
37 163 90 3
38 122 0 1
39 3 90 6
40 10 60 2
41 11 0 1
42 11 30 2
43 12 0 1
44 12 60 2
45 177 60 2
46 11 90 4
47 13 0 1
48 12 90 4
49 13 60 2
50 14 0 1
51 15 0 1
52 14 60 3
53 122 60 2
54 217 0 1
55 123 0 1
56 16 0 1
57 218 0 1
58 219 0 1
59 17 0 1
60 219 60 2
61 220 0 1
62 16 60 3
63 18 0 1
64 19 0 1
65 20 0 1
66 178 0 1
67 179 0 1
68 180 0 1
69 180 60 2
70 181 0 1
71 124 0 1
72 125 0 1
73 126 0 1
74 127 0 1
75 213 90 5
76 217 60 3
77 220 60 2
78 221 0 1
79 19 60 3
80 21 0 1
81 22 0 1
82 21 30 3
83 220 90 3
84 222 0 1
85 23 0 1
86 21 90 5
87 23 60 2
88 24 0 1
89 25 0 1
90 25 60 2
91 26 0 1
92 128 0 1
93 128 60 1
94 25 90 4
95 121 90 1
96 26 60 2
97 27 0 1
98 182 0 1
99 27 60 2
100 28 0 1
101 221 60 3
102 223 0 1
103 224 0 1
104 225 0 1
105 182 60 2
106 226 0 1
107 227 0 1
108 228 0 1
109 28 60 2
110 172 90 1
111 29 0 1
112 225 30 3
113 225 90 4
114 30 0 1
115 31 0 1
116 32 0 1
117 183 0 1
118 29 60 3
119 228 60 2
120 129 0 1
121 229 0 1
122 229 60 2
123 230 0 1
124 231 0 1
125 232 0 1
126 129 60 2
127 233 0 1
128 234 0 1
129 130 0 1
130 131 0 1
131 33 0 1
132 33 30 2
133 33 90 1
134 183 60 2
135 230 30 4
136 235 0 1
137 235 60 2
138 236 0 1
139 237 0 1
140 238 0 1
141 239 0 1
142 34 0 1
143 236 60 3
144 129 90 3
145 34 60 2
146 132 0 1
147 35 0 1
148 35 60 2
149 184 0 1
150 184 60 2
151 35 90 3
152 185 0 1
153 36 0 1
154 185 60 2
155 230 90 2
156 132 60 2
157 36 30 2
158 133 0 1
159 240 0 1
160 133 60 2
161 240 60 1
162 37 0 1
163 241 0 1
164 38 0 1
165 39 0 1
166 40 0 1
167 41 0 1
168 42 0 1
169 43 0 1
170 38 60 4
171 186 0 1
172 186 60 2
173 187 0 1
174 242 0 1
175 36 90 7
176 243 0 1
177 244 0 1
178 245 0 1
179 44 0 1
180 45 0 1
181 46 0 1
182 43 60 3
183 47 0 1
184 48 0 1
185 48 60 2
186 245 60 2
187 134 0 1
188 185 90 2
189 49 0 1
190 135 0 1
191 136 0 1
192 137 0 1
193 246 0 1
194 247 0 1
195 49 60 2
196 50 0 1
197 51 0 1
198 138 0 1
199 139 0 1
200 134 30 3
201 52 0 1
202 134 60 4
203 140 0 1
204 43 90 5
205 52 60 1
206 248 0 1
207 249 0 1
208 53 0 1
209 245 90 5
210 53 60 2
211 250 0 1
212 250 60 2
213 251 0 1
214 252 0 1
215 187 60 2
216 140 60 2
217 253 0 1
218 54 0 1
219 53 90 4
220 141 0 1
221 55 0 1
222 54 60 3
223 56 0 1
224 56 60 2
225 141 60 2
226 253 30 2
227 253 60 3
228 57 0 1
229 254 0 1
230 58 0 1
231 254 60 2
232 255 0 1
233 256 0 1
234 59 0 1
235 60 0 1
236 57 60 4
237 61 0 1
238 62 0 1
239 63 0 1
240 64 0 1
241 65 0 1
242 142 0 1
243 65 60 2
244 66 0 1
245 188 0 1
246 189 0 1
247 190 0 1
248 253 90 5
249 256 30 2
250 257 0 1
251 66 30 2
252 258 0 1
253 67 0 1
254 143 0 1
255 144 0 1
256 145 0 1
257 146 0 1
258 66 90 4
259 257 60 3
260 67 60 2
261 68 0 1
262 68 60 2
263 259 0 1
264 69 0 1
265 69 60 2
266 142 30 3
267 70 0 1
268 191 0 1
269 260 0 1
270 261 0 1
271 262 0 1
272 188 30 4
273 70 60 2
274 188 60 5
275 259 60 3
276 263 0 1
277 264 0 1
278 265 0 1
279 266 0 1
280 267 0 1
281 192 0 1
282 267 60 2
283 268 0 1
284 269 0 1
285 71 0 1
286 71 60 2
287 72 0 1
288 146 60 1
289 192 30 2
290 72 60 2
291 147 0 1
292 147 60 2
293 148 0 1
294 193 0 1
295 270 0 1
296 271 0 1
297 149 0 1
298 150 0 1
299 151 0 1
300 193 60 2
301 73 0 1
302 148 60 3
303 151 60 2
304 73 60 2
305 194 0 1
306 195 0 1
307 196 0 1
308 74 0 1
309 73 90 4
310 75 0 1
311 76 0 1
312 263 60 4
313 269 60 3
314 272 0 1
315 273 0 1
316 77 0 1
317 78 0 1
318 142 90 7
319 152 0 1
320 153 0 1
321 154 0 1
322 192 90 6
323 272 30 3
324 274 0 1
325 197 0 1
326 274 60 2
327 152 60 3
328 275 0 1
329 276 0 1
330 277 0 1
331 79 0 1
332 277 60 2
333 278 0 1
334 74 60 5
335 278 60 2
336 278 90 3
337 80 0 1
338 155 0 1
339 80 60 2
340 155 60 2
341 81 0 1
342 279 0 1
343 197 30 2
344 279 60 2
345 280 0 1
346 280 60 2
347 81 60 2
348 82 0 1
349 281 0 1
350 281 60 2
351 82 60 2
352 282 0 1
353 197 60 3
354 198 0 1
355 82 90 3
356 198 60 2
357 254 90 5
358 283 0 1
359 284 0 1
360 285 0 1
361 156 0 1
362 286 0 1
363 286 60 2
364 287 0 1
365 288 0 1
366 289 0 1
367 289 60 2
368 83 0 1
369 83 30 2
370 290 0 1
371 83 90 3
372 84 0 1
373 85 0 1
374 85 60 2
375 86 0 1
376 86 60 2
377 156 60 2
378 199 0 1
379 291 0 1
380 87 0 1
381 87 60 2
382 157 0 1
383 158 0 1
384 159 0 1
385 199 30 2
386 282 60 4
387 88 0 1
388 86 90 6
389 88 60 2
390 89 0 1
391 160 0 1
392 199 60 3
393 200 0 1
394 200 60 2
395 290 60 3
396 161 0 1
397 201 0 1
398 89 60 2
399 201 30 2
400 201 60 3
401 90 0 1
402 202 0 1
403 202 60 2
404 88 90 4
405 90 60 2
406 201 90 5
407 292 0 1
408 203 0 1
409 91 0 1
410 292 60 2
411 92 0 1
412 91 60 3
413 93 0 1
414 203 30 2
415 93 60 2
416 204 0 1
417 160 60 2
418 162 0 1
419 94 0 1
420 205 0 1
421 206 0 1
422 207 0 1
423 94 60 2
424 208 0 1
425 95 0 1
426 95 30 2
427 96 0 1
428 96 60 2
429 97 0 1
430 98 0 1
431 99 0 1
432 100 0 1
433 101 0 1
434 102 0 1
435 98 30 3
436 103 0 1
437 104 0 1
438 105 0 1
439 106 0 1
440 293 0 1
441 293 60 2
442 294 0 1
443 107 0 1
444 294 60 2
445 295 0 1
446 295 60 2
447 296 0 1
448 106 60 1
449 160 90 3
450 296 60 2
451 204 60 1
452 108 0 1
453 208 60 2
454 209 0 1
455 209 60 1
456 297 0 1
457 297 60 2
458 108 60 2
459 298 0 1
460 298 60 2
461 95 90 4
462 109 0 1
463 256 90 13
464 272 90 12
465 109 60 2
466 299 0 1
467 110 0 1
468 111 0 1
469 162 60 2
470 162 90 3
471 203 90 6
472 112 0 1
473 113 0 1
474 114 0 1
475 114 60 2
476 163 0 1
477 164 0 1
478 115 0 1
479 165 0 1
480 165 60 2
481 115 60 2
482 166 0 1
483 116 0 1
484 116 60 2
485 163 60 3
486 210 0 1
487 117 0 1
488 299 60 2
489 118 0 1
490 210 60 2
491 211 0 1
492 117 60 3
493 119 0 1
494 167 0 1
495 168 0 1
496 98 90 1
497 119 60 2
498 120 0 1
499 120 60 2
500 212 0 1
