0 1 2
0 2 3
0 3 4
0 4 5
0 5 6
0 6 7
0 7 8
0 8 9
0 9 10
0 10 11
0 11 12
0 12 13
0 13 14
0 14 15
0 15 16
0 16 17
0 17 18
0 18 19
0 19 20
0 20 21
0 21 22
0 22 23
0 23 24
0 24 25
0 25 26
0 26 27
0 27 28
0 28 29
0 29 30
0 30 31
0 31 32
0 32 33
0 33 34
0 34 35
0 35 36
0 36 37
0 37 38
0 38 39
0 39 40
1 1 2
1 2 3
1 3 4
1 4 5
1 5 6
1 6 7
1 7 8
1 8 9
1 9 10
1 10 11
1 11 12
1 12 13
1 13 14
1 14 15
1 15 16
1 16 17
1 17 18
1 18 19
1 19 20
1 20 21
1 21 22
1 22 23
1 23 24
1 24 25
1 25 26
1 26 27
1 27 28
1 28 29
1 29 30
1 30 31
1 31 32
1 32 33
1 33 34
1 34 35
1 35 36
1 36 37
1 37 38
1 38 39
1 39 40
2 1 2
2 2 3
2 3 4
2 4 5
2 5 6
2 6 7
2 7 8
2 8 9
2 9 10
2 10 11
2 11 12
2 12 13
2 13 14
2 14 15
2 15 16
2 16 17
2 17 18
2 18 19
2 19 20
2 20 21
2 21 22
2 22 23
2 23 24
2 24 25
2 25 26
2 26 27
2 27 28
2 28 29
2 29 30
2 30 31
2 31 32
2 32 33
2 33 34
2 34 35
2 35 36
2 36 37
2 37 38
2 38 39
2 39 40
3 1 2
3 2 3
3 3 4
3 4 5
3 5 6
3 6 7
3 7 8
3 8 9
3 9 10
3 10 11
3 11 12
3 12 13
3 13 14
3 14 15
3 15 16
3 16 17
3 17 18
3 18 19
3 19 20
3 20 21
3 21 22
3 22 23
3 23 24
3 24 25
3 25 26
3 26 27
3 27 28
3 28 29
3 29 30
3 30 31
3 31 32
3 32 33
3 33 34
3 34 35
3 35 36
3 36 37
3 37 38
3 38 39
3 39 40
4 1 2
4 2 3
4 3 4
4 4 5
4 5 6
4 6 7
4 7 8
4 8 9
4 9 10
4 10 11
4 11 12
4 12 13
4 13 14
4 14 15
4 15 16
4 16 17
4 17 18
4 18 19
4 19 20
4 20 21
4 21 22
4 22 23
4 23 24
4 24 25
4 25 26
4 26 27
4 27 28
4 28 29
4 29 30
4 30 31
4 31 32
4 32 33
4 33 34
4 34 35
4 35 36
4 36 37
4 37 38
4 38 39
4 39 40
5 1 2
5 2 3
5 3 4
5 4 5
5 5 6
5 6 7
5 7 8
5 8 9
5 9 10
5 10 11
5 11 12
5 12 13
5 13 14
5 14 15
5 15 16
5 16 17
5 17 18
5 18 19
5 19 20
5 20 21
5 21 22
5 22 23
5 23 24
5 24 25
5 25 26
5 26 27
5 27 28
5 28 29
5 29 30
5 30 31
5 31 32
5 32 33
5 33 34
5 34 35
5 35 36
5 36 37
5 37 38
5 38 39
5 39 40
6 1 2
6 2 3
6 3 4
6 4 5
6 5 6
6 6 7
6 7 8
6 8 9
6 9 10
6 10 11
6 11 12
6 12 13
6 13 14
6 14 15
6 15 16
6 16 17
6 17 18
6 18 19
6 19 20
6 20 21
6 21 22
6 22 23
6 23 24
6 24 25
6 25 26
6 26 27
6 27 28
6 28 29
6 29 30
6 30 31
6 31 32
6 32 33
6 33 34
6 34 35
6 35 36
6 36 37
6 37 38
6 38 39
6 39 40
7 1 2
7 2 3
7 3 4
7 4 5
7 5 6
7 6 7
7 7 8
7 8 9
7 9 10
7 10 11
7 11 12
7 12 13
7 13 14
7 14 15
7 15 16
7 16 17
7 17 18
7 18 19
7 19 20
7 20 21
7 21 22
7 22 23
7 23 24
7 24 25
7 25 26
7 26 27
7 27 28
7 28 29
7 29 30
7 30 31
7 31 32
7 32 33
7 33 34
7 34 35
7 35 36
7 36 37
7 37 38
7 38 39
7 39 40
8 1 2
8 2 3
8 3 4
8 4 5
8 5 6
8 6 7
8 7 8
8 8 9
8 9 10
8 10 11
8 11 12
8 12 13
8 13 14
8 14 15
8 15 16
8 16 17
8 17 18
8 18 19
8 19 20
8 20 21
8 21 22
8 22 23
8 23 24
8 24 25
8 25 26
8 26 27
8 27 28
8 28 29
8 29 30
8 30 31
8 31 32
8 32 33
8 33 34
8 34 35
8 35 36
8 36 37
8 37 38
8 38 39
8 39 40
9 1 2
9 2 3
9 3 4
9 4 5
9 5 6
9 6 7
9 7 8
9 8 9
9 9 10
9 10 11
9 11 12
9 12 13
9 13 14
9 14 15
9 15 16
9 16 17
9 17 18
9 18 19
9 19 20
9 20 21
9 21 22
9 22 23
9 23 24
9 24 25
9 25 26
9 26 27
9 27 28
9 28 29
9 29 30
9 30 31
9 31 32
9 32 33
9 33 34
9 34 35
9 35 36
9 36 37
9 37 38
9 38 39
9 39 40
10 1 2
10 2 3
10 3 4
10 4 5
10 5 6
10 6 7
10 7 8
10 8 9
10 9 10
10 10 11
10 11 12
10 12 13
10 13 14
10 14 15
10 15 16
10 16 17
10 17 18
10 18 19
10 19 20
10 20 21
10 21 22
10 22 23
10 23 24
10 24 25
10 25 26
10 26 27
10 27 28
10 28 29
10 29 30
10 30 31
10 31 32
10 32 33
10 33 34
10 34 35
10 35 36
10 36 37
10 37 38
10 38 39
10 39 40
11 1 2
11 2 3
11 3 4
11 4 5
11 5 6
11 6 7
11 7 8
11 8 9
11 9 10
11 10 11
11 11 12
11 12 13
11 13 14
11 14 15
11 15 16
11 16 17
11 17 18
11 18 19
11 19 20
11 20 21
11 21 22
11 22 23
11 23 24
11 24 25
11 25 26
11 26 27
11 27 28
11 28 29
11 29 30
11 30 31
11 31 32
11 32 33
11 33 34
11 34 35
11 35 36
11 36 37
11 37 38
11 38 39
11 39 40
12 1 2
12 2 3
12 3 4
12 4 5
12 5 6
12 6 7
12 7 8
12 8 9
12 9 10
12 10 11
12 11 12
12 12 13
12 13 14
12 14 15
12 15 16
12 16 17
12 17 18
12 18 19
12 19 20
12 20 21
12 21 22
12 22 23
12 23 24
12 24 25
12 25 26
12 26 27
12 27 28
12 28 29
12 29 30
12 30 31
12 31 32
12 32 33
12 33 34
12 34 35
12 35 36
12 36 37
12 37 38
12 38 39
12 39 40
13 1 2
13 2 3
13 3 4
13 4 5
13 5 6
13 6 7
13 7 8
13 8 9
13 9 10
13 10 11
13 11 12
13 12 13
13 13 14
13 14 15
13 15 16
13 16 17
13 17 18
13 18 19
13 19 20
13 20 21
13 21 22
13 22 23
13 23 24
13 24 25
13 25 26
13 26 27
13 27 28
13 28 29
13 29 30
13 30 31
13 31 32
13 32 33
13 33 34
13 34 35
13 35 36
13 36 37
13 37 38
13 38 39
13 39 40
14 1 2
14 2 3
14 3 4
14 4 5
14 5 6
14 6 7
14 7 8
14 8 9
14 9 10
14 10 11
14 11 12
14 12 13
14 13 14
14 14 15
14 15 16
14 16 17
14 17 18
14 18 19
14 19 20
14 20 21
14 21 22
14 22 23
14 23 24
14 24 25
14 25 26
14 26 27
14 27 28
14 28 29
14 29 30
14 30 31
14 31 32
14 32 33
14 33 34
14 34 35
14 35 36
14 36 37
14 37 38
14 38 39
14 39 40
15 1 2
15 2 3
15 3 4
15 4 5
15 5 6
15 6 7
15 7 8
15 8 9
15 9 10
15 10 11
15 11 12
15 12 13
15 13 14
15 14 15
15 15 16
15 16 17
15 17 18
15 18 19
15 19 20
15 20 21
15 21 22
15 22 23
15 23 24
15 24 25
15 25 26
15 26 27
15 27 28
15 28 29
15 29 30
15 30 31
15 31 32
15 32 33
15 33 34
15 34 35
15 35 36
15 36 37
15 37 38
15 38 39
15 39 40
16 1 2
16 2 3
16 3 4
16 4 5
16 5 6
16 6 7
16 7 8
16 8 9
16 9 10
16 10 11
16 11 12
16 12 13
16 13 14
16 14 15
16 15 16
16 16 17
16 17 18
16 18 19
16 19 20
16 20 21
16 21 22
16 22 23
16 23 24
16 24 25
16 25 26
16 26 27
16 27 28
16 28 29
16 29 30
16 30 31
16 31 32
16 32 33
16 33 34
16 34 35
16 35 36
16 36 37
16 37 38
16 38 39
16 39 40
17 1 2
17 2 3
17 3 4
17 4 5
17 5 6
17 6 7
17 7 8
17 8 9
17 9 10
17 10 11
17 11 12
17 12 13
17 13 14
17 14 15
17 15 16
17 16 17
17 17 18
17 18 19
17 19 20
17 20 21
17 21 22
17 22 23
17 23 24
17 24 25
17 25 26
17 26 27
17 27 28
17 28 29
17 29 30
17 30 31
17 31 32
17 32 33
17 33 34
17 34 35
17 35 36
17 36 37
17 37 38
17 38 39
17 39 40
18 1 2
18 2 3
18 3 4
18 4 5
18 5 6
18 6 7
18 7 8
18 8 9
18 9 10
18 10 11
18 11 12
18 12 13
18 13 14
18 14 15
18 15 16
18 16 17
18 17 18
18 18 19
18 19 20
18 20 21
18 21 22
18 22 23
18 23 24
18 24 25
18 25 26
18 26 27
18 27 28
18 28 29
18 29 30
18 30 31
18 31 32
18 32 33
18 33 34
18 34 35
18 35 36
18 36 37
18 37 38
18 38 39
18 39 40
19 1 2
19 2 3
19 3 4
19 4 5
19 5 6
19 6 7
19 7 8
19 8 9
19 9 10
19 10 11
19 11 12
19 12 13
19 13 14
19 14 15
19 15 16
19 16 17
19 17 18
19 18 19
19 19 20
19 20 21
19 21 22
19 22 23
19 23 24
19 24 25
19 25 26
19 26 27
19 27 28
19 28 29
19 29 30
19 30 31
19 31 32
19 32 33
19 33 34
19 34 35
19 35 36
19 36 37
19 37 38
19 38 39
19 39 40
20 1 2
20 2 3
20 3 4
20 4 5
20 5 6
20 6 7
20 7 8
20 8 9
20 9 10
20 10 11
20 11 12
20 12 13
20 13 14
20 14 15
20 15 16
20 16 17
20 17 18
20 18 19
20 19 20
20 20 21
20 21 22
20 22 23
20 23 24
20 24 25
20 25 26
20 26 27
20 27 28
20 28 29
20 29 30
20 30 31
20 31 32
20 32 33
20 33 34
20 34 35
20 35 36
20 36 37
20 37 38
20 38 39
20 39 40
21 1 2
21 2 3
21 3 4
21 4 5
21 5 6
21 6 7
21 7 8
21 8 9
21 9 10
21 10 11
21 11 12
21 12 13
21 13 14
21 14 15
21 15 16
21 16 17
21 17 18
21 18 19
21 19 20
21 20 21
21 21 22
21 22 23
21 23 24
21 24 25
21 25 26
21 26 27
21 27 28
21 28 29
21 29 30
21 30 31
21 31 32
21 32 33
21 33 34
21 34 35
21 35 36
21 36 37
21 37 38
21 38 39
21 39 40
22 1 2
22 2 3
22 3 4
22 4 5
22 5 6
22 6 7
22 7 8
22 8 9
22 9 10
22 10 11
22 11 12
22 12 13
22 13 14
22 14 15
22 15 16
22 16 17
22 17 18
22 18 19
22 19 20
22 20 21
22 21 22
22 22 23
22 23 24
22 24 25
22 25 26
22 26 27
22 27 28
22 28 29
22 29 30
22 30 31
22 31 32
22 32 33
22 33 34
22 34 35
22 35 36
22 36 37
22 37 38
22 38 39
22 39 40
23 1 2
23 2 3
23 3 4
23 4 5
23 5 6
23 6 7
23 7 8
23 8 9
23 9 10
23 10 11
23 11 12
23 12 13
23 13 14
23 14 15
23 15 16
23 16 17
23 17 18
23 18 19
23 19 20
23 20 21
23 21 22
23 22 23
23 23 24
23 24 25
23 25 26
23 26 27
23 27 28
23 28 29
23 29 30
23 30 31
23 31 32
23 32 33
23 33 34
23 34 35
23 35 36
23 36 37
23 37 38
23 38 39
23 39 40
24 1 2
24 2 3
24 3 4
24 4 5
24 5 6
24 6 7
24 7 8
24 8 9
24 9 10
24 10 11
24 11 12
24 12 13
24 13 14
24 14 15
24 15 16
24 16 17
24 17 18
24 18 19
24 19 20
24 20 21
24 21 22
24 22 23
24 23 24
24 24 25
24 25 26
24 26 27
24 27 28
24 28 29
24 29 30
24 30 31
24 31 32
24 32 33
24 33 34
24 34 35
24 35 36
24 36 37
24 37 38
24 38 39
24 39 40
25 1 2
25 2 3
25 3 4
25 4 5
25 5 6
25 6 7
25 7 8
25 8 9
25 9 10
25 10 11
25 11 12
25 12 13
25 13 14
25 14 15
25 15 16
25 16 17
25 17 18
25 18 19
25 19 20
25 20 21
25 21 22
25 22 23
25 23 24
25 24 25
25 25 26
25 26 27
25 27 28
25 28 29
25 29 30
25 30 31
25 31 32
25 32 33
25 33 34
25 34 35
25 35 36
25 36 37
25 37 38
25 38 39
25 39 40
26 1 2
26 2 3
26 3 4
26 4 5
26 5 6
26 6 7
26 7 8
26 8 9
26 9 10
26 10 11
26 11 12
26 12 13
26 13 14
26 14 15
26 15 16
26 16 17
26 17 18
26 18 19
26 19 20
26 20 21
26 21 22
26 22 23
26 23 24
26 24 25
26 25 26
26 26 27
26 27 28
26 28 29
26 29 30
26 30 31
26 31 32
26 32 33
26 33 34
26 34 35
26 35 36
26 36 37
26 37 38
26 38 39
26 39 40
27 1 2
27 2 3
27 3 4
27 4 5
27 5 6
27 6 7
27 7 8
27 8 9
27 9 10
27 10 11
27 11 12
27 12 13
27 13 14
27 14 15
27 15 16
27 16 17
27 17 18
27 18 19
27 19 20
27 20 21
27 21 22
27 22 23
27 23 24
27 24 25
27 25 26
27 26 27
27 27 28
27 28 29
27 29 30
27 30 31
27 31 32
27 32 33
27 33 34
27 34 35
27 35 36
27 36 37
27 37 38
27 38 39
27 39 40
28 1 2
28 2 3
28 3 4
28 4 5
28 5 6
28 6 7
28 7 8
28 8 9
28 9 10
28 10 11
28 11 12
28 12 13
28 13 14
28 14 15
28 15 16
28 16 17
28 17 18
28 18 19
28 19 20
28 20 21
28 21 22
28 22 23
28 23 24
28 24 25
28 25 26
28 26 27
28 27 28
28 28 29
28 29 30
28 30 31
28 31 32
28 32 33
28 33 34
28 34 35
28 35 36
28 36 37
28 37 38
28 38 39
28 39 40
29 1 2
29 2 3
29 3 4
29 4 5
29 5 6
29 6 7
29 7 8
29 8 9
29 9 10
29 10 11
29 11 12
29 12 13
29 13 14
29 14 15
29 15 16
29 16 17
29 17 18
29 18 19
29 19 20
29 20 21
29 21 22
29 22 23
29 23 24
29 24 25
29 25 26
29 26 27
29 27 28
29 28 29
29 29 30
29 30 31
29 31 32
29 32 33
29 33 34
29 34 35
29 35 36
29 36 37
29 37 38
29 38 39
29 39 40
30 1 2
30 2 3
30 3 4
30 4 5
30 5 6
30 6 7
30 7 8
30 8 9
30 9 10
30 10 11
30 11 12
30 12 13
30 13 14
30 14 15
30 15 16
30 16 17
30 17 18
30 18 19
30 19 20
30 20 21
30 21 22
30 22 23
30 23 24
30 24 25
30 25 26
30 26 27
30 27 28
30 28 29
30 29 30
30 30 31
30 31 32
30 32 33
30 33 34
30 34 35
30 35 36
30 36 37
30 37 38
30 38 39
30 39 40
31 1 2
31 2 3
31 3 4
31 4 5
31 5 6
31 6 7
31 7 8
31 8 9
31 9 10
31 10 11
31 11 12
31 12 13
31 13 14
31 14 15
31 15 16
31 16 17
31 17 18
31 18 19
31 19 20
31 20 21
31 21 22
31 22 23
31 23 24
31 24 25
31 25 26
31 26 27
31 27 28
31 28 29
31 29 30
31 30 31
31 31 32
31 32 33
31 33 34
31 34 35
31 35 36
31 36 37
31 37 38
31 38 39
31 39 40
32 1 2
32 2 3
32 3 4
32 4 5
32 5 6
32 6 7
32 7 8
32 8 9
32 9 10
32 10 11
32 11 12
32 12 13
32 13 14
32 14 15
32 15 16
32 16 17
32 17 18
32 18 19
32 19 20
32 20 21
32 21 22
32 22 23
32 23 24
32 24 25
32 25 26
32 26 27
32 27 28
32 28 29
32 29 30
32 30 31
32 31 32
32 32 33
32 33 34
32 34 35
32 35 36
32 36 37
32 37 38
32 38 39
32 39 40
33 1 2
33 2 3
33 3 4
33 4 5
33 5 6
33 6 7
33 7 8
33 8 9
33 9 10
33 10 11
33 11 12
33 12 13
33 13 14
33 14 15
33 15 16
33 16 17
33 17 18
33 18 19
33 19 20
33 20 21
33 21 22
33 22 23
33 23 24
33 24 25
33 25 26
33 26 27
33 27 28
33 28 29
33 29 30
33 30 31
33 31 32
33 32 33
33 33 34
33 34 35
33 35 36
33 36 37
33 37 38
33 38 39
33 39 40
34 1 2
34 2 3
34 3 4
34 4 5
34 5 6
34 6 7
34 7 8
34 8 9
34 9 10
34 10 11
34 11 12
34 12 13
34 13 14
34 14 15
34 15 16
34 16 17
34 17 18
34 18 19
34 19 20
34 20 21
34 21 22
34 22 23
34 23 24
34 24 25
34 25 26
34 26 27
34 27 28
34 28 29
34 29 30
34 30 31
34 31 32
34 32 33
34 33 34
34 34 35
34 35 36
34 36 37
34 37 38
34 38 39
34 39 40
35 1 2
35 2 3
35 3 4
35 4 5
35 5 6
35 6 7
35 7 8
35 8 9
35 9 10
35 10 11
35 11 12
35 12 13
35 13 14
35 14 15
35 15 16
35 16 17
35 17 18
35 18 19
35 19 20
35 20 21
35 21 22
35 22 23
35 23 24
35 24 25
35 25 26
35 26 27
35 27 28
35 28 29
35 29 30
35 30 31
35 31 32
35 32 33
35 33 34
35 34 35
35 35 36
35 36 37
35 37 38
35 38 39
35 39 40
36 1 2
36 2 3
36 3 4
36 4 5
36 5 6
36 6 7
36 7 8
36 8 9
36 9 10
36 10 11
36 11 12
36 12 13
36 13 14
36 14 15
36 15 16
36 16 17
36 17 18
36 18 19
36 19 20
36 20 21
36 21 22
36 22 23
36 23 24
36 24 25
36 25 26
36 26 27
36 27 28
36 28 29
36 29 30
36 30 31
36 31 32
36 32 33
36 33 34
36 34 35
36 35 36
36 36 37
36 37 38
36 38 39
36 39 40
37 1 2
37 2 3
37 3 4
37 4 5
37 5 6
37 6 7
37 7 8
37 8 9
37 9 10
37 10 11
37 11 12
37 12 13
37 13 14
37 14 15
37 15 16
37 16 17
37 17 18
37 18 19
37 19 20
37 20 21
37 21 22
37 22 23
37 23 24
37 24 25
37 25 26
37 26 27
37 27 28
37 28 29
37 29 30
37 30 31
37 31 32
37 32 33
37 33 34
37 34 35
37 35 36
37 36 37
37 37 38
37 38 39
37 39 40
38 1 2
38 2 3
38 3 4
38 4 5
38 5 6
38 6 7
38 7 8
38 8 9
38 9 10
38 10 11
38 11 12
38 12 13
38 13 14
38 14 15
38 15 16
38 16 17
38 17 18
38 18 19
38 19 20
38 20 21
38 21 22
38 22 23
38 23 24
38 24 25
38 25 26
38 26 27
38 27 28
38 28 29
38 29 30
38 30 31
38 31 32
38 32 33
38 33 34
38 34 35
38 35 36
38 36 37
38 37 38
38 38 39
38 39 40
39 1 2
39 2 3
39 3 4
39 4 5
39 5 6
39 6 7
39 7 8
39 8 9
39 9 10
39 10 11
39 11 12
39 12 13
39 13 14
39 14 15
39 15 16
39 16 17
39 17 18
39 18 19
39 19 20
39 20 21
39 21 22
39 22 23
39 23 24
39 24 25
39 25 26
39 26 27
39 27 28
39 28 29
39 29 30
39 30 31
39 31 32
39 32 33
39 33 34
39 34 35
39 35 36
39 36 37
39 37 38
39 38 39
39 39 40
40 1 2
40 2 3
40 3 4
40 4 5
40 5 6
40 6 7
40 7 8
40 8 9
40 9 10
40 10 11
40 11 12
40 12 13
40 13 14
40 14 15
40 15 16
40 16 17
40 17 18
40 18 19
40 19 20
40 20 21
40 21 22
40 22 23
40 23 24
40 24 25
40 25 26
40 26 27
40 27 28
40 28 29
40 29 30
40 30 31
40 31 32
40 32 33
40 33 34
40 34 35
40 35 36
40 36 37
40 37 38
40 38 39
40 39 40
41 1 2
41 2 3
41 3 4
41 4 5
41 5 6
41 6 7
41 7 8
41 8 9
41 9 10
41 10 11
41 11 12
41 12 13
41 13 14
41 14 15
41 15 16
41 16 17
41 17 18
41 18 19
41 19 20
41 20 21
41 21 22
41 22 23
41 23 24
41 24 25
41 25 26
41 26 27
41 27 28
41 28 29
41 29 30
41 30 31
41 31 32
41 32 33
41 33 34
41 34 35
41 35 36
41 36 37
41 37 38
41 38 39
41 39 40
42 1 2
42 2 3
42 3 4
42 4 5
42 5 6
42 6 7
42 7 8
42 8 9
42 9 10
42 10 11
42 11 12
42 12 13
42 13 14
42 14 15
42 15 16
42 16 17
42 17 18
42 18 19
42 19 20
42 20 21
42 21 22
42 22 23
42 23 24
42 24 25
42 25 26
42 26 27
42 27 28
42 28 29
42 29 30
42 30 31
42 31 32
42 32 33
42 33 34
42 34 35
42 35 36
42 36 37
42 37 38
42 38 39
42 39 40
43 1 2
43 2 3
43 3 4
43 4 5
43 5 6
43 6 7
43 7 8
43 8 9
43 9 10
43 10 11
43 11 12
43 12 13
43 13 14
43 14 15
43 15 16
43 16 17
43 17 18
43 18 19
43 19 20
43 20 21
43 21 22
43 22 23
43 23 24
43 24 25
43 25 26
43 26 27
43 27 28
43 28 29
43 29 30
43 30 31
43 31 32
43 32 33
43 33 34
43 34 35
43 35 36
43 36 37
43 37 38
43 38 39
43 39 40
44 1 2
44 2 3
44 3 4
44 4 5
44 5 6
44 6 7
44 7 8
44 8 9
44 9 10
44 10 11
44 11 12
44 12 13
44 13 14
44 14 15
44 15 16
44 16 17
44 17 18
44 18 19
44 19 20
44 20 21
44 21 22
44 22 23
44 23 24
44 24 25
44 25 26
44 26 27
44 27 28
44 28 29
44 29 30
44 30 31
44 31 32
44 32 33
44 33 34
44 34 35
44 35 36
44 36 37
44 37 38
44 38 39
44 39 40
45 1 2
45 2 3
45 3 4
45 4 5
45 5 6
45 6 7
45 7 8
45 8 9
45 9 10
45 10 11
45 11 12
45 12 13
45 13 14
45 14 15
45 15 16
45 16 17
45 17 18
45 18 19
45 19 20
45 20 21
45 21 22
45 22 23
45 23 24
45 24 25
45 25 26
45 26 27
45 27 28
45 28 29
45 29 30
45 30 31
45 31 32
45 32 33
45 33 34
45 34 35
45 35 36
45 36 37
45 37 38
45 38 39
45 39 40
46 1 2
46 2 3
46 3 4
46 4 5
46 5 6
46 6 7
46 7 8
46 8 9
46 9 10
46 10 11
46 11 12
46 12 13
46 13 14
46 14 15
46 15 16
46 16 17
46 17 18
46 18 19
46 19 20
46 20 21
46 21 22
46 22 23
46 23 24
46 24 25
46 25 26
46 26 27
46 27 28
46 28 29
46 29 30
46 30 31
46 31 32
46 32 33
46 33 34
46 34 35
46 35 36
46 36 37
46 37 38
46 38 39
46 39 40
47 1 2
47 2 3
47 3 4
47 4 5
47 5 6
47 6 7
47 7 8
47 8 9
47 9 10
47 10 11
47 11 12
47 12 13
47 13 14
47 14 15
47 15 16
47 16 17
47 17 18
47 18 19
47 19 20
47 20 21
47 21 22
47 22 23
47 23 24
47 24 25
47 25 26
47 26 27
47 27 28
47 28 29
47 29 30
47 30 31
47 31 32
47 32 33
47 33 34
47 34 35
47 35 36
47 36 37
47 37 38
47 38 39
47 39 40
48 1 2
48 2 3
48 3 4
48 4 5
48 5 6
48 6 7
48 7 8
48 8 9
48 9 10
48 10 11
48 11 12
48 12 13
48 13 14
48 14 15
48 15 16
48 16 17
48 17 18
48 18 19
48 19 20
48 20 21
48 21 22
48 22 23
48 23 24
48 24 25
48 25 26
48 26 27
48 27 28
48 28 29
48 29 30
48 30 31
48 31 32
48 32 33
48 33 34
48 34 35
48 35 36
48 36 37
48 37 38
48 38 39
48 39 40
49 1 2
49 2 3
49 3 4
49 4 5
49 5 6
49 6 7
49 7 8
49 8 9
49 9 10
49 10 11
49 11 12
49 12 13
49 13 14
49 14 15
49 15 16
49 16 17
49 17 18
49 18 19
49 19 20
49 20 21
49 21 22
49 22 23
49 23 24
49 24 25
49 25 26
49 26 27
49 27 28
49 28 29
49 29 30
49 30 31
49 31 32
49 32 33
49 33 34
49 34 35
49 35 36
49 36 37
49 37 38
49 38 39
49 39 40
50 1 2
50 2 3
50 3 4
50 4 5
50 5 6
50 6 7
50 7 8
50 8 9
50 9 10
50 10 11
50 11 12
50 12 13
50 13 14
50 14 15
50 15 16
50 16 17
50 17 18
50 18 19
50 19 20
50 20 21
50 21 22
50 22 23
50 23 24
50 24 25
50 25 26
50 26 27
50 27 28
50 28 29
50 29 30
50 30 31
50 31 32
50 32 33
50 33 34
50 34 35
50 35 36
50 36 37
50 37 38
50 38 39
50 39 40
51 1 2
51 2 3
51 3 4
51 4 5
51 5 6
51 6 7
51 7 8
51 8 9
51 9 10
51 10 11
51 11 12
51 12 13
51 13 14
51 14 15
51 15 16
51 16 17
51 17 18
51 18 19
51 19 20
51 20 21
51 21 22
51 22 23
51 23 24
51 24 25
51 25 26
51 26 27
51 27 28
51 28 29
51 29 30
51 30 31
51 31 32
51 32 33
51 33 34
51 34 35
51 35 36
51 36 37
51 37 38
51 38 39
51 39 40
52 1 2
52 2 3
52 3 4
52 4 5
52 5 6
52 6 7
52 7 8
52 8 9
52 9 10
52 10 11
52 11 12
52 12 13
52 13 14
52 14 15
52 15 16
52 16 17
52 17 18
52 18 19
52 19 20
52 20 21
52 21 22
52 22 23
52 23 24
52 24 25
52 25 26
52 26 27
52 27 28
52 28 29
52 29 30
52 30 31
52 31 32
52 32 33
52 33 34
52 34 35
52 35 36
52 36 37
52 37 38
52 38 39
52 39 40
53 1 2
53 2 3
53 3 4
53 4 5
53 5 6
53 6 7
53 7 8
53 8 9
53 9 10
53 10 11
53 11 12
53 12 13
53 13 14
53 14 15
53 15 16
53 16 17
53 17 18
53 18 19
53 19 20
53 20 21
53 21 22
53 22 23
53 23 24
53 24 25
53 25 26
53 26 27
53 27 28
53 28 29
53 29 30
53 30 31
53 31 32
53 32 33
53 33 34
53 34 35
53 35 36
53 36 37
53 37 38
53 38 39
53 39 40
54 1 2
54 2 3
54 3 4
54 4 5
54 5 6
54 6 7
54 7 8
54 8 9
54 9 10
54 10 11
54 11 12
54 12 13
54 13 14
54 14 15
54 15 16
54 16 17
54 17 18
54 18 19
54 19 20
54 20 21
54 21 22
54 22 23
54 23 24
54 24 25
54 25 26
54 26 27
54 27 28
54 28 29
54 29 30
54 30 31
54 31 32
54 32 33
54 33 34
54 34 35
54 35 36
54 36 37
54 37 38
54 38 39
54 39 40
55 1 2
55 2 3
55 3 4
55 4 5
55 5 6
55 6 7
55 7 8
55 8 9
55 9 10
55 10 11
55 11 12
55 12 13
55 13 14
55 14 15
55 15 16
55 16 17
55 17 18
55 18 19
55 19 20
55 20 21
55 21 22
55 22 23
55 23 24
55 24 25
55 25 26
55 26 27
55 27 28
55 28 29
55 29 30
55 30 31
55 31 32
55 32 33
55 33 34
55 34 35
55 35 36
55 36 37
55 37 38
55 38 39
55 39 40
56 1 2
56 2 3
56 3 4
56 4 5
56 5 6
56 6 7
56 7 8
56 8 9
56 9 10
56 10 11
56 11 12
56 12 13
56 13 14
56 14 15
56 15 16
56 16 17
56 17 18
56 18 19
56 19 20
56 20 21
56 21 22
56 22 23
56 23 24
56 24 25
56 25 26
56 26 27
56 27 28
56 28 29
56 29 30
56 30 31
56 31 32
56 32 33
56 33 34
56 34 35
56 35 36
56 36 37
56 37 38
56 38 39
56 39 40
57 1 2
57 2 3
57 3 4
57 4 5
57 5 6
57 6 7
57 7 8
57 8 9
57 9 10
57 10 11
57 11 12
57 12 13
57 13 14
57 14 15
57 15 16
57 16 17
57 17 18
57 18 19
57 19 20
57 20 21
57 21 22
57 22 23
57 23 24
57 24 25
57 25 26
57 26 27
57 27 28
57 28 29
57 29 30
57 30 31
57 31 32
57 32 33
57 33 34
57 34 35
57 35 36
57 36 37
57 37 38
57 38 39
57 39 40
58 1 2
58 2 3
58 3 4
58 4 5
58 5 6
58 6 7
58 7 8
58 8 9
58 9 10
58 10 11
58 11 12
58 12 13
58 13 14
58 14 15
58 15 16
58 16 17
58 17 18
58 18 19
58 19 20
58 20 21
58 21 22
58 22 23
58 23 24
58 24 25
58 25 26
58 26 27
58 27 28
58 28 29
58 29 30
58 30 31
58 31 32
58 32 33
58 33 34
58 34 35
58 35 36
58 36 37
58 37 38
58 38 39
58 39 40
59 1 2
59 2 3
59 3 4
59 4 5
59 5 6
59 6 7
59 7 8
59 8 9
59 9 10
59 10 11
59 11 12
59 12 13
59 13 14
59 14 15
59 15 16
59 16 17
59 17 18
59 18 19
59 19 20
59 20 21
59 21 22
59 22 23
59 23 24
59 24 25
59 25 26
59 26 27
59 27 28
59 28 29
59 29 30
59 30 31
59 31 32
59 32 33
59 33 34
59 34 35
59 35 36
59 36 37
59 37 38
59 38 39
59 39 40
60 1 2
60 2 3
60 3 4
60 4 5
60 5 6
60 6 7
60 7 8
60 8 9
60 9 10
60 10 11
60 11 12
60 12 13
60 13 14
60 14 15
60 15 16
60 16 17
60 17 18
60 18 19
60 19 20
60 20 21
60 21 22
60 22 23
60 23 24
60 24 25
60 25 26
60 26 27
60 27 28
60 28 29
60 29 30
60 30 31
60 31 32
60 32 33
60 33 34
60 34 35
60 35 36
60 36 37
60 37 38
60 38 39
60 39 40
61 1 2
61 2 3
61 3 4
61 4 5
61 5 6
61 6 7
61 7 8
61 8 9
61 9 10
61 10 11
61 11 12
61 12 13
61 13 14
61 14 15
61 15 16
61 16 17
61 17 18
61 18 19
61 19 20
61 20 21
61 21 22
61 22 23
61 23 24
61 24 25
61 25 26
61 26 27
61 27 28
61 28 29
61 29 30
61 30 31
61 31 32
61 32 33
61 33 34
61 34 35
61 35 36
61 36 37
61 37 38
61 38 39
61 39 40
62 1 2
62 2 3
62 3 4
62 4 5
62 5 6
62 6 7
62 7 8
62 8 9
62 9 10
62 10 11
62 11 12
62 12 13
62 13 14
62 14 15
62 15 16
62 16 17
62 17 18
62 18 19
62 19 20
62 20 21
62 21 22
62 22 23
62 23 24
62 24 25
62 25 26
62 26 27
62 27 28
62 28 29
62 29 30
62 30 31
62 31 32
62 32 33
62 33 34
62 34 35
62 35 36
62 36 37
62 37 38
62 38 39
62 39 40
63 1 2
63 2 3
63 3 4
63 4 5
63 5 6
63 6 7
63 7 8
63 8 9
63 9 10
63 10 11
63 11 12
63 12 13
63 13 14
63 14 15
63 15 16
63 16 17
63 17 18
63 18 19
63 19 20
63 20 21
63 21 22
63 22 23
63 23 24
63 24 25
63 25 26
63 26 27
63 27 28
63 28 29
63 29 30
63 30 31
63 31 32
63 32 33
63 33 34
63 34 35
63 35 36
63 36 37
63 37 38
63 38 39
63 39 40
64 1 2
64 2 3
64 3 4
64 4 5
64 5 6
64 6 7
64 7 8
64 8 9
64 9 10
64 10 11
64 11 12
64 12 13
64 13 14
64 14 15
64 15 16
64 16 17
64 17 18
64 18 19
64 19 20
64 20 21
64 21 22
64 22 23
64 23 24
64 24 25
64 25 26
64 26 27
64 27 28
64 28 29
64 29 30
64 30 31
64 31 32
64 32 33
64 33 34
64 34 35
64 35 36
64 36 37
64 37 38
64 38 39
64 39 40
65 1 2
65 2 3
65 3 4
65 4 5
65 5 6
65 6 7
65 7 8
65 8 9
65 9 10
65 10 11
65 11 12
65 12 13
65 13 14
65 14 15
65 15 16
65 16 17
65 17 18
65 18 19
65 19 20
65 20 21
65 21 22
65 22 23
65 23 24
65 24 25
65 25 26
65 26 27
65 27 28
65 28 29
65 29 30
65 30 31
65 31 32
65 32 33
65 33 34
65 34 35
65 35 36
65 36 37
65 37 38
65 38 39
65 39 40
66 1 2
66 2 3
66 3 4
66 4 5
66 5 6
66 6 7
66 7 8
66 8 9
66 9 10
66 10 11
66 11 12
66 12 13
66 13 14
66 14 15
66 15 16
66 16 17
66 17 18
66 18 19
66 19 20
66 20 21
66 21 22
66 22 23
66 23 24
66 24 25
66 25 26
66 26 27
66 27 28
66 28 29
66 29 30
66 30 31
66 31 32
66 32 33
66 33 34
66 34 35
66 35 36
66 36 37
66 37 38
66 38 39
66 39 40
67 1 2
67 2 3
67 3 4
67 4 5
67 5 6
67 6 7
67 7 8
67 8 9
67 9 10
67 10 11
67 11 12
67 12 13
67 13 14
67 14 15
67 15 16
67 16 17
67 17 18
67 18 19
67 19 20
67 20 21
67 21 22
67 22 23
67 23 24
67 24 25
67 25 26
67 26 27
67 27 28
67 28 29
67 29 30
67 30 31
67 31 32
67 32 33
67 33 34
67 34 35
67 35 36
67 36 37
67 37 38
67 38 39
67 39 40
68 1 2
68 2 3
68 3 4
68 4 5
68 5 6
68 6 7
68 7 8
68 8 9
68 9 10
68 10 11
68 11 12
68 12 13
68 13 14
68 14 15
68 15 16
68 16 17
68 17 18
68 18 19
68 19 20
68 20 21
68 21 22
68 22 23
68 23 24
68 24 25
68 25 26
68 26 27
68 27 28
68 28 29
68 29 30
68 30 31
68 31 32
68 32 33
68 33 34
68 34 35
68 35 36
68 36 37
68 37 38
68 38 39
68 39 40
69 1 2
69 2 3
69 3 4
69 4 5
69 5 6
69 6 7
69 7 8
69 8 9
69 9 10
69 10 11
69 11 12
69 12 13
69 13 14
69 14 15
69 15 16
69 16 17
69 17 18
69 18 19
69 19 20
69 20 21
69 21 22
69 22 23
69 23 24
69 24 25
69 25 26
69 26 27
69 27 28
69 28 29
69 29 30
69 30 31
69 31 32
69 32 33
69 33 34
69 34 35
69 35 36
69 36 37
69 37 38
69 38 39
69 39 40
70 1 2
70 2 3
70 3 4
70 4 5
70 5 6
70 6 7
70 7 8
70 8 9
70 9 10
70 10 11
70 11 12
70 12 13
70 13 14
70 14 15
70 15 16
70 16 17
70 17 18
70 18 19
70 19 20
70 20 21
70 21 22
70 22 23
70 23 24
70 24 25
70 25 26
70 26 27
70 27 28
70 28 29
70 29 30
70 30 31
70 31 32
70 32 33
70 33 34
70 34 35
70 35 36
70 36 37
70 37 38
70 38 39
70 39 40
71 1 2
71 2 3
71 3 4
71 4 5
71 5 6
71 6 7
71 7 8
71 8 9
71 9 10
71 10 11
71 11 12
71 12 13
71 13 14
71 14 15
71 15 16
71 16 17
71 17 18
71 18 19
71 19 20
71 20 21
71 21 22
71 22 23
71 23 24
71 24 25
71 25 26
71 26 27
71 27 28
71 28 29
71 29 30
71 30 31
71 31 32
71 32 33
71 33 34
71 34 35
71 35 36
71 36 37
71 37 38
71 38 39
71 39 40
72 1 2
72 2 3
72 3 4
72 4 5
72 5 6
72 6 7
72 7 8
72 8 9
72 9 10
72 10 11
72 11 12
72 12 13
72 13 14
72 14 15
72 15 16
72 16 17
72 17 18
72 18 19
72 19 20
72 20 21
72 21 22
72 22 23
72 23 24
72 24 25
72 25 26
72 26 27
72 27 28
72 28 29
72 29 30
72 30 31
72 31 32
72 32 33
72 33 34
72 34 35
72 35 36
72 36 37
72 37 38
72 38 39
72 39 40
73 1 2
73 2 3
73 3 4
73 4 5
73 5 6
73 6 7
73 7 8
73 8 9
73 9 10
73 10 11
73 11 12
73 12 13
73 13 14
73 14 15
73 15 16
73 16 17
73 17 18
73 18 19
73 19 20
73 20 21
73 21 22
73 22 23
73 23 24
73 24 25
73 25 26
73 26 27
73 27 28
73 28 29
73 29 30
73 30 31
73 31 32
73 32 33
73 33 34
73 34 35
73 35 36
73 36 37
73 37 38
73 38 39
73 39 40
74 1 2
74 2 3
74 3 4
74 4 5
74 5 6
74 6 7
74 7 8
74 8 9
74 9 10
74 10 11
74 11 12
74 12 13
74 13 14
74 14 15
74 15 16
74 16 17
74 17 18
74 18 19
74 19 20
74 20 21
74 21 22
74 22 23
74 23 24
74 24 25
74 25 26
74 26 27
74 27 28
74 28 29
74 29 30
74 30 31
74 31 32
74 32 33
74 33 34
74 34 35
74 35 36
74 36 37
74 37 38
74 38 39
74 39 40
75 1 2
75 2 3
75 3 4
75 4 5
75 5 6
75 6 7
75 7 8
75 8 9
75 9 10
75 10 11
75 11 12
75 12 13
75 13 14
75 14 15
75 15 16
75 16 17
75 17 18
75 18 19
75 19 20
75 20 21
75 21 22
75 22 23
75 23 24
75 24 25
75 25 26
75 26 27
75 27 28
75 28 29
75 29 30
75 30 31
75 31 32
75 32 33
75 33 34
75 34 35
75 35 36
75 36 37
75 37 38
75 38 39
75 39 40
76 1 2
76 2 3
76 3 4
76 4 5
76 5 6
76 6 7
76 7 8
76 8 9
76 9 10
76 10 11
76 11 12
76 12 13
76 13 14
76 14 15
76 15 16
76 16 17
76 17 18
76 18 19
76 19 20
76 20 21
76 21 22
76 22 23
76 23 24
76 24 25
76 25 26
76 26 27
76 27 28
76 28 29
76 29 30
76 30 31
76 31 32
76 32 33
76 33 34
76 34 35
76 35 36
76 36 37
76 37 38
76 38 39
76 39 40
77 1 2
77 2 3
77 3 4
77 4 5
77 5 6
77 6 7
77 7 8
77 8 9
77 9 10
77 10 11
77 11 12
77 12 13
77 13 14
77 14 15
77 15 16
77 16 17
77 17 18
77 18 19
77 19 20
77 20 21
77 21 22
77 22 23
77 23 24
77 24 25
77 25 26
77 26 27
77 27 28
77 28 29
77 29 30
77 30 31
77 31 32
77 32 33
77 33 34
77 34 35
77 35 36
77 36 37
77 37 38
77 38 39
77 39 40
78 1 2
78 2 3
78 3 4
78 4 5
78 5 6
78 6 7
78 7 8
78 8 9
78 9 10
78 10 11
78 11 12
78 12 13
78 13 14
78 14 15
78 15 16
78 16 17
78 17 18
78 18 19
78 19 20
78 20 21
78 21 22
78 22 23
78 23 24
78 24 25
78 25 26
78 26 27
78 27 28
78 28 29
78 29 30
78 30 31
78 31 32
78 32 33
78 33 34
78 34 35
78 35 36
78 36 37
78 37 38
78 38 39
78 39 40
79 1 2
79 2 3
79 3 4
79 4 5
79 5 6
79 6 7
79 7 8
79 8 9
79 9 10
79 10 11
79 11 12
79 12 13
79 13 14
79 14 15
79 15 16
79 16 17
79 17 18
79 18 19
79 19 20
79 20 21
79 21 22
79 22 23
79 23 24
79 24 25
79 25 26
79 26 27
79 27 28
79 28 29
79 29 30
79 30 31
79 31 32
79 32 33
79 33 34
79 34 35
79 35 36
79 36 37
79 37 38
79 38 39
79 39 40
80 1 2
80 2 3
80 3 4
80 4 5
80 5 6
80 6 7
80 7 8
80 8 9
80 9 10
80 10 11
80 11 12
80 12 13
80 13 14
80 14 15
80 15 16
80 16 17
80 17 18
80 18 19
80 19 20
80 20 21
80 21 22
80 22 23
80 23 24
80 24 25
80 25 26
80 26 27
80 27 28
80 28 29
80 29 30
80 30 31
80 31 32
80 32 33
80 33 34
80 34 35
80 35 36
80 36 37
80 37 38
80 38 39
80 39 40
81 1 2
81 2 3
81 3 4
81 4 5
81 5 6
81 6 7
81 7 8
81 8 9
81 9 10
81 10 11
81 11 12
81 12 13
81 13 14
81 14 15
81 15 16
81 16 17
81 17 18
81 18 19
81 19 20
81 20 21
81 21 22
81 22 23
81 23 24
81 24 25
81 25 26
81 26 27
81 27 28
81 28 29
81 29 30
81 30 31
81 31 32
81 32 33
81 33 34
81 34 35
81 35 36
81 36 37
81 37 38
81 38 39
81 39 40
82 1 2
82 2 3
82 3 4
82 4 5
82 5 6
82 6 7
82 7 8
82 8 9
82 9 10
82 10 11
82 11 12
82 12 13
82 13 14
82 14 15
82 15 16
82 16 17
82 17 18
82 18 19
82 19 20
82 20 21
82 21 22
82 22 23
82 23 24
82 24 25
82 25 26
82 26 27
82 27 28
82 28 29
82 29 30
82 30 31
82 31 32
82 32 33
82 33 34
82 34 35
82 35 36
82 36 37
82 37 38
82 38 39
82 39 40
83 1 2
83 2 3
83 3 4
83 4 5
83 5 6
83 6 7
83 7 8
83 8 9
83 9 10
83 10 11
83 11 12
83 12 13
83 13 14
83 14 15
83 15 16
83 16 17
83 17 18
83 18 19
83 19 20
83 20 21
83 21 22
83 22 23
83 23 24
83 24 25
83 25 26
83 26 27
83 27 28
83 28 29
83 29 30
83 30 31
83 31 32
83 32 33
83 33 34
83 34 35
83 35 36
83 36 37
83 37 38
83 38 39
83 39 40
84 1 2
84 2 3
84 3 4
84 4 5
84 5 6
84 6 7
84 7 8
84 8 9
84 9 10
84 10 11
84 11 12
84 12 13
84 13 14
84 14 15
84 15 16
84 16 17
84 17 18
84 18 19
84 19 20
84 20 21
84 21 22
84 22 23
84 23 24
84 24 25
84 25 26
84 26 27
84 27 28
84 28 29
84 29 30
84 30 31
84 31 32
84 32 33
84 33 34
84 34 35
84 35 36
84 36 37
84 37 38
84 38 39
84 39 40
85 1 2
85 2 3
85 3 4
85 4 5
85 5 6
85 6 7
85 7 8
85 8 9
85 9 10
85 10 11
85 11 12
85 12 13
85 13 14
85 14 15
85 15 16
85 16 17
85 17 18
85 18 19
85 19 20
85 20 21
85 21 22
85 22 23
85 23 24
85 24 25
85 25 26
85 26 27
85 27 28
85 28 29
85 29 30
85 30 31
85 31 32
85 32 33
85 33 34
85 34 35
85 35 36
85 36 37
85 37 38
85 38 39
85 39 40
86 1 2
86 2 3
86 3 4
86 4 5
86 5 6
86 6 7
86 7 8
86 8 9
86 9 10
86 10 11
86 11 12
86 12 13
86 13 14
86 14 15
86 15 16
86 16 17
86 17 18
86 18 19
86 19 20
86 20 21
86 21 22
86 22 23
86 23 24
86 24 25
86 25 26
86 26 27
86 27 28
86 28 29
86 29 30
86 30 31
86 31 32
86 32 33
86 33 34
86 34 35
86 35 36
86 36 37
86 37 38
86 38 39
86 39 40
87 1 2
87 2 3
87 3 4
87 4 5
87 5 6
87 6 7
87 7 8
87 8 9
87 9 10
87 10 11
87 11 12
87 12 13
87 13 14
87 14 15
87 15 16
87 16 17
87 17 18
87 18 19
87 19 20
87 20 21
87 21 22
87 22 23
87 23 24
87 24 25
87 25 26
87 26 27
87 27 28
87 28 29
87 29 30
87 30 31
87 31 32
87 32 33
87 33 34
87 34 35
87 35 36
87 36 37
87 37 38
87 38 39
87 39 40
88 1 2
88 2 3
88 3 4
88 4 5
88 5 6
88 6 7
88 7 8
88 8 9
88 9 10
88 10 11
88 11 12
88 12 13
88 13 14
88 14 15
88 15 16
88 16 17
88 17 18
88 18 19
88 19 20
88 20 21
88 21 22
88 22 23
88 23 24
88 24 25
88 25 26
88 26 27
88 27 28
88 28 29
88 29 30
88 30 31
88 31 32
88 32 33
88 33 34
88 34 35
88 35 36
88 36 37
88 37 38
88 38 39
88 39 40
89 1 2
89 2 3
89 3 4
89 4 5
89 5 6
89 6 7
89 7 8
89 8 9
89 9 10
89 10 11
89 11 12
89 12 13
89 13 14
89 14 15
89 15 16
89 16 17
89 17 18
89 18 19
89 19 20
89 20 21
89 21 22
89 22 23
89 23 24
89 24 25
89 25 26
89 26 27
89 27 28
89 28 29
89 29 30
89 30 31
89 31 32
89 32 33
89 33 34
89 34 35
89 35 36
89 36 37
89 37 38
89 38 39
89 39 40
90 1 2
90 2 3
90 3 4
90 4 5
90 5 6
90 6 7
90 7 8
90 8 9
90 9 10
90 10 11
90 11 12
90 12 13
90 13 14
90 14 15
90 15 16
90 16 17
90 17 18
90 18 19
90 19 20
90 20 21
90 21 22
90 22 23
90 23 24
90 24 25
90 25 26
90 26 27
90 27 28
90 28 29
90 29 30
90 30 31
90 31 32
90 32 33
90 33 34
90 34 35
90 35 36
90 36 37
90 37 38
90 38 39
90 39 40
91 1 2
91 2 3
91 3 4
91 4 5
91 5 6
91 6 7
91 7 8
91 8 9
91 9 10
91 10 11
91 11 12
91 12 13
91 13 14
91 14 15
91 15 16
91 16 17
91 17 18
91 18 19
91 19 20
91 20 21
91 21 22
91 22 23
91 23 24
91 24 25
91 25 26
91 26 27
91 27 28
91 28 29
91 29 30
91 30 31
91 31 32
91 32 33
91 33 34
91 34 35
91 35 36
91 36 37
91 37 38
91 38 39
91 39 40
92 1 2
92 2 3
92 3 4
92 4 5
92 5 6
92 6 7
92 7 8
92 8 9
92 9 10
92 10 11
92 11 12
92 12 13
92 13 14
92 14 15
92 15 16
92 16 17
92 17 18
92 18 19
92 19 20
92 20 21
92 21 22
92 22 23
92 23 24
92 24 25
92 25 26
92 26 27
92 27 28
92 28 29
92 29 30
92 30 31
92 31 32
92 32 33
92 33 34
92 34 35
92 35 36
92 36 37
92 37 38
92 38 39
92 39 40
93 1 2
93 2 3
93 3 4
93 4 5
93 5 6
93 6 7
93 7 8
93 8 9
93 9 10
93 10 11
93 11 12
93 12 13
93 13 14
93 14 15
93 15 16
93 16 17
93 17 18
93 18 19
93 19 20
93 20 21
93 21 22
93 22 23
93 23 24
93 24 25
93 25 26
93 26 27
93 27 28
93 28 29
93 29 30
93 30 31
93 31 32
93 32 33
93 33 34
93 34 35
93 35 36
93 36 37
93 37 38
93 38 39
93 39 40
94 1 2
94 2 3
94 3 4
94 4 5
94 5 6
94 6 7
94 7 8
94 8 9
94 9 10
94 10 11
94 11 12
94 12 13
94 13 14
94 14 15
94 15 16
94 16 17
94 17 18
94 18 19
94 19 20
94 20 21
94 21 22
94 22 23
94 23 24
94 24 25
94 25 26
94 26 27
94 27 28
94 28 29
94 29 30
94 30 31
94 31 32
94 32 33
94 33 34
94 34 35
94 35 36
94 36 37
94 37 38
94 38 39
94 39 40
95 1 2
95 2 3
95 3 4
95 4 5
95 5 6
95 6 7
95 7 8
95 8 9
95 9 10
95 10 11
95 11 12
95 12 13
95 13 14
95 14 15
95 15 16
95 16 17
95 17 18
95 18 19
95 19 20
95 20 21
95 21 22
95 22 23
95 23 24
95 24 25
95 25 26
95 26 27
95 27 28
95 28 29
95 29 30
95 30 31
95 31 32
95 32 33
95 33 34
95 34 35
95 35 36
95 36 37
95 37 38
95 38 39
95 39 40
96 1 2
96 2 3
96 3 4
96 4 5
96 5 6
96 6 7
96 7 8
96 8 9
96 9 10
96 10 11
96 11 12
96 12 13
96 13 14
96 14 15
96 15 16
96 16 17
96 17 18
96 18 19
96 19 20
96 20 21
96 21 22
96 22 23
96 23 24
96 24 25
96 25 26
96 26 27
96 27 28
96 28 29
96 29 30
96 30 31
96 31 32
96 32 33
96 33 34
96 34 35
96 35 36
96 36 37
96 37 38
96 38 39
96 39 40
97 1 2
97 2 3
97 3 4
97 4 5
97 5 6
97 6 7
97 7 8
97 8 9
97 9 10
97 10 11
97 11 12
97 12 13
97 13 14
97 14 15
97 15 16
97 16 17
97 17 18
97 18 19
97 19 20
97 20 21
97 21 22
97 22 23
97 23 24
97 24 25
97 25 26
97 26 27
97 27 28
97 28 29
97 29 30
97 30 31
97 31 32
97 32 33
97 33 34
97 34 35
97 35 36
97 36 37
97 37 38
97 38 39
97 39 40
98 1 2
98 2 3
98 3 4
98 4 5
98 5 6
98 6 7
98 7 8
98 8 9
98 9 10
98 10 11
98 11 12
98 12 13
98 13 14
98 14 15
98 15 16
98 16 17
98 17 18
98 18 19
98 19 20
98 20 21
98 21 22
98 22 23
98 23 24
98 24 25
98 25 26
98 26 27
98 27 28
98 28 29
98 29 30
98 30 31
98 31 32
98 32 33
98 33 34
98 34 35
98 35 36
98 36 37
98 37 38
98 38 39
98 39 40
99 1 2
99 2 3
99 3 4
99 4 5
99 5 6
99 6 7
99 7 8
99 8 9
99 9 10
99 10 11
99 11 12
99 12 13
99 13 14
99 14 15
99 15 16
99 16 17
99 17 18
99 18 19
99 19 20
99 20 21
99 21 22
99 22 23
99 23 24
99 24 25
99 25 26
99 26 27
99 27 28
99 28 29
99 29 30
99 30 31
99 31 32
99 32 33
99 33 34
99 34 35
99 35 36
99 36 37
99 37 38
99 38 39
99 39 40
100 1 2
100 2 3
100 3 4
100 4 5
100 5 6
100 6 7
100 7 8
100 8 9
100 9 10
100 10 11
100 11 12
100 12 13
100 13 14
100 14 15
100 15 16
100 16 17
100 17 18
100 18 19
100 19 20
100 20 21
100 21 22
100 22 23
100 23 24
100 24 25
100 25 26
100 26 27
100 27 28
100 28 29
100 29 30
100 30 31
100 31 32
100 32 33
100 33 34
100 34 35
100 35 36
100 36 37
100 37 38
100 38 39
100 39 40
101 1 2
101 2 3
101 3 4
101 4 5
101 5 6
101 6 7
101 7 8
101 8 9
101 9 10
101 10 11
101 11 12
101 12 13
101 13 14
101 14 15
101 15 16
101 16 17
101 17 18
101 18 19
101 19 20
101 20 21
101 21 22
101 22 23
101 23 24
101 24 25
101 25 26
101 26 27
101 27 28
101 28 29
101 29 30
101 30 31
101 31 32
101 32 33
101 33 34
101 34 35
101 35 36
101 36 37
101 37 38
101 38 39
101 39 40
102 1 2
102 2 3
102 3 4
102 4 5
102 5 6
102 6 7
102 7 8
102 8 9
102 9 10
102 10 11
102 11 12
102 12 13
102 13 14
102 14 15
102 15 16
102 16 17
102 17 18
102 18 19
102 19 20
102 20 21
102 21 22
102 22 23
102 23 24
102 24 25
102 25 26
102 26 27
102 27 28
102 28 29
102 29 30
102 30 31
102 31 32
102 32 33
102 33 34
102 34 35
102 35 36
102 36 37
102 37 38
102 38 39
102 39 40
103 1 2
103 2 3
103 3 4
103 4 5
103 5 6
103 6 7
103 7 8
103 8 9
103 9 10
103 10 11
103 11 12
103 12 13
103 13 14
103 14 15
103 15 16
103 16 17
103 17 18
103 18 19
103 19 20
103 20 21
103 21 22
103 22 23
103 23 24
103 24 25
103 25 26
103 26 27
103 27 28
103 28 29
103 29 30
103 30 31
103 31 32
103 32 33
103 33 34
103 34 35
103 35 36
103 36 37
103 37 38
103 38 39
103 39 40
104 1 2
104 2 3
104 3 4
104 4 5
104 5 6
104 6 7
104 7 8
104 8 9
104 9 10
104 10 11
104 11 12
104 12 13
104 13 14
104 14 15
104 15 16
104 16 17
104 17 18
104 18 19
104 19 20
104 20 21
104 21 22
104 22 23
104 23 24
104 24 25
104 25 26
104 26 27
104 27 28
104 28 29
104 29 30
104 30 31
104 31 32
104 32 33
104 33 34
104 34 35
104 35 36
104 36 37
104 37 38
104 38 39
104 39 40
105 1 2
105 2 3
105 3 4
105 4 5
105 5 6
105 6 7
105 7 8
105 8 9
105 9 10
105 10 11
105 11 12
105 12 13
105 13 14
105 14 15
105 15 16
105 16 17
105 17 18
105 18 19
105 19 20
105 20 21
105 21 22
105 22 23
105 23 24
105 24 25
105 25 26
105 26 27
105 27 28
105 28 29
105 29 30
105 30 31
105 31 32
105 32 33
105 33 34
105 34 35
105 35 36
105 36 37
105 37 38
105 38 39
105 39 40
106 1 2
106 2 3
106 3 4
106 4 5
106 5 6
106 6 7
106 7 8
106 8 9
106 9 10
106 10 11
106 11 12
106 12 13
106 13 14
106 14 15
106 15 16
106 16 17
106 17 18
106 18 19
106 19 20
106 20 21
106 21 22
106 22 23
106 23 24
106 24 25
106 25 26
106 26 27
106 27 28
106 28 29
106 29 30
106 30 31
106 31 32
106 32 33
106 33 34
106 34 35
106 35 36
106 36 37
106 37 38
106 38 39
106 39 40
107 1 2
107 2 3
107 3 4
107 4 5
107 5 6
107 6 7
107 7 8
107 8 9
107 9 10
107 10 11
107 11 12
107 12 13
107 13 14
107 14 15
107 15 16
107 16 17
107 17 18
107 18 19
107 19 20
107 20 21
107 21 22
107 22 23
107 23 24
107 24 25
107 25 26
107 26 27
107 27 28
107 28 29
107 29 30
107 30 31
107 31 32
107 32 33
107 33 34
107 34 35
107 35 36
107 36 37
107 37 38
107 38 39
107 39 40
108 1 2
108 2 3
108 3 4
108 4 5
108 5 6
108 6 7
108 7 8
108 8 9
108 9 10
108 10 11
108 11 12
108 12 13
108 13 14
108 14 15
108 15 16
108 16 17
108 17 18
108 18 19
108 19 20
108 20 21
108 21 22
108 22 23
108 23 24
108 24 25
108 25 26
108 26 27
108 27 28
108 28 29
108 29 30
108 30 31
108 31 32
108 32 33
108 33 34
108 34 35
108 35 36
108 36 37
108 37 38
108 38 39
108 39 40
109 1 2
109 2 3
109 3 4
109 4 5
109 5 6
109 6 7
109 7 8
109 8 9
109 9 10
109 10 11
109 11 12
109 12 13
109 13 14
109 14 15
109 15 16
109 16 17
109 17 18
109 18 19
109 19 20
109 20 21
109 21 22
109 22 23
109 23 24
109 24 25
109 25 26
109 26 27
109 27 28
109 28 29
109 29 30
109 30 31
109 31 32
109 32 33
109 33 34
109 34 35
109 35 36
109 36 37
109 37 38
109 38 39
109 39 40
110 1 2
110 2 3
110 3 4
110 4 5
110 5 6
110 6 7
110 7 8
110 8 9
110 9 10
110 10 11
110 11 12
110 12 13
110 13 14
110 14 15
110 15 16
110 16 17
110 17 18
110 18 19
110 19 20
110 20 21
110 21 22
110 22 23
110 23 24
110 24 25
110 25 26
110 26 27
110 27 28
110 28 29
110 29 30
110 30 31
110 31 32
110 32 33
110 33 34
110 34 35
110 35 36
110 36 37
110 37 38
110 38 39
110 39 40
111 1 2
111 2 3
111 3 4
111 4 5
111 5 6
111 6 7
111 7 8
111 8 9
111 9 10
111 10 11
111 11 12
111 12 13
111 13 14
111 14 15
111 15 16
111 16 17
111 17 18
111 18 19
111 19 20
111 20 21
111 21 22
111 22 23
111 23 24
111 24 25
111 25 26
111 26 27
111 27 28
111 28 29
111 29 30
111 30 31
111 31 32
111 32 33
111 33 34
111 34 35
111 35 36
111 36 37
111 37 38
111 38 39
111 39 40
112 1 2
112 2 3
112 3 4
112 4 5
112 5 6
112 6 7
112 7 8
112 8 9
112 9 10
112 10 11
112 11 12
112 12 13
112 13 14
112 14 15
112 15 16
112 16 17
112 17 18
112 18 19
112 19 20
112 20 21
112 21 22
112 22 23
112 23 24
112 24 25
112 25 26
112 26 27
112 27 28
112 28 29
112 29 30
112 30 31
112 31 32
112 32 33
112 33 34
112 34 35
112 35 36
112 36 37
112 37 38
112 38 39
112 39 40
113 1 2
113 2 3
113 3 4
113 4 5
113 5 6
113 6 7
113 7 8
113 8 9
113 9 10
113 10 11
113 11 12
113 12 13
113 13 14
113 14 15
113 15 16
113 16 17
113 17 18
113 18 19
113 19 20
113 20 21
113 21 22
113 22 23
113 23 24
113 24 25
113 25 26
113 26 27
113 27 28
113 28 29
113 29 30
113 30 31
113 31 32
113 32 33
113 33 34
113 34 35
113 35 36
113 36 37
113 37 38
113 38 39
113 39 40
114 1 2
114 2 3
114 3 4
114 4 5
114 5 6
114 6 7
114 7 8
114 8 9
114 9 10
114 10 11
114 11 12
114 12 13
114 13 14
114 14 15
114 15 16
114 16 17
114 17 18
114 18 19
114 19 20
114 20 21
114 21 22
114 22 23
114 23 24
114 24 25
114 25 26
114 26 27
114 27 28
114 28 29
114 29 30
114 30 31
114 31 32
114 32 33
114 33 34
114 34 35
114 35 36
114 36 37
114 37 38
114 38 39
114 39 40
115 1 2
115 2 3
115 3 4
115 4 5
115 5 6
115 6 7
115 7 8
115 8 9
115 9 10
115 10 11
115 11 12
115 12 13
115 13 14
115 14 15
115 15 16
115 16 17
115 17 18
115 18 19
115 19 20
115 20 21
115 21 22
115 22 23
115 23 24
115 24 25
115 25 26
115 26 27
115 27 28
115 28 29
115 29 30
115 30 31
115 31 32
115 32 33
115 33 34
115 34 35
115 35 36
115 36 37
115 37 38
115 38 39
115 39 40
116 1 2
116 2 3
116 3 4
116 4 5
116 5 6
116 6 7
116 7 8
116 8 9
116 9 10
116 10 11
116 11 12
116 12 13
116 13 14
116 14 15
116 15 16
116 16 17
116 17 18
116 18 19
116 19 20
116 20 21
116 21 22
116 22 23
116 23 24
116 24 25
116 25 26
116 26 27
116 27 28
116 28 29
116 29 30
116 30 31
116 31 32
116 32 33
116 33 34
116 34 35
116 35 36
116 36 37
116 37 38
116 38 39
116 39 40
117 1 2
117 2 3
117 3 4
117 4 5
117 5 6
117 6 7
117 7 8
117 8 9
117 9 10
117 10 11
117 11 12
117 12 13
117 13 14
117 14 15
117 15 16
117 16 17
117 17 18
117 18 19
117 19 20
117 20 21
117 21 22
117 22 23
117 23 24
117 24 25
117 25 26
117 26 27
117 27 28
117 28 29
117 29 30
117 30 31
117 31 32
117 32 33
117 33 34
117 34 35
117 35 36
117 36 37
117 37 38
117 38 39
117 39 40
118 1 2
118 2 3
118 3 4
118 4 5
118 5 6
118 6 7
118 7 8
118 8 9
118 9 10
118 10 11
118 11 12
118 12 13
118 13 14
118 14 15
118 15 16
118 16 17
118 17 18
118 18 19
118 19 20
118 20 21
118 21 22
118 22 23
118 23 24
118 24 25
118 25 26
118 26 27
118 27 28
118 28 29
118 29 30
118 30 31
118 31 32
118 32 33
118 33 34
118 34 35
118 35 36
118 36 37
118 37 38
118 38 39
118 39 40
119 1 2
119 2 3
119 3 4
119 4 5
119 5 6
119 6 7
119 7 8
119 8 9
119 9 10
119 10 11
119 11 12
119 12 13
119 13 14
119 14 15
119 15 16
119 16 17
119 17 18
119 18 19
119 19 20
119 20 21
119 21 22
119 22 23
119 23 24
119 24 25
119 25 26
119 26 27
119 27 28
119 28 29
119 29 30
119 30 31
119 31 32
119 32 33
119 33 34
119 34 35
119 35 36
119 36 37
119 37 38
119 38 39
119 39 40
120 1 2
120 2 3
120 3 4
120 4 5
120 5 6
120 6 7
120 7 8
120 8 9
120 9 10
120 10 11
120 11 12
120 12 13
120 13 14
120 14 15
120 15 16
120 16 17
120 17 18
120 18 19
120 19 20
120 20 21
120 21 22
120 22 23
120 23 24
120 24 25
120 25 26
120 26 27
120 27 28
120 28 29
120 29 30
120 30 31
120 31 32
120 32 33
120 33 34
120 34 35
120 35 36
120 36 37
120 37 38
120 38 39
120 39 40
121 1 2
121 2 3
121 3 4
121 4 5
121 5 6
121 6 7
121 7 8
121 8 9
121 9 10
121 10 11
121 11 12
121 12 13
121 13 14
121 14 15
121 15 16
121 16 17
121 17 18
121 18 19
121 19 20
121 20 21
121 21 22
121 22 23
121 23 24
121 24 25
121 25 26
121 26 27
121 27 28
121 28 29
121 29 30
121 30 31
121 31 32
121 32 33
121 33 34
121 34 35
121 35 36
121 36 37
121 37 38
121 38 39
121 39 40
122 1 2
122 2 3
122 3 4
122 4 5
122 5 6
122 6 7
122 7 8
122 8 9
122 9 10
122 10 11
122 11 12
122 12 13
122 13 14
122 14 15
122 15 16
122 16 17
122 17 18
122 18 19
122 19 20
122 20 21
122 21 22
122 22 23
122 23 24
122 24 25
122 25 26
122 26 27
122 27 28
122 28 29
122 29 30
122 30 31
122 31 32
122 32 33
122 33 34
122 34 35
122 35 36
122 36 37
122 37 38
122 38 39
122 39 40
123 1 2
123 2 3
123 3 4
123 4 5
123 5 6
123 6 7
123 7 8
123 8 9
123 9 10
123 10 11
123 11 12
123 12 13
123 13 14
123 14 15
123 15 16
123 16 17
123 17 18
123 18 19
123 19 20
123 20 21
123 21 22
123 22 23
123 23 24
123 24 25
123 25 26
123 26 27
123 27 28
123 28 29
123 29 30
123 30 31
123 31 32
123 32 33
123 33 34
123 34 35
123 35 36
123 36 37
123 37 38
123 38 39
123 39 40
124 1 2
124 2 3
124 3 4
124 4 5
124 5 6
124 6 7
124 7 8
124 8 9
124 9 10
124 10 11
124 11 12
124 12 13
124 13 14
124 14 15
124 15 16
124 16 17
124 17 18
124 18 19
124 19 20
124 20 21
124 21 22
124 22 23
124 23 24
124 24 25
124 25 26
124 26 27
124 27 28
124 28 29
124 29 30
124 30 31
124 31 32
124 32 33
124 33 34
124 34 35
124 35 36
124 36 37
124 37 38
124 38 39
124 39 40
125 1 2
125 2 3
125 3 4
125 4 5
125 5 6
125 6 7
125 7 8
125 8 9
125 9 10
125 10 11
125 11 12
125 12 13
125 13 14
125 14 15
125 15 16
125 16 17
125 17 18
125 18 19
125 19 20
125 20 21
125 21 22
125 22 23
125 23 24
125 24 25
125 25 26
125 26 27
125 27 28
125 28 29
125 29 30
125 30 31
125 31 32
125 32 33
125 33 34
125 34 35
125 35 36
125 36 37
125 37 38
125 38 39
125 39 40
126 1 2
126 2 3
126 3 4
126 4 5
126 5 6
126 6 7
126 7 8
126 8 9
126 9 10
126 10 11
126 11 12
126 12 13
126 13 14
126 14 15
126 15 16
126 16 17
126 17 18
126 18 19
126 19 20
126 20 21
126 21 22
126 22 23
126 23 24
126 24 25
126 25 26
126 26 27
126 27 28
126 28 29
126 29 30
126 30 31
126 31 32
126 32 33
126 33 34
126 34 35
126 35 36
126 36 37
126 37 38
126 38 39
126 39 40
127 1 2
127 2 3
127 3 4
127 4 5
127 5 6
127 6 7
127 7 8
127 8 9
127 9 10
127 10 11
127 11 12
127 12 13
127 13 14
127 14 15
127 15 16
127 16 17
127 17 18
127 18 19
127 19 20
127 20 21
127 21 22
127 22 23
127 23 24
127 24 25
127 25 26
127 26 27
127 27 28
127 28 29
127 29 30
127 30 31
127 31 32
127 32 33
127 33 34
127 34 35
127 35 36
127 36 37
127 37 38
127 38 39
127 39 40
128 1 2
128 2 3
128 3 4
128 4 5
128 5 6
128 6 7
128 7 8
128 8 9
128 9 10
128 10 11
128 11 12
128 12 13
128 13 14
128 14 15
128 15 16
128 16 17
128 17 18
128 18 19
128 19 20
128 20 21
128 21 22
128 22 23
128 23 24
128 24 25
128 25 26
128 26 27
128 27 28
128 28 29
128 29 30
128 30 31
128 31 32
128 32 33
128 33 34
128 34 35
128 35 36
128 36 37
128 37 38
128 38 39
128 39 40
129 1 2
129 2 3
129 3 4
129 4 5
129 5 6
129 6 7
129 7 8
129 8 9
129 9 10
129 10 11
129 11 12
129 12 13
129 13 14
129 14 15
129 15 16
129 16 17
129 17 18
129 18 19
129 19 20
129 20 21
129 21 22
129 22 23
129 23 24
129 24 25
129 25 26
129 26 27
129 27 28
129 28 29
129 29 30
129 30 31
129 31 32
129 32 33
129 33 34
129 34 35
129 35 36
129 36 37
129 37 38
129 38 39
129 39 40
130 1 2
130 2 3
130 3 4
130 4 5
130 5 6
130 6 7
130 7 8
130 8 9
130 9 10
130 10 11
130 11 12
130 12 13
130 13 14
130 14 15
130 15 16
130 16 17
130 17 18
130 18 19
130 19 20
130 20 21
130 21 22
130 22 23
130 23 24
130 24 25
130 25 26
130 26 27
130 27 28
130 28 29
130 29 30
130 30 31
130 31 32
130 32 33
130 33 34
130 34 35
130 35 36
130 36 37
130 37 38
130 38 39
130 39 40
