interv day time team
1 1 0 1
2 1 60 1
3 2 0 1
4 19 0 1
5 23 15 2
6 2 60 2
7 19 60 2
8 3 0 1
9 1 75 2
10 1 90 3
11 3 60 1
12 4 0 1
13 4 60 2
14 5 0 1
15 5 60 2
16 6 0 1
17 6 60 2
18 7 0 1
19 8 0 1
20 20 0 1
21 8 60 2
22 1 105 8
23 20 60 2
24 9 0 1
25 10 0 1
26 9 60 2
27 11 0 1
28 12 0 1
29 11 15 2
30 13 0 1
31 21 0 1
32 13 60 2
33 22 0 1
34 14 0 1
35 14 60 2
36 11 75 1
37 15 0 1
38 15 60 1
39 16 0 1
40 24 0 1
41 24 60 2
42 22 60 2
43 11 90 3
44 16 60 2
45 17 0 1
46 17 60 2
47 23 0 1
48 25 0 1
49 18 0 1
50 18 60 2
