tech d1 d2 d3 d4 d5 d6 d7 d8 d9 d10 d11 d12 d13 d14 d15 dispo
1 2 5 0 4 3 3 4 4 3 3 3 4 4 4 4 [ 28 ]
2 2 1 0 1 0 0 1 0 2 2 0 2 0 0 0 [ 4 ]
3 4 3 1 5 1 0 0 3 3 4 4 4 3 3 3 [ ]
4 3 5 3 4 4 3 0 5 1 0 4 3 3 3 4 [ 14 ]
5 1 0 2 2 2 2 0 0 1 0 0 0 0 1 0 [ ]
6 1 4 5 3 4 3 3 5 4 5 4 5 4 5 4 [ 12 ]
7 3 3 3 0 0 0 4 4 4 4 3 3 3 3 4 [ ]
8 1 4 3 3 3 3 4 4 4 3 4 4 5 5 3 [ 28 ]
9 3 3 1 3 3 4 3 4 3 3 3 4 4 4 4 [ 21 ]
10 0 4 1 4 3 3 4 3 3 3 3 3 4 3 4 [ ]
11 1 1 3 4 3 2 4 3 3 3 3 3 3 3 5 [ 7 27 ]
12 4 4 1 4 5 4 5 3 4 5 3 1 4 4 4 [ ]
13 3 0 2 3 3 4 4 3 4 4 3 3 3 4 4 [ ]
14 2 0 0 2 2 2 1 0 0 2 0 0 0 0 0 [ ]
15 2 0 2 2 0 1 0 0 2 0 0 0 0 0 0 [ ]
16 1 1 2 1 1 0 0 0 0 0 0 0 0 0 0 [ ]
17 0 0 0 0 0 2 0 0 0 0 0 0 0 1 1 [ 29 ]
18 1 2 2 0 0 2 1 0 0 0 0 0 0 0 0 [ ]
19 0 1 0 0 0 0 0 0 0 2 0 1 0 2 0 [ ]
20 2 1 0 1 0 0 0 0 2 0 0 0 0 0 0 [ ]
21 3 2 4 4 3 4 3 3 5 5 5 5 4 4 4 [ 29 ]
22 1 1 1 5 5 4 4 5 5 1 5 4 5 5 4 [ ]
23 3 2 5 4 5 3 5 1 1 5 4 3 5 3 5 [ 14 ]
24 2 5 5 3 3 5 4 4 5 3 5 3 4 4 5 [ 7 ]
25 3 4 5 4 2 2 4 3 3 5 3 3 3 5 4 [ ]
26 4 3 1 3 4 5 5 5 3 3 3 4 4 4 5 [ ]
27 3 4 3 5 4 3 3 5 5 4 4 5 4 3 5 [ 14 ]
28 1 3 5 3 5 3 1 4 3 4 5 4 4 5 5 [ ]
29 5 5 4 5 4 5 3 3 2 4 4 5 4 5 4 [ 8 ]
30 1 3 3 3 5 3 3 4 4 5 5 4 5 4 4 [ 26 ]
