tech d1 d2 d3 d4 d5 d6 d7 d8 d9 d10 d11 d12 d13 d14 d15 d16 d17 d18 d19 d20 dispo
1 2 2 3 3 3 1 2 2 1 3 3 1 2 2 3 3 3 3 3 3 [ 2 7 29 ]
2 1 2 1 2 2 3 2 1 1 3 3 3 3 3 3 3 3 3 3 3 [ 4 8 11 ]
3 0 0 0 1 2 0 0 1 0 0 2 0 2 0 0 0 0 0 0 0 [ ]
4 1 2 3 3 3 1 1 2 3 3 3 3 3 3 3 3 3 3 3 3 [ 26 ]
5 2 1 2 1 1 2 2 3 3 3 3 3 3 3 3 3 3 3 3 3 [ 15 23 26 ]
6 2 1 1 1 0 1 1 1 1 2 2 1 2 1 0 1 2 0 1 2 [ 5 27 ]
7 2 1 0 1 0 0 1 2 1 0 1 2 2 0 1 1 1 2 1 2 [ 10 ]
8 1 2 2 2 3 2 1 1 1 3 3 3 3 3 3 3 3 3 3 3 [ ]
9 1 0 0 1 1 0 0 0 0 2 0 2 2 0 0 0 0 0 0 0 [ 25 ]
10 2 2 2 2 0 0 0 0 0 0 0 0 0 0 0 0 0 0 0 0 [ 3 11 12 28 ]
11 1 3 2 1 2 1 2 3 3 2 1 3 3 3 3 3 3 3 3 3 [ 11 ]
12 2 2 3 0 1 1 0 0 0 0 0 2 2 2 2 2 2 1 2 2 [ 8 17 ]
13 3 1 1 3 2 1 2 1 2 2 3 3 3 3 3 3 3 3 3 3 [ 10 25 ]
14 2 0 2 2 2 2 0 0 1 2 2 1 1 0 1 0 1 0 1 1 [ 8 27 ]
15 2 0 2 1 0 0 0 0 2 0 0 0 1 0 0 0 0 0 0 0 [ 7 19 27 ]
16 3 1 3 1 1 0 0 2 0 2 0 0 0 2 1 1 0 2 1 2 [ 1 5 ]
17 2 2 1 1 1 1 3 3 3 3 3 3 3 3 3 3 3 3 3 3 [ 10 17 18 ]
18 3 1 2 3 3 1 1 0 2 0 0 0 2 2 1 0 2 1 1 1 [ 1 4 6 14 ]
19 3 1 2 3 1 2 2 1 1 3 3 3 3 3 3 3 3 3 3 3 [ 18 ]
20 3 3 2 3 2 1 3 1 1 3 3 3 3 3 1 2 2 3 3 3 [ 9 10 11 18 ]
21 0 1 2 1 0 1 0 2 2 0 1 2 1 1 1 0 0 2 2 1 [ 30 ]
22 0 1 0 1 2 1 0 1 0 0 0 0 0 0 0 0 0 0 0 0 [ 17 21 27 ]
23 2 3 1 1 1 2 0 1 2 1 1 2 2 1 0 0 0 1 1 1 [ 5 7 14 ]
24 2 0 2 0 1 1 1 1 0 2 2 1 1 0 1 2 1 1 1 1 [ 3 6 25 ]
25 1 1 0 1 1 1 2 1 2 0 1 1 1 0 2 1 2 0 0 1 [ 5 ]
26 1 1 1 0 0 2 0 0 2 2 2 2 2 1 0 1 2 1 2 2 [ ]
27 0 0 3 3 3 0 1 0 2 1 1 1 2 2 1 1 2 1 0 1 [ 2 20 ]
28 0 3 1 0 1 0 2 2 0 1 0 2 0 2 0 0 0 2 2 2 [ 10 ]
29 3 1 0 1 1 0 1 1 1 2 0 2 1 1 1 1 1 0 0 1 [ 13 16 29 ]
30 0 1 2 0 1 1 1 0 1 2 1 1 1 2 0 2 0 3 1 3 [ 4 17 20 22 26 ]
31 1 1 3 2 1 1 2 1 1 0 2 2 0 1 0 1 2 2 0 0 [ 19 28 30 ]
32 0 1 0 1 2 1 2 1 0 1 0 2 1 0 0 0 0 2 0 1 [ 4 6 7 8 9 23 26 ]
33 3 0 0 1 0 2 1 1 1 2 1 1 1 2 2 2 1 2 1 2 [ 1 7 ]
34 3 2 1 1 1 1 1 0 1 2 2 1 1 2 0 1 0 2 1 0 [ 5 12 ]
35 0 2 1 1 1 1 2 1 2 0 2 1 0 1 1 1 2 1 1 3 [ 1 10 13 18 ]
36 1 1 1 0 1 1 1 0 1 0 0 0 2 0 2 0 2 2 1 2 [ 1 8 19 ]
37 1 0 2 0 0 1 1 1 1 0 1 0 1 0 2 2 2 2 0 2 [ 24 27 ]
38 1 1 0 1 0 0 0 0 0 1 2 0 0 2 2 1 1 1 2 2 [ 1 ]
39 2 2 0 1 0 1 1 1 2 2 2 0 0 1 2 2 1 1 1 2 [ 12 21 25 27 29 ]
40 0 0 1 0 1 1 1 0 1 0 1 2 2 1 0 1 0 1 2 2 [ 6 17 21 25 ]
41 1 3 1 1 0 2 0 1 0 0 1 0 2 2 2 0 1 0 2 1 [ 21 ]
42 0 1 1 0 0 2 0 1 1 0 0 1 0 0 2 1 2 2 1 2 [ 6 9 30 ]
43 0 0 3 0 3 2 1 1 0 2 1 1 0 2 1 2 1 0 0 0 [ 4 19 20 ]
44 3 0 1 0 3 2 0 0 1 2 1 2 2 1 2 2 1 0 1 0 [ 8 27 ]
45 1 1 1 2 3 1 0 1 1 1 0 0 1 2 0 1 0 0 1 1 [ 10 11 21 27 ]
46 2 2 3 2 1 1 3 2 3 3 3 2 1 3 3 1 2 2 2 3 [ 2 21 ]
47 2 1 3 2 1 1 3 1 2 2 3 3 3 3 3 3 3 3 3 3 [ 9 13 19 28 ]
48 1 1 1 3 1 2 2 2 2 3 3 3 3 3 3 3 3 3 3 3 [ ]
49 2 3 1 3 1 1 2 2 3 3 3 3 3 3 3 3 3 3 3 3 [ 9 14 ]
50 3 2 1 1 1 1 3 3 3 3 3 3 3 3 3 3 3 3 3 3 [ 1 2 24 ]
