interv day time team
1 1 0 1
2 110 60 2
3 2 0 1
4 1 60 3
5 3 0 1
6 223 0 1
7 111 0 1
8 112 0 1
9 114 75 1
10 271 15 3
11 3 15 2
12 224 0 1
13 225 0 1
14 1 75 3
15 111 60 2
16 1 90 4
17 1 105 1
18 3 75 3
19 271 75 4
20 275 0 1
21 276 0 1
22 114 90 1
23 3 90 1
24 277 0 1
25 110 75 5
26 278 0 1
27 279 0 1
28 4 0 1
29 5 0 1
30 6 0 1
31 7 0 1
32 226 0 1
33 271 90 6
34 8 0 1
35 3 105 6
36 110 90 5
37 114 105 1
38 9 0 1
39 226 60 2
40 280 0 1
41 281 0 1
42 9 15 2
43 282 0 1
44 9 30 3
45 271 105 4
46 227 0 1
47 10 0 1
48 228 0 1
49 229 0 1
50 282 60 2
51 9 90 5
52 113 0 1
53 11 0 1
54 230 0 1
55 283 0 1
56 110 105 5
57 283 60 2
58 231 0 1
59 284 0 1
60 285 0 1
61 283 75 4
62 231 60 2
63 285 15 2
64 113 60 2
65 232 0 1
66 233 0 1
67 234 0 1
68 114 0 1
69 232 15 3
70 286 0 1
71 12 0 1
72 235 0 1
73 235 60 2
74 286 60 2
75 287 0 1
76 288 0 1
77 114 15 2
78 115 0 1
79 236 0 1
80 232 75 6
81 289 0 1
82 290 0 1
83 12 60 2
84 237 0 1
85 238 0 1
86 291 0 1
87 232 90 7
88 115 60 2
89 116 0 1
90 13 0 1
91 236 60 2
92 292 0 1
93 293 0 1
94 13 60 2
95 116 60 1
96 117 0 1
97 239 0 1
98 294 0 1
99 293 60 3
100 118 0 1
101 119 0 1
102 9 105 1
103 295 0 1
104 283 90 10
105 240 0 1
106 120 0 1
107 121 0 1
108 296 0 1
109 14 0 1
110 15 0 1
111 16 0 1
112 232 105 1
113 241 0 1
114 242 0 1
115 283 105 12
116 285 75 1
117 243 0 1
118 244 0 1
119 242 15 3
120 242 30 4
121 242 90 3
122 245 0 1
123 242 105 1
124 246 0 1
125 247 0 1
126 248 0 1
127 249 0 1
128 245 60 3
129 250 0 1
130 251 0 1
131 252 0 1
132 253 0 1
133 254 0 1
134 255 0 1
135 250 15 5
136 256 0 1
137 257 0 1
138 258 0 1
139 258 60 2
140 259 0 1
141 260 0 1
142 261 0 1
143 250 75 11
144 250 90 1
145 250 105 12
146 261 60 2
147 262 0 1
148 262 60 2
149 261 75 5
150 263 0 1
151 261 90 5
152 263 60 2
153 264 0 1
154 265 0 1
155 266 0 1
156 261 105 2
157 264 60 3
158 267 0 1
159 267 15 2
160 268 0 1
161 267 75 4
162 267 90 1
163 267 105 1
164 269 0 1
165 268 60 3
166 270 0 1
167 271 0 1
168 272 0 1
169 273 0 1
170 274 0 1
171 122 0 1
172 123 0 1
173 124 0 1
174 125 0 1
175 126 0 1
176 127 0 1
177 128 0 1
178 129 0 1
179 130 0 1
180 131 0 1
181 132 0 1
182 133 0 1
183 134 0 1
184 135 0 1
185 136 0 1
186 137 0 1
187 138 0 1
188 139 0 1
189 140 0 1
190 141 0 1
191 142 0 1
192 143 0 1
193 144 0 1
194 145 0 1
195 146 0 1
196 147 0 1
197 148 0 1
198 149 0 1
199 150 0 1
200 151 0 1
201 152 0 1
202 153 0 1
203 154 0 1
204 155 0 1
205 156 0 1
206 157 0 1
207 158 0 1
208 159 0 1
209 160 0 1
210 161 0 1
211 162 0 1
212 163 0 1
213 164 0 1
214 165 0 1
215 166 0 1
216 167 0 1
217 168 0 1
218 169 0 1
219 170 0 1
220 171 0 1
221 172 0 1
222 173 0 1
223 174 0 1
224 175 0 1
225 176 0 1
226 177 0 1
227 178 0 1
228 179 0 1
229 180 0 1
230 181 0 1
231 182 0 1
232 118 60 14
233 183 0 1
234 183 60 2
235 184 0 1
236 184 60 2
237 185 0 1
238 185 60 2
239 186 0 1
240 186 60 2
241 187 0 1
242 187 60 2
243 188 0 1
244 188 60 2
245 189 0 1
246 189 60 2
247 190 0 1
248 190 60 2
249 191 0 1
250 191 60 2
251 192 0 1
252 192 60 2
253 193 0 1
254 193 60 2
255 194 0 1
256 194 60 2
257 195 0 1
258 195 60 2
259 196 0 1
260 196 60 2
261 197 0 1
262 197 60 2
263 198 0 1
264 198 60 2
265 199 0 1
266 199 60 2
267 200 0 1
268 200 60 2
269 201 0 1
270 201 60 2
271 202 0 1
272 202 60 2
273 203 0 1
274 203 60 2
275 204 0 1
276 204 60 2
277 205 0 1
278 205 60 2
279 206 0 1
280 206 60 2
281 207 0 1
282 207 60 2
283 208 0 1
284 208 60 2
285 209 0 1
286 209 60 2
287 210 0 1
288 210 60 2
289 211 0 1
290 211 60 2
291 212 0 1
292 212 60 2
293 213 0 1
294 213 60 2
295 214 0 1
296 214 60 2
297 215 0 1
298 215 60 2
299 216 0 1
300 216 60 2
301 217 0 1
302 217 60 2
303 218 0 1
304 218 60 2
305 219 0 1
306 219 60 2
307 220 0 1
308 220 60 2
309 221 0 1
310 221 60 2
311 222 0 1
312 222 60 2
313 16 60 2
314 17 0 1
315 17 60 2
316 18 0 1
317 18 60 2
318 19 0 1
319 19 60 2
320 20 0 1
321 20 60 2
322 21 0 1
323 21 60 2
324 22 0 1
325 22 60 2
326 23 0 1
327 23 60 2
328 24 0 1
329 24 60 2
330 25 0 1
331 25 60 2
332 26 0 1
333 26 60 2
334 27 0 1
335 27 60 2
336 28 0 1
337 28 60 2
338 29 0 1
339 29 60 2
340 30 0 1
341 30 60 2
342 31 0 1
343 31 60 2
344 32 0 1
345 32 60 2
346 33 0 1
347 33 60 2
348 34 0 1
349 34 60 2
350 35 0 1
351 35 60 2
352 36 0 1
353 36 60 2
354 37 0 1
355 37 60 2
356 38 0 1
357 38 60 1
358 39 0 1
359 39 60 2
360 40 0 1
361 40 60 2
362 41 0 1
363 41 60 2
364 42 0 1
365 42 60 2
366 43 0 1
367 43 60 2
368 44 0 1
369 44 60 2
370 45 0 1
371 45 60 2
372 46 0 1
373 46 60 2
374 47 0 1
375 47 60 2
376 48 0 1
377 48 60 2
378 49 0 1
379 49 60 2
380 50 0 1
381 50 60 2
382 51 0 1
383 51 60 2
384 52 0 1
385 52 60 2
386 53 0 1
387 53 60 2
388 54 0 1
389 54 60 2
390 55 0 1
391 55 60 2
392 56 0 1
393 56 60 1
394 57 0 1
395 57 60 2
396 58 0 1
397 58 60 2
398 59 0 1
399 59 60 2
400 60 0 1
401 60 60 2
402 61 0 1
403 61 60 2
404 62 0 1
405 62 60 2
406 63 0 1
407 63 60 2
408 64 0 1
409 64 60 2
410 65 0 1
411 65 60 2
412 66 0 1
413 66 60 2
414 67 0 1
415 67 60 2
416 68 0 1
417 68 60 1
418 69 0 1
419 69 60 2
420 70 0 1
421 70 60 2
422 71 0 1
423 71 60 2
424 72 0 1
425 72 60 2
426 73 0 1
427 73 60 2
428 74 0 1
429 74 60 1
430 75 0 1
431 75 60 2
432 76 0 1
433 76 60 2
434 77 0 1
435 77 60 2
436 78 0 1
437 78 60 2
438 79 0 1
439 79 60 2
440 80 0 1
441 80 60 2
442 81 0 1
443 81 60 2
444 82 0 1
445 82 60 2
446 83 0 1
447 83 60 2
448 84 0 1
449 84 60 2
450 85 0 1
451 85 60 2
452 86 0 1
453 86 60 2
454 87 0 1
455 87 60 2
456 88 0 1
457 88 60 2
458 89 0 1
459 89 60 2
460 90 0 1
461 90 60 2
462 91 0 1
463 91 60 2
464 92 0 1
465 92 60 2
466 93 0 1
467 93 60 2
468 94 0 1
469 94 60 2
470 95 0 1
471 95 60 2
472 96 0 1
473 96 60 2
474 97 0 1
475 97 60 2
476 98 0 1
477 98 60 2
478 99 0 1
479 99 60 2
480 100 0 1
481 100 60 2
482 101 0 1
483 101 60 2
484 102 0 1
485 102 60 2
486 103 0 1
487 103 60 2
488 104 0 1
489 104 60 2
490 105 0 1
491 105 60 2
492 106 0 1
493 106 60 2
494 107 0 1
495 107 60 2
496 108 0 1
497 108 60 2
498 109 0 1
499 109 60 2
500 110 0 1
