interv day time team
1 88 0 1
2 29 0 1
3 89 0 1
4 54 0 1
5 30 0 1
6 80 90 8
7 55 0 1
8 30 60 1
9 1 0 1
10 26 105 9
11 1 60 2
12 31 0 1
13 31 15 2
14 56 0 1
15 57 0 1
16 80 105 2
17 2 0 1
18 3 0 1
19 90 0 1
20 1 75 2
21 31 30 3
22 31 45 4
23 4 0 1
24 58 0 1
25 59 0 1
26 50 90 9
27 1 90 1
28 32 0 1
29 33 0 1
30 1 105 2
31 2 60 1
32 5 0 1
33 89 60 3
34 60 0 1
35 61 0 1
36 91 0 1
37 34 0 1
38 6 0 1
39 31 105 5
40 92 0 1
41 93 0 1
42 89 75 6
43 35 0 1
44 51 60 6
45 7 0 1
46 8 0 1
47 9 0 1
48 62 0 1
49 63 0 1
50 64 0 1
51 94 0 1
52 95 0 1
53 50 105 14
54 9 15 2
55 62 60 3
56 9 30 1
57 36 0 1
58 65 0 1
59 10 0 1
60 11 0 1
61 12 0 1
62 96 0 1
63 9 90 4
64 62 75 5
65 13 0 1
66 34 60 3
67 97 0 1
68 14 0 1
69 12 60 4
70 98 0 1
71 99 0 1
72 100 0 1
73 101 0 1
74 66 0 1
75 66 60 2
76 67 0 1
77 68 0 1
78 102 0 1
79 15 0 1
80 103 0 1
81 104 0 1
82 105 0 1
83 34 75 4
84 91 60 7
85 69 0 1
86 62 90 9
87 62 105 10
88 37 0 1
89 69 60 1
90 104 60 3
91 106 0 1
92 70 0 1
93 71 0 1
94 72 0 1
95 9 105 7
96 15 60 2
97 89 90 14
98 16 0 1
99 17 0 1
100 89 105 12
101 15 75 4
102 38 0 1
103 39 0 1
104 15 90 5
105 18 0 1
106 15 105 7
107 70 60 3
108 69 75 5
109 37 60 3
110 106 60 2
111 19 0 1
112 20 0 1
113 107 0 1
114 34 90 7
115 73 0 1
116 21 0 1
117 74 0 1
118 40 0 1
119 41 0 1
120 108 0 1
121 75 0 1
122 76 0 1
123 77 0 1
124 73 60 4
125 77 60 2
126 39 60 3
127 109 0 1
128 109 15 2
129 78 0 1
130 109 30 3
131 34 105 1
132 79 0 1
133 42 0 1
134 21 15 2
135 109 45 4
136 22 0 1
137 23 0 1
138 43 0 1
139 44 0 1
140 110 0 1
141 111 0 1
142 112 0 1
143 69 90 9
144 45 0 1
145 46 0 1
146 24 0 1
147 42 60 4
148 113 0 1
149 114 0 1
150 115 0 1
151 69 105 5
152 80 0 1
153 81 0 1
154 25 0 1
155 47 0 1
156 116 0 1
157 21 30 4
158 21 45 6
159 109 105 3
160 47 15 2
161 21 60 2
162 47 30 3
163 82 0 1
164 83 0 1
165 26 0 1
166 48 0 1
167 47 90 5
168 80 15 2
169 80 75 4
170 26 15 2
171 47 105 6
172 49 0 1
173 113 60 4
174 26 30 3
175 50 0 1
176 117 0 1
177 118 0 1
178 50 15 2
179 50 30 3
180 50 45 2
181 26 45 4
182 84 0 1
183 113 75 6
184 27 0 1
185 119 0 1
186 28 0 1
187 113 90 8
188 120 0 1
189 121 0 1
190 50 60 4
191 51 0 1
192 84 60 2
193 52 0 1
194 53 0 1
195 85 0 1
196 85 60 2
197 86 0 1
198 87 0 1
199 27 60 3
200 50 75 6
