day not_working team1 team2 team3 team4 team5 team6 team7 team8 team9 team10 team11 team12 team13 team14 team15 team16 team17 team18 team19 team20 team21 team22 team23 team24 team25 team26 team27 team28 team29 team30 team31 team32 team33
1 [16 19] [2 3 4 6 7] [1 2 3 4 5] [1 2 3 4 5 6 7 8] [2] [1 2 3 4 5 6 7] [2 3 4 6] [1 2 3 4 6 7] [1 2 3 4 6] [2 3] [2 3 4 5 6 7 11] [1 2] [1 2 3 4] [1 2 4] [2 3 4 5 6 7] [1 4] [2 3 4 5 6] [2 3 4 5] [2 3 4 6 7 8] [1 2 3 4 6 7 8] [1 2 3 4 5 7] [2 3 4 5 6 11] [1 2 3 4 5 6] [2 3 4] [2 3 4 5 6 7 8] [1] [1 2 3 5] [1 2 3 4 5 6 7 8 10] [1 2 3 4 5 7 8] [1 2 3 4 5 6 11] [2 3 5] [1 2 3 4 5 6 8] [] []
2 [13] [1 2 3 4 5 6 7 8] [2] [1 2 3 4 5 6 7] [2 3 4 6 7] [2 3 4 6] [1 2 3 4 6 7] [1 2 3 4 6] [2 3] [2 3 4 5 6 7 11] [1 2] [1 2 3 4] [1 2 4] [2 3 4 5 6 7] [1 4] [2 3 4 5 6] [2 3 4 5] [1 2 3 4 5] [2 3 4 6 7 8] [1 2 3 4 6 7 8] [1 2 3 4 5 7] [2 3 4 5 6 11] [1 2 3 4 5 6] [2 3 4] [2 3 4 5 6 7 8] [1] [1 2 3 5] [1 2 3 4 5 6 7 8 10] [1 2 3 4 5 7 8] [1 2 3 4 5 6 11] [2 3 5] [1 2 3 4 5 6 8] [] []
3 [] [1 2 3 4 5 6 7 8] [2] [1 2 3 4 5 6 7] [2 3 4 6 7] [2 3 4 6] [1 2 3 4 6 7] [1 2 3 4 6] [2 3] [2 3 4 5 6 7 11] [1 2] [1 2 3 4] [1 2 4] [2 3 4 5 6 7] [1 4] [2 3 4 5 6] [2 3 4 5] [1 2 3 4 5] [2 3 4 6 7 8] [1 2 3 4 6 7 8] [1 2 3 4 5 7] [2 3 4 5 6 11] [1 2 3 4 5 6] [2 3 4] [2 3 4 5 6 7 8] [1] [1 2 3 5] [1 2 3 4 5 6 7 8 10] [1 2 3 4 5 7 8] [1 2 3 4 5 6 11] [2 3 5] [1 2 3 4 5 6 8] [] []
4 [1 5 19] [2] [2 3 4 6 7] [2 3 4 6 7 11] [2 3 4 6] [2 3] [2 3 4 6 7 8 11 12] [2 3 4] [2 3 4 6 7 8] [2 3 4 6 7 11 12] [2 3 4 6 7 8 11] [2 3 11] [2 3 4 6 7 8 9] [2 3 4 6 7 8 10] [] [] [] [] [] [] [] [] [] [] [] [] [] [] [] [] [] [] [] []
5 [6 11] [1 2 3 4 5 7 8] [2 3 4 7 8] [1 2 3 4 7 8] [1 2 3 4 7] [2 3] [2 3 4 5 7 8 12] [2] [1 2] [1 2 3 4] [1 2 4] [2 3 4 5 7 8] [2 3 4 7] [1 4] [2 3 4 5] [1 2 3 4 5] [2 3 4 7 8 10] [1 2 3 4 7 8 10] [2 3 4 5 7] [1 2 3 4 5 7] [2 3 4 5 7 12] [2 3 4 8] [2 3 4] [1 2 3 4 7 8 9 10] [2 3 4 5 7 8 9 12] [1] [1 2 3 5] [1 2 3 4 5 7 8 10] [1 2 3 4 5 7 8 12] [2 3 5] [2 3 4 5 7 8 10] [1 2 3 4 5 8] [] []
6 [] [1 2 3 4 5 6 7] [2 3 4 6 7] [2 3 4 6] [1 2 3 4 6 7] [1 2 3 4 6] [2 3] [2 3 4 5 6 7 11] [2] [1 2] [1 2 3 4] [1 2 4] [2 3 4 5 6 7] [1 4] [2 3 4 5 6] [2 3 4 5] [1 2 3 4 5] [2 3 4 6 7 8] [1 2 3 4 6 7 8] [1 2 3 4 5 7] [2 3 4 5 6 11] [1 2 3 4 5 6 7 8] [1 2 3 4 5 6] [2 3 4] [2 3 4 5 6 7 8] [1] [1 2 3 5] [1 2 3 4 5 6 7 8 10] [1 2 3 4 5 7 8] [1 2 3 4 5 6 11] [2 3 5] [1 2 3 4 5 6 8] [] []
7 [] [2 3 4 6 7] [1 2 3 4 5 6 7] [2 3 4 6] [1 2 3 4 6 7] [1 2 3 4 6] [2 3] [2 3 4 5 6 7 11] [2] [1 2] [1 2 3 4] [1 2 4] [2 3 4 5 6 7] [1 4] [2 3 4 5 6] [2 3 4 5] [1 2 3 4 5] [2 3 4 6 7 8] [1 2 3 4 6 7 8] [1 2 3 4 5 7] [2 3 4 5 6 11] [1 2 3 4 5 6 7 8] [1 2 3 4 5 6] [2 3 4] [2 3 4 5 6 7 8] [1] [1 2 3 5] [1 2 3 4 5 6 7 8 10] [1 2 3 4 5 7 8] [1 2 3 4 5 6 11] [2 3 5] [1 2 3 4 5 6 8] [] []
8 [] [2 3 4 6 7] [1 2 3 4 5 6 7] [2 3 4 6] [1 2 3 4 6 7] [1 2 3 4 6] [2 3] [2 3 4 5 6 7 11] [2] [1 2] [1 2 3 4] [1 2 4] [2 3 4 5 6 7] [1 4] [2 3 4 5 6] [2 3 4 5] [1 2 3 4 5] [2 3 4 6 7 8] [1 2 3 4 6 7 8] [1 2 3 4 5 7] [2 3 4 5 6 11] [1 2 3 4 5 6 7 8] [1 2 3 4 5 6] [2 3 4] [2 3 4 5 6 7 8] [1] [1 2 3 5] [1 2 3 4 5 6 7 8 10] [1 2 3 4 5 7 8] [1 2 3 4 5 6 11] [2 3 5] [1 2 3 4 5 6 8] [] []
9 [1 6] [2 3 4 7 8] [2 3 4 5 7 8] [2 3 4 7] [2 3] [2 3 4 5 7 8 11] [2] [2 3 4 5] [2 3 4] [2 3 4 5 7] [2 3 4 7 8 10] [2 3 4 5 7 11] [2 3 4 8] [2 3 4 7 8 9 10] [2 3 4 5 7 8 9 11] [2 3 5] [2 3 4 5 7 8 10] [2 3 4 5 8] [] [] [] [] [] [] [] [] [] [] [] [] [] [] [] []
10 [2 16] [1 3 4 6 7 8] [1 3 4 6 7] [3 4 5 6 7 8 11] [3 7] [1 3 4 5 6 7 8] [1 3] [1 3 4] [3 4 6 7 8] [3 4 5 6 7 8] [3 4 6] [3 4 6 7] [3] [1 3 4 5 6] [1 4] [1 3 4 5] [3 4 5 6 7] [3 4 5] [3 4 5 6] [1 3 4 5 7] [3 4 5 6 7 11] [3 4 5 6 11] [1 3 4 5 6 7] [3 4] [1 3 4 6 7 8 9] [3 4 5 6 7 8 9] [1] [1 3 5] [1 3 4 5 6 7 8 10] [1 3 4 5 7 8] [1 3 4 5 6 7 8 13] [1 3 4 5 6 7 11] [3 5] [1 3 4 5 6 7 13]
11 [8] [1 2 3 4 6 7] [1 2 3 4 6] [2 3 4 5 6 7 11] [2] [1 2 3 4 5 6 7] [1 2] [1 2 4] [2 3 4 6 7] [2 3 4 5 6 7] [2 3] [2 3 4 6] [1 2 3 4] [1 4] [2 3 4 5 6] [2 3 4 5] [1 2 3 4 5] [2 3 4 6 7 10] [1 2 3 4 6 7 10] [1 2 3 4 5 7] [2 3 4 5 6 11] [1 2 3 4 5 6 7 9] [1 2 3 4 5 6] [2 3 4] [1 2 3 4 6 7 9 10] [2 3 4 5 6 7 9 11] [1] [1 2 3 5] [1 2 3 4 5 6 7 10 15] [1 2 3 4 5 7 9] [1 2 3 4 5 6 11] [2 3 5] [2 3 4 5 6 7 10] [1 2 3 4 5 6 9]
12 [19] [1 2 3 4 6] [2 3 4 5 6 7 11] [2] [1 2 3 4 5 6 7] [1 2] [1 2 4] [1 2 3 4 6 7] [2 3 4 6 7] [2 3 4 5 6 7] [2 3] [2 3 4 6] [1 2 3 4] [1 4] [2 3 4 5 6] [2 3 4 5] [1 2 3 4 5] [2 3 4 6 7 8] [1 2 3 4 6 7 8] [1 2 3 4 5 7] [2 3 4 5 6 11] [1 2 3 4 5 6 7 8] [1 2 3 4 5 6] [2 3 4] [2 3 4 5 6 7 8] [1] [1 2 3 5] [1 2 3 4 5 6 7 8 10] [1 2 3 4 5 7 8] [1 2 3 4 5 6 11] [2 3 5] [1 2 3 4 5 6 8] [] []
13 [] [2 3 4 5 6 7 11] [2] [1 2] [1 2 4] [1 2 3 4 6 7] [2 3 4 6 7] [2 3 4 5 6 7] [2 3] [2 3 4 6] [1 2 3 4 6] [1 2 3 4] [1 4] [2 3 4 5 6] [2 3 4 5] [1 2 3 4 5 6 7] [1 2 3 4 5] [2 3 4 6 7 8] [1 2 3 4 6 7 8] [1 2 3 4 5 7] [2 3 4 5 6 11] [1 2 3 4 5 6 7 8] [1 2 3 4 5 6] [2 3 4] [2 3 4 5 6 7 8] [1] [1 2 3 5] [1 2 3 4 5 6 7 8 10] [1 2 3 4 5 7 8] [1 2 3 4 5 6 11] [2 3 5] [1 2 3 4 5 6 8] [] []
14 [] [2] [1 2] [1 2 4] [1 2 3 4 6 7] [2 3 4 6 7] [2 3 4 5 6 7] [2 3 4 5 6 7 11] [2 3] [2 3 4 6] [1 2 3 4 6] [1 2 3 4] [1 4] [2 3 4 5 6] [2 3 4 5] [1 2 3 4 5 6 7] [1 2 3 4 5] [2 3 4 6 7 8] [1 2 3 4 6 7 8] [1 2 3 4 5 7] [2 3 4 5 6 11] [1 2 3 4 5 6 7 8] [1 2 3 4 5 6] [2 3 4] [2 3 4 5 6 7 8] [1] [1 2 3 5] [1 2 3 4 5 6 7 8 10] [1 2 3 4 5 7 8] [1 2 3 4 5 6 11] [2 3 5] [1 2 3 4 5 6 8] [] []
15 [13] [1 2] [1 2 4] [1 2 3 4 6 7] [2 3 4 6 7] [2 3 4 5 6 7] [2 3 4 5 6 7 11] [2 3] [2 3 4 6] [2] [1 2 3 4 6] [1 2 3 4] [1 4] [2 3 4 5 6] [2 3 4 5] [1 2 3 4 5 6 7] [1 2 3 4 5] [2 3 4 6 7 8] [1 2 3 4 6 7 8] [1 2 3 4 5 7] [2 3 4 5 6 11] [1 2 3 4 5 6 7 8] [1 2 3 4 5 6] [2 3 4] [2 3 4 5 6 7 8] [1] [1 2 3 5] [1 2 3 4 5 6 7 8 10] [1 2 3 4 5 7 8] [1 2 3 4 5 6 11] [2 3 5] [1 2 3 4 5 6 8] [] []
16 [15] [1 2 3 4 6 7] [2 3 4 5 6 7 11] [2 3 4 6] [2] [2 3] [1 2 3 4 6] [1 2 3 4] [1 4] [2 3 4 5 6] [2 3 4 5] [1 2 3 4 5 6 7] [1 2 3 4 5] [1 2 4] [2 3 4 6 7 8] [1 2 3 4 6 7 8] [1 2 3 4 5 7] [2 3 4 5 6 11] [1 2 3 4 5 6 7 8] [1 2 3 4 5 6] [2 3 4 6 7] [1 2] [2 3 4] [2 3 4 5 6 7] [2 3 4 5 6 7 8] [1] [1 2 3 5] [1 2 3 4 5 6 7 8 10] [1 2 3 4 5 7 8] [1 2 3 4 5 6 11] [2 3 5] [1 2 3 4 5 6 8] [] []
17 [17 19] [1 2 3 4 6 7] [2 3 4 5 6 7 11] [2 3 4 6] [2] [2 3] [1 2 3 4 6] [1 2 3 4] [1 4] [2 3 4 5 6] [2 3 4 5] [1 2 3 4 5 6 7] [1 2 3 4 5] [1 2 4] [2 3 4 6 7 8] [1 2 3 4 6 7 8] [1 2 3 4 5 7] [2 3 4 5 6 11] [1 2 3 4 5 6 7 8] [1 2 3 4 5 6] [2 3 4 6 7] [1 2] [2 3 4] [2 3 4 5 6 7] [2 3 4 5 6 7 8] [1] [1 2 3 5] [1 2 3 4 5 6 7 8 10] [1 2 3 4 5 7 8] [1 2 3 4 5 6 11] [2 3 5] [1 2 3 4 5 6 8] [] []
18 [] [2 3 4 5 6 7 11] [2 3 4 6] [2] [2 3] [1 2 3 4 6] [1 2 3 4] [1 4] [2 3 4 5 6] [2 3 4 5] [1 2 3 4 5 6 7] [1 2 3 4 5] [1 2 4] [2 3 4 6 7 8] [1 2 3 4 6 7] [1 2 3 4 6 7 8] [1 2 3 4 5 7] [2 3 4 5 6 11] [1 2 3 4 5 6 7 8] [1 2 3 4 5 6] [2 3 4 6 7] [1 2] [2 3 4] [2 3 4 5 6 7] [2 3 4 5 6 7 8] [1] [1 2 3 5] [1 2 3 4 5 6 7 8 10] [1 2 3 4 5 7 8] [1 2 3 4 5 6 11] [2 3 5] [1 2 3 4 5 6 8] [] []
19 [] [2 3 4 6] [2] [2 3] [1 2 3 4 6] [1 2 3 4] [1 4] [2 3 4 5 6] [2 3 4 5] [1 2 3 4 5 6 7] [1 2 3 4 5] [1 2 4] [2 3 4 6 7 8] [1 2 3 4 6 7] [1 2 3 4 6 7 8] [1 2 3 4 5 7] [2 3 4 5 6 11] [1 2 3 4 5 6 7 8] [1 2 3 4 5 6] [2 3 4 6 7] [1 2] [2 3 4] [2 3 4 5 6 7] [2 3 4 5 6 7 8] [1] [1 2 3 5] [1 2 3 4 5 6 7 8 10] [1 2 3 4 5 7 8] [1 2 3 4 5 6 11] [2 3 5] [1 2 3 4 5 6 8] [] [] []
20 [12] [2 3 4 6] [2] [2 3] [1 2 3 4 6] [1 2 3 4] [1 4] [2 3 4 5 6] [2 3 4 5] [1 2 3 4 5 6 7] [1 2 3 4 5] [1 2 4] [2 3 4 6 7 8] [1 2 3 4 6 7] [1 2 3 4 6 7 8] [1 2 3 4 5 7] [2 3 4 5 6 11] [1 2 3 4 5 6 7 8] [1 2 3 4 5 6] [2 3 4 6 7] [1 2] [2 3 4] [2 3 4 5 6 7] [2 3 4 5 6 7 8] [1] [1 2 3 5] [1 2 3 4 5 6 7 8 10] [1 2 3 4 5 7 8] [1 2 3 4 5 6 11] [2 3 5] [1 2 3 4 5 6 8] [] [] []
21 [14] [2] [2 3] [1 2 3 4 6] [1 2 3 4] [1 4] [2 3 4 5 6] [2 3 4 5] [1 2 3 4 5 6 7] [1 2 3 4 5] [1 2 4] [2 3 4 6] [2 3 4 6 7 8] [1 2 3 4 6 7] [1 2 3 4 6 7 8] [1 2 3 4 5 7] [2 3 4 5 6 11] [1 2 3 4 5 6 7 8] [1 2 3 4 5 6] [2 3 4 6 7] [1 2] [2 3 4] [2 3 4 5 6 7] [2 3 4 5 6 7 8] [1] [1 2 3 5] [1 2 3 4 5 6 7 8 10] [1 2 3 4 5 7 8] [1 2 3 4 5 6 11] [2 3 5] [1 2 3 4 5 6 8] [] [] []
22 [3] [1 2 4 5 6 7 8] [1 2 4] [1 4] [2 4 5 6] [1 2 4 5 6] [2 4 6 7] [2 4 6 7 8 10] [1 2 4 6 7 8] [1 2 4 6 7 8 10] [2 4 5 6 7] [2] [1 2 4 5 7] [2 4 5 6 7 8 11] [2 4 5 6 7 11] [1 2 4 5] [2 4 6 8] [1 2 4 5 6 7] [2 4 6 7 8] [1 2] [2 4 6] [2 4 5 6 7 8] [1 2 4 6 7 8 9 10] [2 4 5 6 7 8 9 11] [1 2 4 5 6 8] [1] [2 4] [1 2 4 5 6 7 8 10 15] [1 2 4 5 7 8] [1 2 4 5 6 7 8 11] [2 4 5] [2 4 5 6 7 8 10] [1 2 4 5 6 7 8 10] [1 2 4 6 7]
23 [8] [1 2 3 4 6] [1 2 3 4] [1 4] [2 3 4 5] [1 2 3 4 5 6 7] [1 2 3 4 5] [1 2 4] [2 3 4 6] [2 3 4 6 7 10] [1 2 3 4 6 7] [1 2 3 4 6 7 10] [2 3 4 5 6] [2] [1 2 3 4 5 7] [2 3 4 5 6 11] [1 2 3 4 5 6 7 9] [1 2 3 4 5 6] [2 3 4 6 7] [1 2] [2 3 4] [2 3 4 5 6 7] [2 3] [1 2 3 4 6 7 9 10] [2 3 4 5 6 7 9 11] [1] [1 2 3 5] [1 2 3 4 5 6 7 10 15] [1 2 3 4 5 7 9] [1 2 3 4 5 6 11] [2 3 5] [2 3 4 5 6 7 10] [1 2 3 4 5 6 9] []
24 [] [1 2 3 4] [1 4] [2 3 4 5] [1 2 3 4 5 6 7] [1 2 3 4 5] [1 2 4] [2 3 4 6] [2 3 4 6 7 8] [1 2 3 4 6 7] [1 2 3 4 6 7 8] [2 3 4 5 6] [2] [1 2 3 4 5 7] [2 3 4 5 6 11] [1 2 3 4 5 6 7 8] [1 2 3 4 5 6] [1 2 3 4 6] [2 3 4 6 7] [1 2] [2 3 4] [2 3 4 5 6 7] [2 3] [2 3 4 5 6 7 8] [1] [1 2 3 5] [1 2 3 4 5 6 7 8 10] [1 2 3 4 5 7 8] [1 2 3 4 5 6 11] [2 3 5] [1 2 3 4 5 6 8] [] [] []
25 [19] [1 4] [2 3 4 5] [1 2 3 4 5 6 7] [1 2 3 4 5] [1 2 4] [2 3 4 6] [2 3 4 6 7 8] [1 2 3 4 6 7] [1 2 3 4 6 7 8] [2 3 4 5 6] [2] [1 2 3 4 5 7] [2 3 4 5 6 11] [1 2 3 4] [1 2 3 4 5 6 7 8] [1 2 3 4 5 6] [1 2 3 4 6] [2 3 4 6 7] [1 2] [2 3 4] [2 3 4 5 6 7] [2 3] [2 3 4 5 6 7 8] [1] [1 2 3 5] [1 2 3 4 5 6 7 8 10] [1 2 3 4 5 7 8] [1 2 3 4 5 6 11] [2 3 5] [1 2 3 4 5 6 8] [] [] []
26 [] [2 3 4 5] [1 2 3 4 5 6 7] [1 2 3 4 5] [1 2 4] [2 3 4 6] [2 3 4 6 7 8] [1 2 3 4 6 7] [1 2 3 4 6 7 8] [2 3 4 5 6] [2] [1 2 3 4 5 7] [2 3 4 5 6 11] [1 2 3 4] [1 2 3 4 5 6 7 8] [1 2 3 4 5 6] [1 2 3 4 6] [2 3 4 6 7] [1 2] [2 3 4] [2 3 4 5 6 7] [2 3] [2 3 4 5 6 7 8] [1] [1 2 3 5] [1 2 3 4 5 6 7 8 10] [1 2 3 4 5 7 8] [1 2 3 4 5 6 11] [2 3 5] [1 4] [1 2 3 4 5 6 8] [] [] []
27 [5] [2 3 4 6] [2 3 4 6 7 8] [1 2 3 4 6 7] [1 2 3 4 6 7 8] [2] [1 2 3 4 7 8] [1 2 3 4 6] [2 3 4 6 7 8 11 12] [2 3 4 6 7 11 12] [1 2 3 4] [2 3 4 6 7] [1 2] [1 2 3 4 6 7 11] [2 3 4] [2 3 4 6 7 11] [2 3] [2 3 4 6 7 8 11] [1 2 3 4 7] [1] [1 2 3 11] [1 2 3 4 6 7 8 10] [1 2 3 4 6 7 8 11] [1 2 3 4 6 7 8 11 12] [2 3 11] [1 4] [1 2 3 4 6 7 8 9] [] [] [] [] [] [] []
28 [17] [2 3 4 6 7 8] [2 3 4 6] [1 2 3 4 6 7] [1 2 3 4 6 7 8] [2] [1 2 3 4 5 7] [1 2 3 4 5] [1 2 3 4 5 6 7] [2 3 4 5 6 11] [1 2 3 4] [1 2 3 4 5 6 7 8] [1 2 3 4 5 6] [1 2 3 4 6] [2 3 4 6 7] [1 2] [2 3 4] [2 3 4 5 6 7] [2 3] [2 3 4 5 6 7 8] [1] [2 3 4 5] [1 2 3 5] [2 3 4 5 6] [1 2 3 4 5 6 7 8 10] [1 2 3 4 5 7 8] [1 2 3 4 5 6 11] [2 3 5] [1 4] [1 2 3 4 5 6 8] [] [] [] []
29 [2] [3 4 6 7] [1 3 4 6 7 8] [3] [1 3 4 5 7] [1 3 4 5 6] [1 3 4 5 6 7 8] [3 4 5 6 7 11] [3 4 5 6 11] [1 3 4 5] [3 4 6] [1 3 4 5 6 7] [1 3 4 6 7] [3 4 6 7 8] [1 3] [3 4 5 6 7 8] [3 4] [1 3 4 6 7 8 9] [3 4 5 6 7 8 9] [1] [3 4 5] [1 3 5] [3 4 5 6 7] [1 3 4 5 6 7 8 10] [1 3 4 5 7 8] [1 3 4 5 6 7 8 13] [1 3 4 5 6 7 11] [3 5] [1 4] [1 3 4 5 6 7 13] [3 7] [3 4 6 7 8 13] [3 4 5 6] []
30 [7] [1 2 3 4 6 8] [2] [1 2 3 4 5 8] [1 2 3 4 5] [1 2 3 4 5 6 8] [2 3 4 5 6 11] [1 2 3 4] [2 3 4 6] [1 2 3 4 5 6] [1 2 3 4 6] [2 3 4 6 8] [1 2] [2 3 4] [2 3 4 5 6 8] [2 3] [1 2 3 4 6 8 9 10] [2 3 4 5 6 8 9] [1] [2 3 4 5] [1 2 3 5] [2 3 4 5 6] [1 2 3 4 5 6 8 10] [1 2 3 4 6 8 13] [1 2 3 4 5 6 11] [2 3 5] [1 4] [1 2 3 4 5 8 9] [1 2 3 4 5 6 8 9] [1 2 3 4 5 13] [2 3 4 6 8 13] [] [] []
31 [] [2] [1 2 3 4 5 7] [1 2 3 4 5] [1 2 3 4 5 6 7] [2 3 4 5 6 11] [1 2 3 4] [1 2 3 4 5 6 7 8] [2 3 4 6] [1 2 3 4 5 6] [1 2 3 4 6] [2 3 4 6 7] [1 2] [1 2 3 4 6 7] [2 3 4] [2 3 4 5 6 7] [2 3] [1 2 3 4 6 7 8] [2 3 4 5 6 7 8] [1] [2 3 4 5] [1 2 3 5] [2 3 4 5 6] [1 2 3 4 5 6 7 8 10] [1 2 3 4 5 7 8] [1 2 3 4 5 6 11] [2 3 5] [1 4] [1 2 3 4 5 6 8] [] [] [] [] []
32 [] [2 3 4 5 6 11] [1 2 3 4 5] [1 2 3 4 5 6 7] [1 2 3 4] [1 2 3 4 5 6 7 8] [2 3 4 6] [1 2 3 4 5 6] [2] [1 2 3 4 6] [2 3 4 6 7] [1 2] [1 2 3 4 6 7] [2 3 4] [2 3 4 5 6 7] [2 3] [1 2 3 4 6 7 8] [2 3 4 5 6 7 8] [1] [2 3 4 5] [1 2 3 4 5 7] [1 2 3 5] [2 3 4 5 6] [1 2 3 4 5 6 7 8 10] [1 2 3 4 5 7 8] [1 2 3 4 5 6 11] [2 3 5] [1 4] [1 2 3 4 5 6 8] [] [] [] [] []
33 [] [1 2 3 4 5] [1 2 3 4 5 6 7] [1 2 3 4] [1 2 3 4 5 6 7 8] [2 3 4 6] [1 2 3 4 5 6] [2] [1 2 3 4 6] [2 3 4 6 7] [1 2] [1 2 3 4 6 7] [2 3 4] [2 3 4 5 6 7] [2 3] [1 2 3 4 6 7 8] [2 3 4 5 6 7 8] [1] [2 3 4 5] [1 2 3 4 5 7] [2 3 4 5 6 11] [1 2 3 5] [2 3 4 5 6] [1 2 3 4 5 6 7 8 10] [1 2 3 4 5 7 8] [1 2 3 4 5 6 11] [2 3 5] [1 4] [1 2 3 4 5 6 8] [] [] [] [] []
34 [] [1 2 3 4 5 6 7] [1 2 3 4] [1 2 3 4 5 6 7 8] [2 3 4 6] [1 2 3 4 5 6] [2] [1 2 3 4 6] [2 3 4 6 7] [1 2] [1 2 3 4 6 7] [2 3 4] [2 3 4 5 6 7] [2 3] [1 2 3 4 6 7 8] [1 2 3 4 5] [2 3 4 5 6 7 8] [1] [2 3 4 5] [1 2 3 4 5 7] [2 3 4 5 6 11] [1 2 3 5] [2 3 4 5 6] [1 2 3 4 5 6 7 8 10] [1 2 3 4 5 7 8] [1 2 3 4 5 6 11] [2 3 5] [1 4] [1 2 3 4 5 6 8] [] [] [] [] []
35 [] [1 2 3 4 5 6 7] [1 2 3 4] [1 2 3 4 5 6] [2] [2 3 4 6 7] [1 2] [2 3 4 6] [1 2 3 4 6 7] [2 3 4] [2 3 4 5 6 7] [2 3] [1 2 3 4 6 7 8] [1 2 3 4 5] [2 3 4 5 6 7 8] [1] [2 3 4 5] [1 2 3 4 5 7] [2 3 4 5 6 11] [1 2 3 5] [2 3 4 5 6] [1 2 3 4 5 6 7 8 10] [1 2 3 4 5 7 8] [1 2 3 4 5 6 11] [2 3 5] [1 4] [1 2 3 4 5 6 7 8] [1 2 3 4 6] [1 2 3 4 5 6 8] [] [] [] [] []
36 [] [1 2 3 4] [1 2 3 4 5 6] [1 2 3 4 5 6 7] [2] [2 3 4 6 7] [1 2] [2 3 4 6] [1 2 3 4 6 7] [2 3 4] [2 3 4 5 6 7] [2 3] [1 2 3 4 6 7 8] [1 2 3 4 5] [2 3 4 5 6 7 8] [1] [2 3 4 5] [1 2 3 4 5 7] [2 3 4 5 6 11] [1 2 3 5] [2 3 4 5 6] [1 2 3 4 5 6 7 8 10] [1 2 3 4 5 7 8] [1 2 3 4 5 6 11] [2 3 5] [1 4] [1 2 3 4 5 6 7 8] [1 2 3 4 6] [1 2 3 4 5 6 8] [] [] [] [] []
37 [] [1 2 3 4 5 6] [1 2 3 4 5 6 7] [2] [2 3 4 6 7] [1 2] [2 3 4 6] [1 2 3 4 6 7] [2 3 4] [2 3 4 5 6 7] [1 2 3 4] [2 3] [1 2 3 4 6 7 8] [1 2 3 4 5] [2 3 4 5 6 7 8] [1] [2 3 4 5] [1 2 3 4 5 7] [2 3 4 5 6 11] [1 2 3 5] [2 3 4 5 6] [1 2 3 4 5 6 7 8 10] [1 2 3 4 5 7 8] [1 2 3 4 5 6 11] [2 3 5] [1 4] [1 2 3 4 5 6 7 8] [1 2 3 4 6] [1 2 3 4 5 6 8] [] [] [] [] []
38 [] [1 2 3 4 5 6 7] [1 2 3 4 5 6 7 8] [2 3 4 6 7] [1 2] [2 3 4 6] [1 2 3 4 6 7] [2 3 4] [2 3 4 5 6 7] [1 2 3 4] [2 3] [1 2 3 4 6 7 8] [1 2 3 4 5] [2 3 4 5 6 7 8] [1] [2] [2 3 4 5] [1 2 3 4 5 6] [1 2 3 4 5 7] [2 3 4 5 6 11] [1 2 3 5] [2 3 4 5 6] [1 2 3 4 5 6 7 8 10] [1 2 3 4 5 7 8] [1 2 3 4 5 6 11] [2 3 5] [1 4] [1 2 3 4 6] [1 2 3 4 5 6 8] [] [] [] [] []
39 [] [1 2 3 4 5 6 7 8] [2 3 4 6 7] [1 2] [2 3 4 6] [1 2 3 4 6 7] [2 3 4] [2 3 4 5 6 7] [1 2 3 4] [2 3] [1 2 3 4 6 7 8] [1 2 3 4 5] [2 3 4 5 6 7 8] [1] [2] [2 3 4 5] [1 2 3 4 5 6] [1 2 3 4 5 7] [2 3 4 5 6 11] [1 2 3 4 5 6 7] [1 2 3 5] [2 3 4 5 6] [1 2 3 4 5 6 7 8 10] [1 2 3 4 5 7 8] [1 2 3 4 5 6 11] [2 3 5] [1 4] [1 2 3 4 6] [1 2 3 4 5 6 8] [] [] [] [] []
40 [] [2 3 4 6 7] [2 3 4 5 6 7] [2 3 4 6] [1 2 3 4 6 7] [2 3 4] [1 2 3 4] [2 3] [1 2 3 4 6 7 8] [1 2 3 4 5] [2 3 4 5 6 7 8] [1] [2] [2 3 4 5] [1 2 3 4 5 6] [1 2 3 4 5 7] [2 3 4 5 6 11] [1 2 3 4 5 6 7] [1 2 3 5] [2 3 4 5 6] [1 2 3 4 5 6 7 8 10] [1 2 3 4 5 7 8] [1 2 3 4 5 6 11] [2 3 5] [1 2] [1 4] [1 2 3 4 5 6 7 8] [1 2 3 4 6] [1 2 3 4 5 6 8] [] [] [] [] []
41 [] [2 3 4 5 6 7] [2 3 4 6] [1 2 3 4 6 7] [2 3 4] [1 2 3 4] [2 3 4 6 7] [2 3] [1 2 3 4 6 7 8] [1 2 3 4 5] [2 3 4 5 6 7 8] [1] [2] [2 3 4 5] [1 2 3 4 5 6] [1 2 3 4 5 7] [2 3 4 5 6 11] [1 2 3 4 5 6 7] [1 2 3 5] [2 3 4 5 6] [1 2 3 4 5 6 7 8 10] [1 2 3 4 5 7 8] [1 2 3 4 5 6 11] [2 3 5] [1 2] [1 4] [1 2 3 4 5 6 7 8] [1 2 3 4 6] [1 2 3 4 5 6 8] [] [] [] [] []
42 [] [2 3 4 6] [1 2 3 4 6 7] [2 3 4] [2 3 4 5 6 7] [1 2 3 4] [2 3 4 6 7] [2 3] [1 2 3 4 6 7 8] [1 2 3 4 5] [2 3 4 5 6 7 8] [1] [2] [2 3 4 5] [1 2 3 4 5 6] [1 2 3 4 5 7] [2 3 4 5 6 11] [1 2 3 4 5 6 7] [1 2 3 5] [2 3 4 5 6] [1 2 3 4 5 6 7 8 10] [1 2 3 4 5 7 8] [1 2 3 4 5 6 11] [2 3 5] [1 2] [1 4] [1 2 3 4 5 6 7 8] [1 2 3 4 6] [1 2 3 4 5 6 8] [] [] [] [] []
43 [] [1 2 3 4 6 7] [1 2 3 4 6] [2 3 4] [1 2 3 4] [2 3 4 6 7] [2 3] [1 2 3 4 6 7 8] [1 2 3 4 5] [2 3 4 5 6 7 8] [1] [2] [2 3 4 5] [2 3 4 6] [1 2 3 4 5 6] [1 2 3 4 5 7] [2 3 4 5 6 11] [1 2 3 4 5 6 7] [1 2 3 5] [2 3 4 5 6 7] [2 3 4 5 6] [1 2 3 4 5 6 7 8 10] [1 2 3 4 5 7 8] [1 2 3 4 5 6 11] [2 3 5] [1 2] [1 4] [1 2 3 4 5 6 7 8] [1 2 3 4 5 6 8] [] [] [] [] []
44 [] [1 2 3 4 6] [2 3 4] [1 2 3 4] [2 3 4 6 7] [1 2 3 4 6 7] [2 3] [1 2 3 4 6 7 8] [1 2 3 4 5] [2 3 4 5 6 7 8] [1] [2] [2 3 4 5] [2 3 4 6] [1 2 3 4 5 6] [1 2 3 4 5 7] [2 3 4 5 6 11] [1 2 3 4 5 6 7] [1 2 3 5] [2 3 4 5 6 7] [2 3 4 5 6] [1 2 3 4 5 6 7 8 10] [1 2 3 4 5 7 8] [1 2 3 4 5 6 11] [2 3 5] [1 2] [1 4] [1 2 3 4 5 6 7 8] [1 2 3 4 5 6 8] [] [] [] [] []
45 [] [2 3 4] [1 2 3 4] [2 3 4 6 7] [1 2 3 4 6 7] [2 3] [1 2 3 4 6 7 8] [1 2 3 4 5] [2 3 4 5 6 7 8] [1] [2] [2 3 4 5] [2 3 4 6] [1 2 3 4 5 6] [1 2 3 4 5 7] [2 3 4 5 6 11] [1 2 3 4 5 6 7] [1 2 3 5] [2 3 4 5 6 7] [2 3 4 5 6] [1 2 3 4 5 6 7 8 10] [1 2 3 4 5 7 8] [1 2 3 4 5 6 11] [2 3 5] [1 2] [1 4] [1 2 3 4 5 6 7 8] [1 2 3 4 6] [1 2 3 4 5 6 8] [] [] [] [] []
46 [] [2 3 4] [1 2 3 4] [2 3 4 6 7] [1 2 3 4 6 7] [2 3] [1 2 3 4 6 7 8] [1 2 3 4 5] [2 3 4 5 6 7 8] [1] [2] [2 3 4 5] [2 3 4 6] [1 2 3 4 5 6] [1 2 3 4 5 7] [2 3 4 5 6 11] [1 2 3 4 5 6 7] [1 2 3 5] [2 3 4 5 6 7] [2 3 4 5 6] [1 2 3 4 5 6 7 8 10] [1 2 3 4 5 7 8] [1 2 3 4 5 6 11] [2 3 5] [1 2] [1 4] [1 2 3 4 5 6 7 8] [1 2 3 4 6] [1 2 3 4 5 6 8] [] [] [] [] []
47 [] [1 2 3 4] [2 3 4 6 7] [1 2 3 4 6 7] [2 3] [1 2 3 4 6 7 8] [1 2 3 4 5] [1 2 3 4 5 6 7] [2 3 4 5 6 7 8] [1] [2] [2 3 4 5] [2 3 4 6] [1 2 3 4 5 6] [1 2 3 4 5 7] [2 3 4 5 6 11] [1 2 3 5] [2 3 4 5 6 7] [2 3 4 5 6] [1 2 3 4 5 6 7 8 10] [1 2 3 4 5 7 8] [1 2 3 4 5 6 11] [2 3 5] [1 2] [1 4] [1 2 3 4 5 6 7 8] [1 2 3 4 6] [1 2 3 4 5 6 8] [] [] [] [] [] []
48 [] [2 3] [1 2 3 4 5 6 7] [2 3 4 5 6 7 8] [1 2 3 4 5] [1] [2] [2 3 4 5] [2 3 4 6] [1 2 3 4 5 6] [1 2 3 4 5 7] [2 3 4 5 6 11] [1 2 3 5] [1 2 3 4] [1 2 3 4 6 7] [2 3 4 5 6 7] [2 3 4 5 6] [2 3 4 6 7] [1 2 3 4 5 6 7 8 10] [1 2 3 4 5 7 8] [1 2 3 4 5 6 11] [2 3 5] [1 2] [1 4] [1 2 3 4 5 6 7 8] [1 2 3 4 6 7 8] [1 2 3 4 6] [1 2 3 4 5 6 8] [] [] [] [] [] []
49 [] [1 2 3 4 5 6 7] [2 3 4 5 6 7 8] [1 2 3 4 5] [1] [2] [2 3 4 5] [2 3 4 6] [1 2 3 4 5 6] [1 2 3 4 5 7] [2 3 4 5 6 11] [2 3] [1 2 3 5] [1 2 3 4] [1 2 3 4 6 7] [2 3 4 5 6 7] [2 3 4 5 6] [2 3 4 6 7] [1 2 3 4 5 6 7 8 10] [1 2 3 4 5 7 8] [1 2 3 4 5 6 11] [2 3 5] [1 2] [1 4] [1 2 3 4 5 6 7 8] [1 2 3 4 6 7 8] [1 2 3 4 6] [1 2 3 4 5 6 8] [] [] [] [] [] []
50 [] [2 3 4 5 6 7 8] [1 2 3 4 5] [1] [2] [2 3 4 5] [2 3 4 6] [1 2 3 4 5 6] [1 2 3 4 5 7] [2 3 4 5 6 11] [2 3] [1 2 3 4 5 6 7] [1 2 3 5] [1 2 3 4] [1 2 3 4 6 7] [2 3 4 5 6 7] [2 3 4 5 6] [2 3 4 6 7] [1 2 3 4 5 6 7 8 10] [1 2 3 4 5 7 8] [1 2 3 4 5 6 11] [2 3 5] [1 2] [1 4] [1 2 3 4 5 6 7 8] [1 2 3 4 6 7 8] [1 2 3 4 6] [1 2 3 4 5 6 8] [] [] [] [] [] []
51 [] [2] [2 3 4 5] [1 2 3 4 5 6] [1 2 3 4 5 7] [2 3] [1 2 3 4 5 6 7] [1 2 3 5] [1 2 3 4] [2 3 4 5 6 7] [2 3 4 5 6] [2 3 4 6 7] [1 2 3 4 5 6 7 8 10] [1 2 3 4 5 7 8] [2 3 4 6] [1 2 3 4 6 7] [1 2 3 4 5] [1 2 3 4 5 6 11] [2 3 5] [2 3 4 5 6 7 8] [1 2] [1 4] [1 2 3 4 5 6 7 8] [1 2 3 4 6 7 8] [1 2 3 4 6] [1] [1 2 3 4 5 6 8] [] [] [] [] [] [] []
52 [] [2 3 4 5] [1 2 3 4 5 6] [1 2 3 4 5 7] [2] [2 3] [1 2 3 5] [1 2 3 4] [2 3 4 5 6 7] [2 3 4 5 6] [1 2 3 4 5 6 7] [2 3 4 6 7] [1 2 3 4 5 6 7 8 10] [1 2 3 4 5 7 8] [2 3 4 6] [1 2 3 4 6 7] [1 2 3 4 5] [1 2 3 4 5 6 11] [2 3 5] [2 3 4 5 6 7 8] [1 2] [1 4] [1 2 3 4 5 6 7 8] [1 2 3 4 6 7 8] [1 2 3 4 6] [1] [1 2 3 4 5 6 8] [] [] [] [] [] [] []
53 [] [2 3 4 5] [1 2 3 4 5 6] [1 2 3 4 5 7] [2] [2 3] [1 2 3 5] [1 2 3 4] [2 3 4 5 6 7] [2 3 4 5 6] [1 2 3 4 5 6 7] [2 3 4 6 7] [1 2 3 4 5 6 7 8 10] [1 2 3 4 5 7 8] [2 3 4 6] [1 2 3 4 6 7] [1 2 3 4 5] [1 2 3 4 5 6 11] [2 3 5] [2 3 4 5 6 7 8] [1 2] [1 4] [1 2 3 4 5 6 7 8] [1 2 3 4 6 7 8] [1 2 3 4 6] [1] [1 2 3 4 5 6 8] [] [] [] [] [] [] []
54 [] [1 2 3 4 5 6] [1 2 3 4 5 7] [2] [2 3 4 5] [2 3] [1 2 3 5] [1 2 3 4] [2 3 4 5 6 7] [2 3 4 5 6] [1 2 3 4 5 6 7] [2 3 4 6 7] [1 2 3 4 5 6 7 8 10] [1 2 3 4 5 7 8] [2 3 4 6] [1 2 3 4 6 7] [1 2 3 4 5] [1 2 3 4 5 6 11] [2 3 5] [2 3 4 5 6 7 8] [1 2] [1 4] [1 2 3 4 5 6 7 8] [1 2 3 4 6 7 8] [1 2 3 4 6] [1] [1 2 3 4 5 6 8] [] [] [] [] [] [] []
55 [] [1 2 3 4 5 7] [2] [2 3 4 5] [2 3] [1 2 3 5] [1 2 3 4] [2 3 4 5 6 7] [2 3 4 5 6] [1 2 3 4 5 6 7] [1 2 3 4 5 6] [2 3 4 6 7] [1 2 3 4 5 6 7 8 10] [1 2 3 4 5 7 8] [2 3 4 6] [1 2 3 4 6 7] [1 2 3 4 5] [1 2 3 4 5 6 11] [2 3 5] [2 3 4 5 6 7 8] [1 2] [1 4] [1 2 3 4 5 6 7 8] [1 2 3 4 6 7 8] [1 2 3 4 6] [1] [1 2 3 4 5 6 8] [] [] [] [] [] [] []
56 [] [2] [2 3 4 5] [2 3] [1 2 3 5] [1 2 3 4] [2 3 4 5 6 7] [2 3 4 5 6] [1 2 3 4 5 6 7] [1 2 3 4 5 6] [2 3 4 6 7] [1 2 3 4 5 6 7 8 10] [1 2 3 4 5 7 8] [2 3 4 6] [1 2 3 4 6 7] [1 2 3 4 5] [1 2 3 4 5 6 11] [2 3 5] [2 3 4 5 6 7 8] [1 2] [1 4] [1 2 3 4 5 6 7 8] [1 2 3 4 6 7 8] [1 2 3 4 6] [1 2 3 4 5 7] [1] [1 2 3 4 5 6 8] [] [] [] [] [] [] []
57 [] [2] [2 3 4 5] [2 3] [1 2 3 5] [1 2 3 4] [2 3 4 5 6 7] [2 3 4 5 6] [1 2 3 4 5 6 7] [1 2 3 4 5 6] [2 3 4 6 7] [1 2 3 4 5 6 7 8 10] [1 2 3 4 5 7 8] [2 3 4 6] [1 2 3 4 6 7] [1 2 3 4 5] [1 2 3 4 5 6 11] [2 3 5] [2 3 4 5 6 7 8] [1 2] [1 4] [1 2 3 4 5 6 7 8] [1 2 3 4 6 7 8] [1 2 3 4 6] [1 2 3 4 5 7] [1] [1 2 3 4 5 6 8] [] [] [] [] [] [] []
58 [] [2 3 4 5] [2 3] [1 2 3 5] [1 2 3 4] [2 3 4 5 6 7] [2 3 4 5 6] [2] [1 2 3 4 5 6 7] [1 2 3 4 5 6] [2 3 4 6 7] [1 2 3 4 5 6 7 8 10] [1 2 3 4 5 7 8] [2 3 4 6] [1 2 3 4 6 7] [1 2 3 4 5] [1 2 3 4 5 6 11] [2 3 5] [2 3 4 5 6 7 8] [1 2] [1 4] [1 2 3 4 5 6 7 8] [1 2 3 4 6 7 8] [1 2 3 4 6] [1 2 3 4 5 7] [1] [1 2 3 4 5 6 8] [] [] [] [] [] [] []
59 [] [2 3 4 5] [2 3] [1 2 3 5] [1 2 3 4] [2 3 4 5 6 7] [2 3 4 5 6] [2] [1 2 3 4 5 6 7] [1 2 3 4 5 6] [2 3 4 6 7] [1 2 3 4 5 6 7 8 10] [1 2 3 4 5 7 8] [2 3 4 6] [1 2 3 4 6 7] [1 2 3 4 5] [1 2 3 4 5 6 11] [2 3 5] [2 3 4 5 6 7 8] [1 2] [1 4] [1 2 3 4 5 6 7 8] [1 2 3 4 6 7 8] [1 2 3 4 6] [1 2 3 4 5 7] [1] [1 2 3 4 5 6 8] [] [] [] [] [] [] []
60 [] [2 3] [1 2 3 5] [1 2 3 4] [2 3 4 5 6 7] [2 3 4 5 6] [2] [1 2 3 4 5 6 7] [1 2 3 4 5 6] [2 3 4 6 7] [1 2 3 4 5 6 7 8 10] [1 2 3 4 5 7 8] [2 3 4 6] [1 2 3 4 6 7] [1 2 3 4 5] [1 2 3 4 5 6 11] [2 3 5] [2 3 4 5 6 7 8] [1 2] [1 4] [1 2 3 4 5 6 7 8] [1 2 3 4 6 7 8] [1 2 3 4 6] [1 2 3 4 5 7] [1] [1 2 3 4 5 6 8] [2 3 4 5] [] [] [] [] [] [] []
61 [] [2 3] [1 2 3 5] [1 2 3 4] [2 3 4 5 6 7] [2 3 4 5 6] [2] [1 2 3 4 5 6 7] [1 2 3 4 5 6] [2 3 4 6 7] [1 2 3 4 5 6 7 8 10] [1 2 3 4 5 7 8] [2 3 4 6] [1 2 3 4 6 7] [1 2 3 4 5] [1 2 3 4 5 6 11] [2 3 5] [2 3 4 5 6 7 8] [1 2] [1 4] [1 2 3 4 5 6 7 8] [1 2 3 4 6 7 8] [1 2 3 4 6] [1 2 3 4 5 7] [1] [1 2 3 4 5 6 8] [2 3 4 5] [] [] [] [] [] [] []
62 [] [1 2 3 5] [1 2 3 4] [2 3 4 5 6 7] [2 3 4 5 6] [2] [1 2 3 4 5 6 7] [1 2 3 4 5 6] [2 3 4 6 7] [1 2 3 4 5 6 7 8 10] [1 2 3 4 5 7 8] [2 3 4 6] [2 3] [1 2 3 4 6 7] [1 2 3 4 5] [1 2 3 4 5 6 11] [2 3 5] [2 3 4 5 6 7 8] [1 2] [1 4] [1 2 3 4 5 6 7 8] [1 2 3 4 6 7 8] [1 2 3 4 6] [1 2 3 4 5 7] [1] [1 2 3 4 5 6 8] [2 3 4 5] [] [] [] [] [] [] []
63 [] [1 2 3 4] [2 3 4 5 6] [1 2 3 4 5 6 7] [1 2 3 4 5 6] [2 3 4 6 7] [2] [1 2 3 4 5 6 7 8 10] [2 3 4 6] [2 3] [1 2 3 4 6 7] [1 2 3 4 5] [1 2 3 4 5 6 11] [2 3 5] [2 3 4 5 6 7 8] [1 2] [1 4] [1 2 3 4 5 7 8] [1 2 3 4 5 6 7 8] [1 2 3 4 6 7 8] [1 2 3 4 6] [1 2 3 4 5 7] [1] [1 2 3 4 5 6 8] [2 3 4 5] [] [] [] [] [] [] [] [] []
64 [] [1 2 3 4] [2 3 4 5 6] [1 2 3 4 5 6 7] [1 2 3 4 5 6] [2 3 4 6 7] [2] [1 2 3 4 5 6 7 8 10] [2 3 4 6] [2 3] [1 2 3 4 6 7] [1 2 3 4 5] [1 2 3 4 5 6 11] [2 3 5] [2 3 4 5 6 7 8] [1 2] [1 4] [1 2 3 4 5 7 8] [1 2 3 4 5 6 7 8] [1 2 3 4 6 7 8] [1 2 3 4 6] [1 2 3 4 5 7] [1] [1 2 3 4 5 6 8] [2 3 4 5] [] [] [] [] [] [] [] [] []
65 [] [2 3 4 5 6] [1 2 3 4 5 6 7] [1 2 3 4 5 6] [2 3 4 6 7] [2] [1 2 3 4 5 6 7 8 10] [2 3 4 6] [2 3] [1 2 3 4 6 7] [1 2 3 4 5] [1 2 3 4 5 6 11] [2 3 5] [2 3 4 5 6 7 8] [1 2] [1 4] [1 2 3 4 5 7 8] [1 2 3 4 5 6 7 8] [1 2 3 4 6 7 8] [1 2 3 4 6] [1 2 3 4] [1 2 3 4 5 7] [1] [1 2 3 4 5 6 8] [2 3 4 5] [] [] [] [] [] [] [] [] []
66 [] [1 2 3 4 5 6 7] [1 2 3 4 5 6] [1 2 3 4 5] [2 3 4 6 7] [2] [1 2 3 4 5 6 7 8 10] [2 3 4 6] [2 3] [1 2 3 4 6 7] [1 2 3 4 5 6 11] [2 3 5] [2 3 4 5 6 7 8] [1 2] [1 4] [1 2 3 4 5 7 8] [1 2 3 4 5 6 7 8] [1 2 3 4 6 7 8] [1 2 3 4 6] [1 2 3 4] [1 2 3 4 5 7] [2 3 4 5 6] [1] [1 2 3 4 5 6 8] [2 3 4 5] [] [] [] [] [] [] [] [] []
67 [] [1 2 3 4 5] [2 3 4 6 7] [2] [1 2 3 4 5 6 7 8 10] [2 3 4 6] [2 3] [1 2 3 4 5 6] [1 2 3 4 5 6 7] [1 2 3 4 6 7] [1 2 3 4 5 6 11] [2 3 5] [2 3 4 5 6 7 8] [1 2] [1 4] [1 2 3 4 5 7 8] [1 2 3 4 5 6 7 8] [1 2 3 4 6 7 8] [1 2 3 4 6] [1 2 3 4] [1 2 3 4 5 7] [2 3 4 5 6] [1] [1 2 3 4 5 6 8] [2 3 4 5] [] [] [] [] [] [] [] [] []
68 [] [2 3 4 6 7] [2] [1 2 3 4 5 6 7 8 10] [2 3 4 6] [2 3] [1 2 3 4 5 6] [1 2 3 4 5 6 7] [1 2 3 4 6 7] [1 2 3 4 5] [1 2 3 4 5 6 11] [2 3 5] [2 3 4 5 6 7 8] [1 2] [1 4] [1 2 3 4 5 7 8] [1 2 3 4 5 6 7 8] [1 2 3 4 6 7 8] [1 2 3 4 6] [1 2 3 4] [1 2 3 4 5 7] [2 3 4 5 6] [1] [1 2 3 4 5 6 8] [2 3 4 5] [] [] [] [] [] [] [] [] []
69 [] [2] [1 2 3 4 5 6 7 8 10] [2 3 4 6] [2 3] [1 2 3 4 5 6] [1 2 3 4 5 6 7] [2 3 4 6 7] [1 2 3 4 6 7] [1 2 3 4 5] [1 2 3 4 5 6 11] [2 3 5] [2 3 4 5 6 7 8] [1 2] [1 4] [1 2 3 4 5 7 8] [1 2 3 4 5 6 7 8] [1 2 3 4 6 7 8] [1 2 3 4 6] [1 2 3 4] [1 2 3 4 5 7] [2 3 4 5 6] [1] [1 2 3 4 5 6 8] [2 3 4 5] [] [] [] [] [] [] [] [] []
70 [] [1 2 3 4 5 6 7 8 10] [2 3 4 6] [2 3] [1 2 3 4 5 6 7] [2 3 4 6 7] [1 2 3 4 6 7] [2] [1 2 3 4 5 6 11] [2 3 5] [2 3 4 5 6 7 8] [1 2] [1 2 3 4 5 6] [1 2 3 4 5] [1 4] [1 2 3 4 5 7 8] [1 2 3 4 5 6 7 8] [1 2 3 4 6 7 8] [1 2 3 4 6] [1 2 3 4] [1 2 3 4 5 7] [2 3 4 5 6] [1] [1 2 3 4 5 6 8] [2 3 4 5] [] [] [] [] [] [] [] [] []
71 [] [2 3 4 6] [1 2 3 4 5 6 7] [2 3 4 6 7] [1 2 3 4 6 7] [2] [1 2 3 4 5 6 11] [2 3] [2 3 5] [2 3 4 5 6 7 8] [1 2] [1 2 3 4 5 6] [1 2 3 4 5] [1 4] [1 2 3 4 5 7 8] [1 2 3 4 5 6 7 8] [1 2 3 4 6 7 8] [1 2 3 4 6] [1 2 3 4] [1 2 3 4 5 7] [2 3 4 5 6] [1] [1 2 3 4 5 6 8] [2 3 4 5] [] [] [] [] [] [] [] [] [] []
72 [] [2 3 4 6] [1 2 3 4 5 6 7] [2 3 4 6 7] [1 2 3 4 6 7] [2] [1 2 3 4 5 6 11] [2 3] [2 3 5] [2 3 4 5 6 7 8] [1 2] [1 2 3 4 5 6] [1 2 3 4 5] [1 4] [1 2 3 4 5 7 8] [1 2 3 4 5 6 7 8] [1 2 3 4 6 7 8] [1 2 3 4 6] [1 2 3 4] [1 2 3 4 5 7] [2 3 4 5 6] [1] [1 2 3 4 5 6 8] [2 3 4 5] [] [] [] [] [] [] [] [] [] []
73 [] [2 3 4 6] [1 2 3 4 5 6 7] [2 3 4 6 7] [1 2 3 4 6 7] [2] [1 2 3 4 5 6 11] [2 3] [2 3 5] [2 3 4 5 6 7 8] [1 2] [1 2 3 4 5 6] [1 2 3 4 5] [1 4] [1 2 3 4 5 7 8] [1 2 3 4 5 6 7 8] [1 2 3 4 6 7 8] [1 2 3 4 6] [1 2 3 4] [1 2 3 4 5 7] [2 3 4 5 6] [1] [1 2 3 4 5 6 8] [2 3 4 5] [] [] [] [] [] [] [] [] [] []
74 [] [1 2 3 4 5 6 7] [2 3 4 6 7] [2] [1 2 3 4 5 6 11] [2 3] [2 3 5] [2 3 4 5 6 7 8] [1 2] [2 3 4 6] [1 2 3 4 5 6] [1 2 3 4 5] [1 4] [1 2 3 4 5 7 8] [1 2 3 4 5 6 7 8] [1 2 3 4 6 7 8] [1 2 3 4 6 7] [1 2 3 4 6] [1 2 3 4] [1 2 3 4 5 7] [2 3 4 5 6] [1] [1 2 3 4 5 6 8] [2 3 4 5] [] [] [] [] [] [] [] [] [] []
75 [] [2 3 4 6 7] [2] [1 2 3 4 5 6 11] [2 3] [2 3 5] [2 3 4 5 6 7 8] [1 2] [2 3 4 6] [1 2 3 4 5 6] [1 2 3 4 5] [1 2 3 4 5 6 7] [1 4] [1 2 3 4 5 7 8] [1 2 3 4 5 6 7 8] [1 2 3 4 6 7 8] [1 2 3 4 6 7] [1 2 3 4 6] [1 2 3 4] [1 2 3 4 5 7] [2 3 4 5 6] [1] [1 2 3 4 5 6 8] [2 3 4 5] [] [] [] [] [] [] [] [] [] []
76 [] [2 3 4 6 7] [1 2 3 4 6 8] [2] [1 2 3 4 5 6 11] [2 3] [2 3 5] [2 3 4 5 6 7 8] [1 2] [2 3 4 6] [1 2 3 4 5 6] [1 2 3 4 5] [1 2 3 4 5 6 7] [1 4] [1 2 3 4 5 7 8] [1 2 3 4 5 6 7 8] [1 2 3 4 6 7 8] [1 2 3 4 6 7] [1 2 3 4 6] [1 2 3 4] [1 2 3 4 5 7] [2 3 4 5 6] [1] [1 2 3 4 5 6 8] [2 3 4 5] [] [] [] [] [] [] [] [] []
77 [] [1 2 3 4 6 8] [2] [2 3 4 6 7] [1 2 3 4 5 6 11] [2 3] [2 3 5] [2 3 4 5 6 7 8] [1 2] [2 3 4 6] [1 2 3 4 5 6] [1 2 3 4 5] [1 2 3 4 5 6 7] [1 4] [1 2 3 4 5 7 8] [1 2 3 4 5 6 7 8] [1 2 3 4 6 7 8] [1 2 3 4 6 7] [1 2 3 4 6] [1 2 3 4] [1 2 3 4 5 7] [2 3 4 5 6] [1] [1 2 3 4 5 6 8] [2 3 4 5] [] [] [] [] [] [] [] [] []
78 [] [2] [2 3 4 6 7] [1 2 3 4 5 6 11] [2 3] [2 3 5] [2 3 4 5 6 7 8] [1 2] [2 3 4 6] [1 2 3 4 5 6] [1 2 3 4 5] [1 2 3 4 5 6 7] [1 4] [1 2 3 4 5 7 8] [1 2 3 4 5 6 7 8] [1 2 3 4 6 7 8] [1 2 3 4 6 7] [1 2 3 4 6] [1 2 3 4] [1 2 3 4 5 7] [2 3 4 5 6] [1] [1 2 3 4 5 6 8] [2 3 4 5] [] [] [] [] [] [] [] [] [] []
79 [] [2 3 4 6 7] [1 2 3 4 5 6 11] [2 3] [2 3 5] [2 3 4 5 6 7 8] [1 2] [2 3 4 6] [1 2 3 4 5 6] [1 2 3 4 5] [1 2 3 4 5 6 7] [1 4] [1 2 3 4 5 7 8] [1 2 3 4 5 6 7 8] [2] [1 2 3 4 6 7 8] [1 2 3 4 6 7] [1 2 3 4 6] [1 2 3 4] [1 2 3 4 5 7] [2 3 4 5 6] [1] [1 2 3 4 5 6 8] [2 3 4 5] [] [] [] [] [] [] [] [] [] []
80 [] [1 2 3 4 5 6 11] [2 3] [2 3 5] [2 3 4 5 6 7 8] [1 2] [2 3 4 6] [1 2 3 4 5 6] [1 2 3 4 5] [1 2 3 4 5 6 7] [1 4] [1 2 3 4 5 7 8] [1 2 3 4 5 6 7 8] [2] [1 2 3 4 6 7 8] [1 2 3 4 6 7] [1 2 3 4 6] [2 3 4 6 7] [1 2 3 4] [1 2 3 4 5 7] [2 3 4 5 6] [1] [1 2 3 4 5 6 8] [2 3 4 5] [] [] [] [] [] [] [] [] [] []
81 [] [2 3] [2 3 5] [1 2] [2 3 4 6] [1 2 3 4 5 6] [1 2 3 4 5] [1 2 3 4 5 6 7] [1 4] [1 2 3 4 5 7 8] [1 2 3 4 5 6 7 8] [2] [1 2 3 4 6 7 8] [1 2 3 4 6 7] [1 2 3 4 6] [2 3 4 6 7] [1 2 3 4] [1 2 3 4 5 7] [2 3 4 5 6] [1] [1 2 3 4 5 6 8] [2 3 4 5] [] [] [] [] [] [] [] [] [] [] [] []
82 [] [2 3 5] [1 2] [2 3 4 6] [1 2 3 4 5 6] [1 2 3 4 5] [1 2 3 4 5 6 7] [1 4] [1 2 3 4 5 7 8] [1 2 3 4 5 6 7 8] [2] [1 2 3 4 6 7 8] [1 2 3 4 6 7] [1 2 3 4 6] [2 3 4 6 7] [2 3] [1 2 3 4] [1 2 3 4 5 7] [2 3 4 5 6] [1] [1 2 3 4 5 6 8] [2 3 4 5] [] [] [] [] [] [] [] [] [] [] [] []
83 [] [2 3 5] [1 2] [2 3 4 6] [1 2 3 4 5 6] [1 2 3 4 5] [1 2 3 4 5 6 7] [1 4] [1 2 3 4 5 7 8] [1 2 3 4 5 6 7 8] [2] [1 2 3 4 6 7 8] [1 2 3 4 6 7] [1 2 3 4 6] [2 3 4 6 7] [2 3] [1 2 3 4] [1 2 3 4 5 7] [2 3 4 5 6] [1] [1 2 3 4 5 6 8] [2 3 4 5] [] [] [] [] [] [] [] [] [] [] [] []
84 [] [2 3 5] [1 2] [2 3 4 6] [1 2 3 4 5 6] [1 2 3 4 5] [1 2 3 4 5 6 7] [1 4] [1 2 3 4 5 7 8] [1 2 3 4 5 6 7 8] [2] [1 2 3 4 6 7 8] [1 2 3 4 6 7] [1 2 3 4 6] [2 3 4 6 7] [2 3] [1 2 3 4] [1 2 3 4 5 7] [2 3 4 5 6] [1] [1 2 3 4 5 6 8] [2 3 4 5] [] [] [] [] [] [] [] [] [] [] [] []
85 [] [2 3 4 6] [2 3] [1 2 3 4 5 6] [1 2] [1 2 3 4 5] [1 2 3 4 5 6 7] [1 4] [1 2 3 4 5 7 8] [1 2 3 4 5 6 7 8] [2] [1 2 3 4 6 7 8] [1 2 3 4 6 7] [1 2 3 4 6] [2 3 4 6 7] [1 2 3 4] [1 2 3 4 5 7] [2 3 5] [2 3 4 5 6] [1] [1 2 3 4 5 6 8] [2 3 4 5] [] [] [] [] [] [] [] [] [] [] [] []
86 [] [1 2 3 4 5 6] [1 2] [1 2 3 4 5] [1 2 3 4 5 6 7] [1 4] [1 2 3 4 5 7 8] [1 2 3 4 5 6 7 8] [2] [1 2 3 4 6 7 8] [1 2 3 4 6 7] [1 2 3 4 6] [2 3 4 6 7] [2 3] [1 2 3 4] [1 2 3 4 5 7] [2 3 5] [2 3 4 5 6] [1] [1 2 3 4 5 6 8] [2 3 4 5] [] [] [] [] [] [] [] [] [] [] [] [] []
87 [] [1 2 3 4 5 6] [1 2] [1 2 3 4 5] [1 2 3 4 5 6 7] [1 4] [1 2 3 4 5 7 8] [1 2 3 4 5 6 7 8] [2] [1 2 3 4 6 7 8] [1 2 3 4 6 7] [1 2 3 4 6] [2 3 4 6 7] [2 3] [1 2 3 4] [1 2 3 4 5 7] [2 3 5] [2 3 4 5 6] [1] [1 2 3 4 5 6 8] [2 3 4 5] [] [] [] [] [] [] [] [] [] [] [] [] []
88 [] [1 2] [1 2 3 4 5] [1 2 3 4 5 6 7] [1 4] [1 2 3 4 5 7 8] [1 2 3 4 5 6 7 8] [2] [1 2 3 4 6 7 8] [1 2 3 4 6 7] [1 2 3 4 6] [2 3 4 6 7] [2 3] [1 2 3 4] [1 2 3 4 5 7] [1 2 3 4 5 6] [2 3 5] [2 3 4 5 6] [1] [1 2 3 4 5 6 8] [2 3 4 5] [] [] [] [] [] [] [] [] [] [] [] [] []
89 [] [1 2 3 4 5] [1 2 3 4 5 6 7] [1 4] [1 2 3 4 5 7 8] [1 2 3 4 5 6 7 8] [2] [1 2 3 4 6 7 8] [1 2 3 4 6 7] [1 2 3 4 6] [2 3 4 6 7] [2 3] [1 2 3 4] [1 2 3 4 5 7] [1 2 3 4 5 6] [2 3 5] [2 3 4 5 6] [1] [1 2 3 4 5 6 8] [2 3 4 5] [] [] [] [] [] [] [] [] [] [] [] [] [] []
90 [] [1 2 3 4 5 6 7] [1 2 3 4 5 7 8] [1 2 3 4 5 6 7 8] [1 2 3 4 6 7 8] [1 2 3 4 6 7] [1 2 3 4 6] [2 3 4 6 7] [2 3] [1 2 3 4] [1 2 3 4 5 7] [1 2 3 4 5 6] [2 3 5] [2 3 4 5 6] [1 2 3 4 5] [2] [1] [1 4] [1 2 3 4 5 6 8] [2 3 4 5] [] [] [] [] [] [] [] [] [] [] [] [] [] []
91 [] [1 2 3 4 5 7 8] [1 2 3 4 5 6 7 8] [1 2 3 4 6 7 8] [1 2 3 4 6 7] [1 2 3 4 6] [2 3 4 6 7] [2 3] [1 2 3 4] [1 2 3 4 5 7] [1 2 3 4 5 6] [2 3 5] [2 3 4 5 6] [1 2 3 4 5] [2] [1] [1 4] [1 2 3 4 5 6 8] [1 2 3 4 5 6 7] [2 3 4 5] [] [] [] [] [] [] [] [] [] [] [] [] [] []
92 [] [1 2 3 4 5 6 7 8] [1 2 3 4 6 7 8] [1 2 3 4 6 7] [1 2 3 4 6] [2 3 4 6 7] [2 3] [1 2 3 4] [1 2 3 4 5 7] [1 2 3 4 5 6] [2 3 5] [2 3 4 5 6] [1 2 3 4 5] [2] [1] [1 4] [1 2 3 4 5 6 8] [1 2 3 4 5 6 7] [2 3 4 5] [] [] [] [] [] [] [] [] [] [] [] [] [] [] []
93 [] [1 2 3 4 5 6 7 8] [1 2 3 4 6 7 8] [1 2 3 4 6 7] [1 2 3 4 6] [2 3 4 6 7] [2 3] [1 2 3 4] [1 2 3 4 5 7] [1 2 3 4 5 6] [2 3 5] [2 3 4 5 6] [1 2 3 4 5] [2] [1] [1 4] [1 2 3 4 5 6 8] [1 2 3 4 5 6 7] [2 3 4 5] [] [] [] [] [] [] [] [] [] [] [] [] [] [] []
94 [] [1 2 3 4 6 7 8] [1 2 3 4 6 7] [1 2 3 4 6] [2 3 4 6 7] [2 3] [1 2 3 4] [1 2 3 4 5 7] [1 2 3 4 5 6] [2 3 5] [2 3 4 5 6] [1 2 3 4 5] [2] [1] [1 4] [1 2 3 4 5 6 7 8] [1 2 3 4 5 6 8] [1 2 3 4 5 6 7] [2 3 4 5] [] [] [] [] [] [] [] [] [] [] [] [] [] [] []
95 [] [1 2 3 4 6 7 8] [1 2 3 4 6 7] [1 2 3 4 6] [2 3 4 6 7] [2 3] [1 2 3 4] [1 2 3 4 5 7] [1 2 3 4 5 6] [2 3 5] [2 3 4 5 6] [1 2 3 4 5] [2] [1] [1 4] [1 2 3 4 5 6 7 8] [1 2 3 4 5 6 8] [1 2 3 4 5 6 7] [2 3 4 5] [] [] [] [] [] [] [] [] [] [] [] [] [] [] []
96 [] [1 2 3 4 6 7] [1 2 3 4 6] [2 3 4 6 7] [2 3] [1 2 3 4] [1 2 3 4 5 7] [1 2 3 4 5 6] [2 3 5] [2 3 4 5 6] [1 2 3 4 5] [2] [1] [1 4] [1 2 3 4 5 6 7 8] [1 2 3 4 5 6 8] [1 2 3 4 5 6 7] [2 3 4 5] [] [] [] [] [] [] [] [] [] [] [] [] [] [] [] []
97 [] [1 2 3 4 6] [2 3 4 6 7] [2 3] [1 2 3 4] [1 2 3 4 6 7] [1 2 3 4 5 7] [1 2 3 4 5 6] [2 3 5] [2 3 4 5 6] [1 2 3 4 5] [2] [1] [1 4] [1 2 3 4 5 6 7 8] [1 2 3 4 5 6 8] [1 2 3 4 5 6 7] [2 3 4 5] [] [] [] [] [] [] [] [] [] [] [] [] [] [] [] []
98 [] [2 3 4 6 7] [2 3] [1 2 3 4] [1 2 3 4 6 7] [1 2 3 4 5 7] [1 2 3 4 5 6] [2 3 5] [2 3 4 5 6] [1 2 3 4 5] [2] [1] [1 4] [1 2 3 4 5 6 7 8] [1 2 3 4 5 6 8] [1 2 3 4 5 6 7] [2 3 4 5] [] [] [] [] [] [] [] [] [] [] [] [] [] [] [] [] []
99 [] [2 3 4 6 7] [2 3 4 5 6 8 11 12] [2 3] [1 2 3 4] [1 2 3 4 6 7] [1 2 3 4 5 7] [1 2 3 4 5 6] [2 3 5] [2 3 4 5 6] [1 2 3 4 5] [2] [1] [1 4] [1 2 3 4 5 6 7 8] [1 2 3 4 5 6 8] [1 2 3 4 5 6 7] [2 3 4 5] [] [] [] [] [] [] [] [] [] [] [] [] [] [] [] []
100 [] [2 3 4 5 6 8 11 12] [2 3] [1 2 3 4] [1 2 3 4 6 7] [1 2 3 4 5 7] [1 2 3 4 5 6] [2 3 5] [2 3 4 5 6] [1 2 3 4 5] [2] [2 3 4 6 7] [1] [1 4] [1 2 3 4 5 6 7 8] [1 2 3 4 5 6 8] [1 2 3 4 5 6 7] [2 3 4 5] [] [] [] [] [] [] [] [] [] [] [] [] [] [] [] []
101 [] [2 3 4 5 6 8 11 12] [2 3] [1 2 3 4] [1 2 3 4 6 7] [1 2 3 4 5 7] [1 2 3 4 5 6] [2 3 5] [2 3 4 5 6] [1 2 3 4 5] [2] [2 3 4 6 7] [1] [1 4] [1 2 3 4 5 6 7 8] [1 2 3 4 5 6 8] [1 2 3 4 5 6 7] [2 3 4 5] [] [] [] [] [] [] [] [] [] [] [] [] [] [] [] []
102 [] [2 3] [1 2 3 4] [1 2 3 4 6 7] [1 2 3 4 5 7] [1 2 3 4 5 6] [2 3 5] [2 3 4 5 6] [1 2 3 4 5] [2] [2 3 4 6 7] [1] [1 4] [1 2 3 4 5 6 7 8] [1 2 3 4 5 6 8] [1 2 3 4 5 6 7] [2 3 4 5] [] [] [] [] [] [] [] [] [] [] [] [] [] [] [] [] []
103 [] [1 2 3 4] [2 3 5] [1 2 3 4 6 7] [1 2 3 4 5 7] [1 2 3 4 5 6] [2 3 4 5 6] [1 2 3 4 5] [2] [2 3 4 6 7] [2 3] [1] [1 4] [1 2 3 4 5 6 7 8] [1 2 3 4 5 6 8] [1 2 3 4 5 6 7] [2 3 4 5] [] [] [] [] [] [] [] [] [] [] [] [] [] [] [] [] []
104 [] [2 3 5] [1 2 3 4 6 7] [1 2 3 4 5 7] [1 2 3 4 5 6] [1 2 3 4] [2 3 4 5 6] [1 2 3 4 5] [2] [2 3 4 6 7] [2 3] [1] [1 4] [1 2 3 4 5 6 7 8] [1 2 3 4 5 6 8] [1 2 3 4 5 6 7] [2 3 4 5] [] [] [] [] [] [] [] [] [] [] [] [] [] [] [] [] []
105 [] [1 2 3 4 6 7] [1 2 3 4 5 6] [1 2 3 4] [2 3 5] [2 3 4 5 6] [1 2 3 4 5] [2] [2 3 4 6 7] [2 3] [1] [1 4] [1 2 3 4 5 6 7 8] [1 2 3 4 5 6 8] [1 2 3 4 5 6 7] [2 3 4 5] [] [] [] [] [] [] [] [] [] [] [] [] [] [] [] [] [] []
106 [] [1 2 3 4 5 6] [1 2 3 4] [2 3 5] [2 3 4 5 6] [1 2 3 4 5] [2] [2 3 4 6 7] [2 3] [1] [1 4] [1 2 3 4 5 6 7 8] [1 2 3 4 5 6 8] [1 2 3 4 5 6 7] [2 3 4 5] [] [] [] [] [] [] [] [] [] [] [] [] [] [] [] [] [] [] []
107 [] [2 3 5] [2 3 4 5 6] [1 2 3 4 5] [2] [2 3 4 6 7] [2 3] [1] [1 4] [1 2 3 4 5 6 7 8] [1 2 3 4 5 6] [1 2 3 4] [1 2 3 4 5 6 8] [1 2 3 4 5 6 7] [2 3 4 5] [] [] [] [] [] [] [] [] [] [] [] [] [] [] [] [] [] [] []
108 [] [2 3 4 5 6] [1 2 3 4 5] [2] [2 3 4 6 7] [2 3] [1] [1 4] [1 2 3 4 5 6 7 8] [1 2 3 4 5 6] [1 2 3 4] [1 2 3 4 5 6 8] [1 2 3 4 5 6 7] [2 3 4 5] [] [] [] [] [] [] [] [] [] [] [] [] [] [] [] [] [] [] [] []
109 [] [1 2 3 4 5] [2] [2 3 4 6 7] [2 3] [1] [1 4] [1 2 3 4 5 6 7 8] [1 2 3 4 5 6] [1 2 3 4] [1 2 3 4 5 6 8] [1 2 3 4 5 6 7] [2 3 4 5] [] [] [] [] [] [] [] [] [] [] [] [] [] [] [] [] [] [] [] [] []
110 [] [1] [1 4] [2 3 4 6 7] [2 3] [1 2 3 4 5 6 7 8] [1 2 3 4 5 6] [1 2 3 4] [1 2 3 4 5 6 8] [1 2 3 4 5 6 7] [2 3 4 5] [] [] [] [] [] [] [] [] [] [] [] [] [] [] [] [] [] [] [] [] [] [] []
111 [] [1] [1 4] [2 3 4 6 7] [2 3] [1 2 3 4 5 6 7 8] [1 2 3 4 5 6] [1 2 3 4] [1 2 3 4 5 6 8] [1 2 3 4 5 6 7] [2 3 4 5] [] [] [] [] [] [] [] [] [] [] [] [] [] [] [] [] [] [] [] [] [] [] []
112 [] [1 4] [2 3 4 6 7] [2 3] [1 2 3 4 5 6 7 8] [1 2 3 4 5 6] [1 2 3 4] [1 2 3 4 5 6 8] [1 2 3 4 5 6 7] [2 3 4 5] [] [] [] [] [] [] [] [] [] [] [] [] [] [] [] [] [] [] [] [] [] [] [] []
113 [] [2 3 4 6 7] [2 3 4 5 6 7 8] [2 3] [1 2 3 4 5 6 7 8] [1 2 3 4 5 6] [1 2 3 4] [1 2 3 4 5 6 8] [1 2 3 4 5 6 7] [2 3 4 5] [] [] [] [] [] [] [] [] [] [] [] [] [] [] [] [] [] [] [] [] [] [] [] []
114 [] [2 3 4 5 6 7 8] [2 3] [1 2 3 4 5 6] [1 2 3 4 5 6 8] [2 3 4 5] [] [] [] [] [] [] [] [] [] [] [] [] [] [] [] [] [] [] [] [] [] [] [] [] [] [] [] []
115 [] [2 3 4 5 6 7 8] [2 3] [1 2 3 4 5 6] [1 2 3 4 5 6 8] [2 3 4 5] [] [] [] [] [] [] [] [] [] [] [] [] [] [] [] [] [] [] [] [] [] [] [] [] [] [] [] []
116 [] [2 3] [1 2 3 4 5 6] [1 2 3 4 5 6 8] [2 3 4 5] [] [] [] [] [] [] [] [] [] [] [] [] [] [] [] [] [] [] [] [] [] [] [] [] [] [] [] [] []
117 [] [1 2 3 4 5 6] [1 2 3 4 5 6 8] [2 3 4 5] [] [] [] [] [] [] [] [] [] [] [] [] [] [] [] [] [] [] [] [] [] [] [] [] [] [] [] [] [] []
118 [] [1 2 3 4 5 6] [1 2 3 4 5 6 8] [2 3 4 5] [] [] [] [] [] [] [] [] [] [] [] [] [] [] [] [] [] [] [] [] [] [] [] [] [] [] [] [] [] []
119 [] [1 2 3 4 5 6 8] [2 3 4 5] [] [] [] [] [] [] [] [] [] [] [] [] [] [] [] [] [] [] [] [] [] [] [] [] [] [] [] [] [] [] []
120 [] [2 3 4 5] [] [] [] [] [] [] [] [] [] [] [] [] [] [] [] [] [] [] [] [] [] [] [] [] [] [] [] [] [] [] [] []
121 [] [2 3 4 5] [] [] [] [] [] [] [] [] [] [] [] [] [] [] [] [] [] [] [] [] [] [] [] [] [] [] [] [] [] [] [] []
