interv day time team
1 1 0 1
2 2 0 1
3 3 0 1
4 4 0 1
5 310 0 1
6 311 0 1
7 312 0 1
8 5 0 1
9 6 0 1
10 7 0 1
11 8 0 1
12 9 0 1
13 10 0 1
14 11 0 1
15 12 0 1
16 158 0 1
17 1 30 5
18 159 0 1
19 160 0 1
20 161 0 1
21 162 0 1
22 13 0 1
23 163 0 1
24 13 60 2
25 14 0 1
26 15 0 1
27 16 0 1
28 17 0 1
29 306 60 4
30 225 0 1
31 313 0 1
32 314 0 1
33 315 0 1
34 316 0 1
35 14 60 3
36 159 60 3
37 225 60 2
38 226 0 1
39 164 0 1
40 317 0 1
41 301 90 1
42 227 0 1
43 18 0 1
44 19 0 1
45 20 0 1
46 21 0 1
47 22 0 1
48 23 0 1
49 24 0 1
50 25 0 1
51 26 0 1
52 27 0 1
53 28 0 1
54 29 0 1
55 30 0 1
56 31 0 1
57 32 0 1
58 33 0 1
59 34 0 1
60 35 0 1
61 36 0 1
62 37 0 1
63 38 0 1
64 39 0 1
65 40 0 1
66 41 0 1
67 42 0 1
68 43 0 1
69 44 0 1
70 45 0 1
71 46 0 1
72 163 60 3
73 28 60 5
74 165 0 1
75 166 0 1
76 167 0 1
77 168 0 1
78 228 0 1
79 229 0 1
80 230 0 1
81 1 90 3
82 47 0 1
83 48 0 1
84 49 0 1
85 50 0 1
86 51 0 1
87 52 0 1
88 53 0 1
89 54 0 1
90 54 30 1
91 309 60 5
92 318 0 1
93 54 60 2
94 318 60 2
95 319 0 1
96 320 0 1
97 321 0 1
98 322 0 1
99 231 0 1
100 232 0 1
101 233 0 1
102 234 0 1
103 235 0 1
104 55 0 1
105 236 0 1
106 237 0 1
107 238 0 1
108 239 0 1
109 240 0 1
110 56 0 1
111 323 0 1
112 323 60 2
113 56 30 2
114 227 60 4
115 324 0 1
116 57 0 1
117 324 30 2
118 324 90 3
119 325 0 1
120 326 0 1
121 58 0 1
122 59 0 1
123 60 0 1
124 241 0 1
125 242 0 1
126 243 0 1
127 244 0 1
128 57 60 2
129 241 60 3
130 245 0 1
131 246 0 1
132 247 0 1
133 248 0 1
134 249 0 1
135 250 0 1
136 61 0 1
137 62 0 1
138 63 0 1
139 64 0 1
140 65 0 1
141 66 0 1
142 165 60 3
143 251 0 1
144 252 0 1
145 253 0 1
146 67 0 1
147 327 0 1
148 169 0 1
149 170 0 1
150 171 0 1
151 172 0 1
152 173 0 1
153 225 90 9
154 325 60 4
155 328 0 1
156 329 0 1
157 330 0 1
158 331 0 1
159 332 0 1
160 333 0 1
161 334 0 1
162 334 60 2
163 335 0 1
164 336 0 1
165 337 0 1
166 56 90 7
167 68 0 1
168 338 0 1
169 335 60 4
170 254 0 1
171 339 0 1
172 174 0 1
173 175 0 1
174 176 0 1
175 177 0 1
176 178 0 1
177 69 0 1
178 70 0 1
179 255 0 1
180 256 0 1
181 257 0 1
182 258 0 1
183 68 60 1
184 71 0 1
185 68 90 4
186 259 0 1
187 179 0 1
188 72 0 1
189 73 0 1
190 74 0 1
191 75 0 1
192 76 0 1
193 77 0 1
194 78 0 1
195 79 0 1
196 80 0 1
197 79 60 3
198 81 0 1
199 179 60 2
200 81 30 2
201 82 0 1
202 83 0 1
203 84 0 1
204 85 0 1
205 340 0 1
206 341 0 1
207 342 0 1
208 343 0 1
209 344 0 1
210 86 0 1
211 87 0 1
212 88 0 1
213 89 0 1
214 253 60 5
215 85 60 3
216 90 0 1
217 91 0 1
218 180 0 1
219 180 60 2
220 181 0 1
221 260 0 1
222 345 0 1
223 346 0 1
224 347 0 1
225 348 0 1
226 349 0 1
227 92 0 1
228 93 0 1
229 94 0 1
230 261 0 1
231 262 0 1
232 182 0 1
233 183 0 1
234 184 0 1
235 185 0 1
236 337 60 5
237 339 60 4
238 90 60 4
239 81 90 1
240 263 0 1
241 264 0 1
242 265 0 1
243 266 0 1
244 267 0 1
245 350 0 1
246 351 0 1
247 352 0 1
248 353 0 1
249 354 0 1
250 268 0 1
251 269 0 1
252 270 0 1
253 271 0 1
254 95 0 1
255 325 90 12
256 355 0 1
257 356 0 1
258 357 0 1
259 358 0 1
260 359 0 1
261 360 0 1
262 361 0 1
263 362 0 1
264 272 0 1
265 273 0 1
266 274 0 1
267 275 0 1
268 276 0 1
269 277 0 1
270 334 90 11
271 181 60 3
272 96 0 1
273 97 0 1
274 98 0 1
275 99 0 1
276 100 0 1
277 95 60 3
278 101 0 1
279 102 0 1
280 278 0 1
281 279 0 1
282 363 0 1
283 364 0 1
284 365 0 1
285 366 0 1
286 367 0 1
287 368 0 1
288 103 0 1
289 186 0 1
290 187 0 1
291 188 0 1
292 189 0 1
293 190 0 1
294 104 0 1
295 105 0 1
296 106 0 1
297 269 60 5
298 103 60 3
299 280 0 1
300 281 0 1
301 282 0 1
302 283 0 1
303 284 0 1
304 191 0 1
305 149 90 15
306 180 90 2
307 192 0 1
308 192 60 2
309 368 60 1
310 107 0 1
311 279 60 3
312 339 90 8
313 369 0 1
314 285 0 1
315 279 90 5
316 369 60 1
317 369 90 2
318 370 0 1
319 371 0 1
320 372 0 1
321 373 0 1
322 107 60 2
323 108 0 1
324 109 0 1
325 110 0 1
326 111 0 1
327 112 0 1
328 193 0 1
329 193 60 2
330 285 60 2
331 286 0 1
332 287 0 1
333 194 0 1
334 195 0 1
335 196 0 1
336 197 0 1
337 198 0 1
338 374 0 1
339 374 30 2
340 375 0 1
341 376 0 1
342 377 0 1
343 378 0 1
344 113 0 1
345 375 60 1
346 379 0 1
347 380 0 1
348 380 30 2
349 199 0 1
350 200 0 1
351 201 0 1
352 202 0 1
353 203 0 1
354 204 0 1
355 288 0 1
356 288 60 2
357 378 60 3
358 289 0 1
359 285 90 2
360 381 0 1
361 382 0 1
362 382 60 2
363 383 0 1
364 384 0 1
365 385 0 1
366 113 60 2
367 114 0 1
368 374 90 6
369 290 0 1
370 291 0 1
371 292 0 1
372 293 0 1
373 294 0 1
374 295 0 1
375 114 30 1
376 386 0 1
377 386 60 2
378 114 90 2
379 387 0 1
380 388 0 1
381 115 0 1
382 116 0 1
383 117 0 1
384 289 60 3
385 387 60 2
386 205 0 1
387 118 0 1
388 206 0 1
389 380 90 9
390 119 0 1
391 389 0 1
392 389 60 2
393 295 30 2
394 120 0 1
395 121 0 1
396 122 0 1
397 123 0 1
398 390 0 1
399 207 0 1
400 391 0 1
401 392 0 1
402 393 0 1
403 394 0 1
404 395 0 1
405 396 0 1
406 397 0 1
407 124 0 1
408 125 0 1
409 126 0 1
410 127 0 1
411 128 0 1
412 390 60 4
413 208 0 1
414 209 0 1
415 210 0 1
416 211 0 1
417 295 60 3
418 192 90 11
419 129 0 1
420 130 0 1
421 124 30 3
422 296 0 1
423 297 0 1
424 298 0 1
425 299 0 1
426 300 0 1
427 131 0 1
428 132 0 1
429 133 0 1
430 134 0 1
431 124 60 2
432 135 0 1
433 136 0 1
434 205 60 5
435 212 0 1
436 213 0 1
437 214 0 1
438 137 0 1
439 138 0 1
440 139 0 1
441 140 0 1
442 141 0 1
443 398 0 1
444 142 0 1
445 143 0 1
446 144 0 1
447 145 0 1
448 146 0 1
449 398 60 2
450 135 60 5
451 215 0 1
452 399 0 1
453 399 60 2
454 301 0 1
455 398 90 4
456 147 0 1
457 148 0 1
458 216 0 1
459 217 0 1
460 218 0 1
461 219 0 1
462 220 0 1
463 400 0 1
464 149 0 1
465 400 30 2
466 401 0 1
467 402 0 1
468 150 0 1
469 151 0 1
470 402 30 2
471 221 0 1
472 222 0 1
473 223 0 1
474 135 90 9
475 224 0 1
476 403 0 1
477 404 0 1
478 405 0 1
479 406 0 1
480 149 60 3
481 302 0 1
482 303 0 1
483 304 0 1
484 305 0 1
485 152 0 1
486 153 0 1
487 154 0 1
488 155 0 1
489 156 0 1
490 301 30 3
491 157 0 1
492 306 0 1
493 157 60 2
494 212 60 7
495 307 0 1
496 308 0 1
497 309 0 1
498 407 0 1
499 408 0 1
500 409 0 1
