day not_working team1 team2 team3 team4 team5 team6 team7 team8 team9 team10 team11 team12 team13 team14 team15 team16
1 [1] [2 3 4] [2] [2 4] [2 3 4 5 6] [2 3 4 5 6 11 12] [2 3 4 5] [2 5] [2 3 4 5 6 10] [2 3 4 5 6 7] [2 4 10] [2 4 5 12] [2 4 5] [2 3 4 5 6 12] [2 3 4 5 6 7 11] [2 3 4 5 6 8 12] [2 3 4 5 6 8 11 12 14]
2 [3 13 15] [1] [1 2 4 5 6] [1 2 4 5] [1 2] [1 2 5] [1 2 4 5 6 10] [1 2 4 10] [1 2 4] [1 2 4 5 6 7] [1 2 4 5 6 11 12] [] [] [] [] [] []
3 [] [1] [1 2 3 4 5 6] [1 2 3 4 5] [1 2 3 5] [1 2] [1 2 5] [1 2 3 4 5 10] [1 2 3 4] [1 2 4 10] [1 2 4] [1 2 3 4 5 6 7] [1 2 3] [1 2 3 4 5 6 11 12] [] [] []
4 [2 8 13] [1 3 4 5 6] [1 3 4 5] [1] [1 3] [1 4] [1 4 5] [1 3 4 5 6 10] [1 3 4 5 6 7] [1 4 10] [1 3 4] [1 3 4 5 6 7 11] [1 3 5] [1 3 4 5 6 11 12] [] [] []
5 [2 7 8 9] [1 3 4 5] [1] [1 4] [1 4 5] [1 3 4 5 6 10] [1 3 4 5 6] [1 3 4 5 6 11] [1 4 10] [1 3 4] [1 3 4 5 6 10 11 13] [1 3 5] [1 3 4 5 6 11 12] [1 3] [] [] []
6 [2 4] [1] [1 5] [1 3 5 6] [1 3 5 6 7 10] [1 3 5 6 7] [1 5 10] [1 3 5 6 7 8] [1 3 5] [1 3 5 6 7 10 11] [1 3 5 6 7 8 11 12] [1 3] [] [] [] [] []
7 [3 8 12 15] [1] [1 2] [1 2 4 5] [1 2 5] [1 2 4 5 6 10] [1 2 4 5 6] [1 2 4 10] [1 2 4] [1 2 4 5 6 7] [1 2 4 5 6 11 14] [] [] [] [] [] []
8 [1 10 11] [2] [2 3 4 5] [2 5] [2 4] [2 3 4 5 6 13] [2 3 4 5 6] [2 3 4 5 6 7] [2 4 13] [2 4 5 12] [2 3 4] [2 4 5] [2 3 4 5 6 12] [2 3 4 5 6 7 13] [2 3 4 5 6 8 12] [2 3 4 5 6 8 12 14 15] []
9 [2 4] [1] [1 5] [1 3 5 6 7 10] [1 3 5 6] [1 3 5 6 7] [1 5 10] [1 3 5 6 7 8] [1 3 5] [1 3 5 6 7 10 11] [1 3 5 6 7 8 11 12] [1 3] [] [] [] [] []
10 [2 4 5 10 12 15] [1 6 9] [1] [1 3 6 7 8 11] [1 3 6 7] [1 6] [1 3 6 7 8] [1 6 8 11] [1 3 6 7 8 9] [1 3 6] [1 3 6 11] [1 6 8] [1 3 6 7 8 9 11] [1 3] [] [] []
11 [2] [1] [1 4 10] [1 3 4 5] [1 3 4 5 6] [1 4] [1 3 4 5 6 7] [1 4 5] [1 3 4] [1 3 4 5 6 7 11] [1 3 5] [1 3 4 5 6 11 12] [1 3] [] [] [] []
12 [2 12 14] [1 4 10] [1] [1 3 4 5] [1 3 4 5 6] [1 4] [1 3 4 5 6 7] [1 4 5] [1 3 4] [1 3 4 5 6 7 11] [1 3 5] [1 3 4 5 6 11 15] [1 3] [] [] [] []
13 [1 3 9] [2] [2 4 5 6] [2 4 5 6 7 10] [2 4 5 6 7] [2 4 10] [2 5] [2 4 5 12] [2 4] [2 4 5] [2 4 5 6 7 12] [2 4 5 6 7 10 11] [2 4 5 6 7 11 12] [2 4 5 6 7 8 12] [2 4 5 6 7 8 11 12 14] [] []
14 [6 8 10] [1 2 3 4] [1 2 3 4 5] [1 2] [1 2 3 4 5 7] [1] [1 2 4 11] [1 2 5] [1 2 3 5] [1 2 4] [1 2 3 4 5 7 11] [1 2 3] [1 2 3 4 5 11] [1 2 3 4 5 11 12] [] [] []
15 [10 13] [1 2] [1 2 3 4 5 6] [1] [1 2 4 11] [1 2 3 4 5] [1 2 3 4] [1 2 5] [1 2 3 5] [1 2 4] [1 2 3 4 5 6 7] [1 2 3] [1 2 3 4 5 6 11 12] [] [] [] []
16 [11] [1] [1 2 4 10] [1 2 3 4 5 6] [1 2 3 4 5] [1 2 3 4] [1 2 5] [1 2] [1 2 3 5] [1 2 4] [1 2 3 4 5 6 7] [1 2 3] [1 2 3 4 5 6 12 14] [] [] [] []
17 [1 3 6 8 9 10 15] [2 4 11] [2 4 5 7] [2 5] [2] [2 4 5 7 11] [2 4 5 12] [2 4] [2 4 5] [2 4 5 7 11 12] [2 4 5 7 11 13] [2 4 5 7 11 12 14] [] [] [] [] []
18 [1 4 12] [2 3 5 6] [2 5] [2] [2 3 5 6 7] [2 5 15] [2 3 5] [2 5 10] [2 3 5 6 7 15] [2 3 5 6 7 10 11] [2 3 5 6 7 8 11 15] [2 3 5 6 7 8 11 14 15] [2 3 5 6 7 8] [] [] [] []
19 [2 4 7 12] [1 5] [1] [1 3 5 6 8] [1 3 5] [1 5 10] [1 3 5 6] [1 3 5 6 8 9] [1 3 5 6 10] [1 3 5 6 8 10 11 13] [1 3 5 6 8 11 14] [1 3] [] [] [] [] []
20 [3] [1 2] [1] [1 2 4 5 6] [1 2 5] [1 2 4 10] [1 2 4 5] [1 2 4] [1 2 4 5 6 7] [1 2 4 5 6 11 12] [] [] [] [] [] [] []
21 [] [1 2 3 4 5] [1] [1 2 5] [1 2] [1 2 4 10] [1 2 3 5] [1 2 4] [1 2 3 4 5 6] [1 2 3 4] [1 2 3 4 5 6 7] [1 2 3] [1 2 3 4 5 6 11 12] [] [] [] []
22 [] [1] [1 2 5] [1 2] [1 2 4 10] [1 2 3 5] [1 2 4] [1 2 3 4 5] [1 2 3 4 5 6] [1 2 3 4] [1 2 3 4 5 6 7] [1 2 3] [1 2 3 4 5 6 11 12] [] [] [] []
23 [] [1 2] [1] [1 2 4 10] [1 2 3 5] [1 2 4] [1 2 3 4 5] [1 2 3 4 5 6] [1 2 3 4] [1 2 3 4 5 6 7] [1 2 3] [1 2 3 4 5 6 11 12] [] [] [] [] []
24 [] [1] [1 2 4 10] [1 2 3 5] [1 2 3 4 5 6 11] [1 2 4] [1 2 3 4 5] [1 2 3 4 5 6] [1 2 3 4] [1 2 3 4 5 6 7] [1 2 3] [1 2] [1 2 3 4 5 6 11 12] [] [] [] []
25 [] [1 2 4 10] [1 2 3 4 5 6 11] [1 2 4] [1 2 3 4 5] [1 2 3 4 5 6] [1] [1 2 3 4] [1 2 3 4 5 6 7] [1 2 3] [1 2] [1 2 3 4 5 6 11 12] [] [] [] [] []
26 [] [1 2 3 4 5 6 11] [1 2 3 4] [1 2 4] [1 2 3 4 5] [1 2 3 4 5 6] [1] [1 2 4 10] [1 2 3 4 5 6 7] [1 2 3] [1 2] [1 2 3 4 5 6 11 12] [] [] [] [] []
27 [] [1 2 3 4] [1 2 4] [1 2 3 4 5] [1 2 3 4 5 6] [1] [1 2 4 10] [1 2 3 4 5 6 7] [1 2 3] [1 2] [1 2 3 4 5 6 11 12] [] [] [] [] [] []
28 [] [1 2 4] [1 2 3 4 5] [1 2 3 4 5 6] [1] [1 2 3 4] [1 2 4 10] [1 2 3 4 5 6 7] [1 2 3] [1 2] [1 2 3 4 5 6 11 12] [] [] [] [] [] []
29 [] [1 2 3 4 5 6] [1] [1 2 3 4] [1 2 4 10] [1 2 3 4 5 6 7] [1 2 3] [1 2] [1 2 3 4 5] [1 2 3 4 5 6 11 12] [] [] [] [] [] [] []
30 [] [1] [1 2 3 4] [1 2 4 10] [1 2 3 4 5 6 7] [1 2 3] [1 2] [1 2 3 4 5] [1 2 3 4 5 6] [1 2 3 4 5 6 11 12] [] [] [] [] [] [] []
31 [] [1] [1 2 4 10] [1 2 3 4 5 6 7] [1 2 3] [1 2] [1 2 3 4 5] [1 2 3 4 5 6] [1 2 3 4 5 6 11 12] [1 2 3 4] [] [] [] [] [] [] []
32 [] [1 2 4 10] [1 2 3 4 5 6 7] [1] [1 2 3] [1 2] [1 2 3 4 5] [1 2 3 4 5 6] [1 2 3 4 5 6 11 12] [1 2 3 4] [] [] [] [] [] [] []
33 [] [1 2 3 4 5 6 7] [1] [1 2 3 4 5] [1 2 3] [1 2] [1 2 4 10] [1 2 3 4 5 6] [1 2 3 4 5 6 11 12] [1 2 3 4] [] [] [] [] [] [] []
34 [] [1 2 3 4 5] [1] [1 2 3] [1 2] [1 2 4 10] [1 2 3 4 5 6] [1 2 3 4 5 6 11 12] [1 2 3 4] [] [] [] [] [] [] [] []
35 [] [1] [1 2] [1 2 4 10] [1 2 3 4 5 6] [1 2 3 4 5 6 11 12] [1 2 3 4 5] [1 2 3 4] [1 2 3] [] [] [] [] [] [] [] []
36 [] [1 2] [1] [1 2 4 10] [1 2 3 4 5 6] [1 2 3 4 5 6 11 12] [1 2 3 4 5] [1 2 3 4] [1 2 3] [] [] [] [] [] [] [] []
37 [] [1] [1 2] [1 2 4 10] [1 2 3 4 5 6] [1 2 3 4 5 6 11 12] [1 2 3 4 5] [1 2 3 4] [1 2 3] [] [] [] [] [] [] [] []
38 [] [1] [1 2] [1 2 3 4] [1 2 4 10] [1 2 3 4 5 6] [1 2 3 4 5 6 11 12] [1 2 3 4 5] [1 2 3] [] [] [] [] [] [] [] []
39 [] [1 2 3 4] [1] [1 2] [1 2 3 4 5 6] [1 2 3 4 5 6 11 12] [1 2 3 4 5] [1 2 3] [] [] [] [] [] [] [] [] []
40 [] [1] [1 2] [1 2 3 4 5 6] [1 2 3 4 5 6 11 12] [1 2 3 4 5] [1 2 3] [] [] [] [] [] [] [] [] [] []
41 [] [1] [1 2] [1 2 3 4 5 6] [1 2 3 4 5 6 11 12] [1 2 3 4 5] [1 2 3] [1 2 3 4 5 6 7 10] [] [] [] [] [] [] [] [] []
42 [] [1] [1 2 3 4 5] [1 2] [1 2 3 4 5 6] [1 2 3 4 5 6 11 12] [1 2 3] [1 2 3 4 5 6 7 10] [] [] [] [] [] [] [] [] []
43 [] [1 2] [1 2 3 4 5 6] [1 2 3 4 5 6 11 12] [1 2 3 4 5] [1] [1 2 3] [1 2 3 4 5 6 7 10] [] [] [] [] [] [] [] [] []
44 [] [1 2 3 4 5 6] [1 2 3 4 5] [1] [1 2 3] [1 2 3 4 5 6 7 10] [1 2] [] [] [] [] [] [] [] [] [] []
45 [] [1 2 3 4 5] [1 2 3 4 5 6] [1] [1 2 3] [1 2 3 4 5 6 7 10] [1 2] [] [] [] [] [] [] [] [] [] []
46 [] [1 2 3 4 5 6] [1] [1 2 3 4 5] [1 2 3] [1 2 3 4 5 6 7 10] [1 2] [] [] [] [] [] [] [] [] [] []
47 [] [1 2 3 4 5] [1 2 3] [1] [1 2 3 4 5 6 7 10] [1 2] [] [] [] [] [] [] [] [] [] [] []
48 [] [1 2 3] [1] [1 2 3 4 5 6 7 10] [1 2] [] [] [] [] [] [] [] [] [] [] [] []
49 [] [1 2 3 4 5 6 7 10] [1] [1 2] [] [] [] [] [] [] [] [] [] [] [] [] []
50 [] [1 2] [1] [] [] [] [] [] [] [] [] [] [] [] [] [] []
51 [] [1 2] [1] [] [] [] [] [] [] [] [] [] [] [] [] [] []
52 [] [1] [] [] [] [] [] [] [] [] [] [] [] [] [] [] []
