interv day time team
1 183 0 1
2 184 0 1
3 339 0 1
4 340 0 1
5 341 0 1
6 342 0 1
7 1 0 1
8 2 0 1
9 3 0 1
10 70 0 1
11 323 90 11
12 343 0 1
13 330 30 7
14 344 0 1
15 63 90 8
16 334 60 8
17 182 30 3
18 345 0 1
19 346 0 1
20 347 0 1
21 348 0 1
22 71 0 1
23 4 0 1
24 334 90 10
25 182 60 4
26 64 90 4
27 67 90 6
28 5 0 1
29 182 90 5
30 4 30 3
31 185 0 1
32 4 60 4
33 185 90 2
34 349 0 1
35 350 0 1
36 72 0 1
37 348 90 3
38 186 0 1
39 351 0 1
40 352 0 1
41 352 30 2
42 73 0 1
43 353 0 1
44 354 0 1
45 4 90 5
46 352 60 4
47 352 90 5
48 355 0 1
49 356 0 1
50 357 0 1
51 358 0 1
52 359 0 1
53 6 0 1
54 360 0 1
55 361 0 1
56 362 0 1
57 363 0 1
58 364 0 1
59 365 0 1
60 366 0 1
61 74 0 1
62 356 90 4
63 367 0 1
64 368 0 1
65 369 0 1
66 370 0 1
67 7 0 1
68 73 30 3
69 73 60 4
70 186 30 2
71 187 0 1
72 187 30 2
73 188 0 1
74 189 0 1
75 189 30 2
76 371 0 1
77 372 0 1
78 373 0 1
79 374 0 1
80 73 90 5
81 187 60 4
82 375 0 1
83 375 30 2
84 376 0 1
85 377 0 1
86 378 0 1
87 379 0 1
88 8 0 1
89 9 0 1
90 10 0 1
91 11 0 1
92 380 0 1
93 381 0 1
94 382 0 1
95 383 0 1
96 384 0 1
97 75 0 1
98 76 0 1
99 77 0 1
100 78 0 1
101 375 60 6
102 375 90 7
103 190 0 1
104 191 0 1
105 192 0 1
106 376 90 4
107 385 0 1
108 187 90 6
109 189 60 4
110 386 0 1
111 193 0 1
112 194 0 1
113 386 30 2
114 386 60 3
115 387 0 1
116 388 0 1
117 389 0 1
118 390 0 1
119 386 90 5
120 391 0 1
121 195 0 1
122 196 0 1
123 79 0 1
124 79 90 2
125 391 30 2
126 391 60 3
127 392 0 1
128 393 0 1
129 394 0 1
130 395 0 1
131 396 0 1
132 397 0 1
133 398 0 1
134 399 0 1
135 80 0 1
136 189 90 7
137 197 0 1
138 198 0 1
139 199 0 1
140 200 0 1
141 201 0 1
142 391 90 6
143 198 30 3
144 400 0 1
145 12 0 1
146 13 0 1
147 14 0 1
148 401 0 1
149 402 0 1
150 403 0 1
151 404 0 1
152 405 0 1
153 198 60 4
154 202 0 1
155 203 0 1
156 400 30 3
157 400 60 4
158 198 90 7
159 406 0 1
160 407 0 1
161 203 90 2
162 15 0 1
163 16 0 1
164 17 0 1
165 80 30 2
166 204 0 1
167 408 0 1
168 204 30 2
169 400 90 7
170 80 60 3
171 407 90 3
172 408 90 2
173 409 0 1
174 409 30 2
175 409 60 3
176 205 0 1
177 409 90 4
178 410 0 1
179 411 0 1
180 412 0 1
181 413 0 1
182 414 0 1
183 206 0 1
184 207 0 1
185 208 0 1
186 209 0 1
187 210 0 1
188 211 0 1
189 81 0 1
190 82 0 1
191 83 0 1
192 84 0 1
193 85 0 1
194 86 0 1
195 87 0 1
196 212 0 1
197 213 0 1
198 214 0 1
199 215 0 1
200 216 0 1
201 415 0 1
202 204 60 4
203 88 0 1
204 18 0 1
205 416 0 1
206 417 0 1
207 418 0 1
208 217 0 1
209 218 0 1
210 219 0 1
211 18 90 2
212 204 90 8
213 19 0 1
214 89 0 1
215 216 90 3
216 220 0 1
217 221 0 1
218 222 0 1
219 223 0 1
220 224 0 1
221 220 30 5
222 419 0 1
223 420 0 1
224 220 60 6
225 19 30 2
226 415 30 5
227 421 0 1
228 422 0 1
229 422 30 2
230 90 0 1
231 91 0 1
232 20 0 1
233 21 0 1
234 225 0 1
235 226 0 1
236 227 0 1
237 418 90 4
238 422 60 3
239 228 0 1
240 422 90 4
241 423 0 1
242 424 0 1
243 425 0 1
244 426 0 1
245 427 0 1
246 428 0 1
247 429 0 1
248 19 60 4
249 22 0 1
250 23 0 1
251 24 0 1
252 430 0 1
253 220 90 9
254 431 0 1
255 432 0 1
256 433 0 1
257 434 0 1
258 435 0 1
259 430 30 3
260 430 60 4
261 229 0 1
262 430 90 5
263 230 0 1
264 231 0 1
265 232 0 1
266 233 0 1
267 234 0 1
268 436 0 1
269 437 0 1
270 437 30 2
271 19 90 6
272 92 0 1
273 93 0 1
274 94 0 1
275 438 0 1
276 438 90 2
277 95 0 1
278 96 0 1
279 97 0 1
280 439 0 1
281 440 0 1
282 441 0 1
283 80 90 11
284 98 0 1
285 442 0 1
286 443 0 1
287 229 30 4
288 94 30 5
289 25 0 1
290 99 0 1
291 100 0 1
292 88 90 10
293 444 0 1
294 101 0 1
295 102 0 1
296 445 0 1
297 446 0 1
298 447 0 1
299 448 0 1
300 25 30 2
301 26 0 1
302 103 0 1
303 103 30 2
304 235 0 1
305 441 30 5
306 449 0 1
307 450 0 1
308 451 0 1
309 452 0 1
310 25 60 4
311 441 60 7
312 103 60 3
313 103 90 4
314 104 0 1
315 453 0 1
316 454 0 1
317 455 0 1
318 456 0 1
319 104 30 2
320 457 0 1
321 458 0 1
322 459 0 1
323 460 0 1
324 105 0 1
325 106 0 1
326 107 0 1
327 108 0 1
328 109 0 1
329 441 90 9
330 25 90 3
331 229 60 6
332 110 0 1
333 236 0 1
334 237 0 1
335 238 0 1
336 229 90 8
337 111 0 1
338 461 0 1
339 461 90 2
340 462 0 1
341 462 30 2
342 462 60 3
343 27 0 1
344 104 60 6
345 27 30 2
346 239 0 1
347 28 0 1
348 28 30 2
349 462 90 4
350 463 0 1
351 464 0 1
352 465 0 1
353 466 0 1
354 467 0 1
355 468 0 1
356 469 0 1
357 470 0 1
358 471 0 1
359 472 0 1
360 29 0 1
361 30 0 1
362 31 0 1
363 32 0 1
364 112 0 1
365 113 0 1
366 114 0 1
367 115 0 1
368 104 90 8
369 33 0 1
370 116 0 1
371 117 0 1
372 118 0 1
373 119 0 1
374 239 90 2
375 473 0 1
376 474 0 1
377 108 30 7
378 108 60 8
379 240 0 1
380 240 30 2
381 464 30 5
382 475 0 1
383 475 30 2
384 120 0 1
385 121 0 1
386 28 60 5
387 34 0 1
388 35 0 1
389 36 0 1
390 241 0 1
391 242 0 1
392 108 90 10
393 475 60 3
394 240 60 4
395 37 0 1
396 38 0 1
397 122 0 1
398 123 0 1
399 124 0 1
400 125 0 1
401 126 0 1
402 127 0 1
403 128 0 1
404 129 0 1
405 243 0 1
406 244 0 1
407 245 0 1
408 246 0 1
409 247 0 1
410 248 0 1
411 475 90 3
412 249 0 1
413 250 0 1
414 39 0 1
415 240 90 7
416 251 0 1
417 252 0 1
418 253 0 1
419 254 0 1
420 476 0 1
421 477 0 1
422 478 0 1
423 40 0 1
424 41 0 1
425 479 0 1
426 480 0 1
427 481 0 1
428 482 0 1
429 483 0 1
430 484 0 1
431 485 0 1
432 486 0 1
433 487 0 1
434 488 0 1
435 248 90 4
436 42 0 1
437 43 0 1
438 255 0 1
439 256 0 1
440 257 0 1
441 258 0 1
442 44 0 1
443 259 0 1
444 259 30 2
445 489 0 1
446 490 0 1
447 491 0 1
448 492 0 1
449 493 0 1
450 125 30 3
451 492 30 3
452 494 0 1
453 495 0 1
454 496 0 1
455 497 0 1
456 259 60 1
457 498 0 1
458 260 0 1
459 492 60 6
460 261 0 1
461 130 0 1
462 131 0 1
463 132 0 1
464 133 0 1
465 134 0 1
466 135 0 1
467 499 0 1
468 500 0 1
469 501 0 1
470 502 0 1
471 503 0 1
472 492 90 8
473 262 0 1
474 45 0 1
475 46 0 1
476 47 0 1
477 48 0 1
478 133 30 3
479 503 30 2
480 503 60 3
481 504 0 1
482 505 0 1
483 506 0 1
484 507 0 1
485 28 90 12
486 508 0 1
487 509 0 1
488 510 0 1
489 503 90 4
490 511 0 1
491 512 0 1
492 49 0 1
493 133 60 2
494 133 90 4
495 50 0 1
496 51 0 1
497 52 0 1
498 53 0 1
499 49 30 3
500 513 0 1
501 514 0 1
502 515 0 1
503 516 0 1
504 136 0 1
505 517 0 1
506 518 0 1
507 54 0 1
508 519 0 1
509 137 0 1
510 138 0 1
511 139 0 1
512 140 0 1
513 263 0 1
514 264 0 1
515 265 0 1
516 266 0 1
517 259 90 7
518 520 0 1
519 49 60 5
520 55 0 1
521 262 90 3
522 267 0 1
523 268 0 1
524 269 0 1
525 49 90 7
526 141 0 1
527 142 0 1
528 143 0 1
529 521 0 1
530 522 0 1
531 523 0 1
532 523 30 2
533 524 0 1
534 56 0 1
535 136 30 4
536 144 0 1
537 145 0 1
538 270 0 1
539 271 0 1
540 271 90 2
541 146 0 1
542 147 0 1
543 148 0 1
544 149 0 1
545 523 60 4
546 56 30 2
547 269 30 3
548 272 0 1
549 273 0 1
550 274 0 1
551 56 60 3
552 525 0 1
553 269 60 6
554 150 0 1
555 269 90 7
556 275 0 1
557 276 0 1
558 277 0 1
559 278 0 1
560 279 0 1
561 280 0 1
562 281 0 1
563 526 0 1
564 527 0 1
565 528 0 1
566 151 0 1
567 152 0 1
568 153 0 1
569 153 30 2
570 523 90 7
571 529 0 1
572 530 0 1
573 531 0 1
574 532 0 1
575 533 0 1
576 534 0 1
577 282 0 1
578 283 0 1
579 284 0 1
580 285 0 1
581 286 0 1
582 57 0 1
583 535 0 1
584 536 0 1
585 537 0 1
586 538 0 1
587 539 0 1
588 540 0 1
589 282 30 3
590 524 90 4
591 287 0 1
592 288 0 1
593 289 0 1
594 290 0 1
595 541 0 1
596 58 0 1
597 59 0 1
598 60 0 1
599 291 0 1
600 136 60 10
601 136 90 11
602 153 60 3
603 292 0 1
604 293 0 1
605 154 0 1
606 155 0 1
607 153 90 5
608 156 0 1
609 294 0 1
610 295 0 1
611 296 0 1
612 297 0 1
613 56 90 6
614 157 0 1
615 298 0 1
616 299 0 1
617 300 0 1
618 301 0 1
619 156 90 3
620 291 30 4
621 528 30 5
622 542 0 1
623 543 0 1
624 544 0 1
625 545 0 1
626 528 60 6
627 546 0 1
628 158 0 1
629 302 0 1
630 303 0 1
631 303 30 2
632 304 0 1
633 157 90 3
634 159 0 1
635 528 90 8
636 547 0 1
637 548 0 1
638 549 0 1
639 550 0 1
640 159 30 2
641 61 0 1
642 551 0 1
643 160 0 1
644 291 60 6
645 547 30 1
646 291 90 7
647 159 60 4
648 547 60 4
649 62 0 1
650 305 0 1
651 552 0 1
652 553 0 1
653 554 0 1
654 306 0 1
655 547 90 2
656 555 0 1
657 556 0 1
658 557 0 1
659 161 0 1
660 554 30 3
661 307 0 1
662 554 60 4
663 308 0 1
664 159 90 3
665 558 0 1
666 559 0 1
667 560 0 1
668 561 0 1
669 562 0 1
670 63 0 1
671 160 90 1
672 309 0 1
673 310 0 1
674 311 0 1
675 563 0 1
676 64 0 1
677 312 0 1
678 313 0 1
679 313 30 1
680 65 0 1
681 66 0 1
682 564 0 1
683 565 0 1
684 566 0 1
685 161 90 2
686 314 0 1
687 315 0 1
688 297 90 10
689 567 0 1
690 568 0 1
691 569 0 1
692 570 0 1
693 162 0 1
694 571 0 1
695 554 90 10
696 163 0 1
697 164 0 1
698 165 0 1
699 166 0 1
700 572 0 1
701 573 0 1
702 561 30 8
703 561 60 9
704 303 60 9
705 561 90 10
706 573 30 2
707 316 0 1
708 162 30 3
709 167 0 1
710 168 0 1
711 169 0 1
712 170 0 1
713 317 0 1
714 574 0 1
715 171 0 1
716 172 0 1
717 173 0 1
718 174 0 1
719 175 0 1
720 303 90 2
721 574 30 2
722 305 90 9
723 162 60 6
724 176 0 1
725 177 0 1
726 162 90 7
727 178 0 1
728 57 90 8
729 178 30 2
730 178 60 3
731 179 0 1
732 575 0 1
733 576 0 1
734 577 0 1
735 307 90 7
736 318 0 1
737 319 0 1
738 62 90 1
739 320 0 1
740 321 0 1
741 322 0 1
742 323 0 1
743 324 0 1
744 325 0 1
745 326 0 1
746 327 0 1
747 578 0 1
748 328 0 1
749 178 90 4
750 308 90 6
751 313 60 7
752 180 0 1
753 313 90 8
754 67 0 1
755 68 0 1
756 316 90 6
757 319 90 4
758 574 60 4
759 323 30 4
760 579 0 1
761 580 0 1
762 581 0 1
763 582 0 1
764 583 0 1
765 574 90 6
766 329 0 1
767 330 0 1
768 331 0 1
769 332 0 1
770 333 0 1
771 334 0 1
772 334 30 2
773 181 0 1
774 182 0 1
775 335 0 1
776 336 0 1
777 69 0 1
778 584 0 1
779 179 90 3
780 582 30 4
781 585 0 1
782 586 0 1
783 587 0 1
784 588 0 1
785 323 60 8
786 582 60 6
787 180 90 3
788 589 0 1
789 590 0 1
790 591 0 1
791 592 0 1
792 593 0 1
793 594 0 1
794 595 0 1
795 596 0 1
796 597 0 1
797 598 0 1
798 599 0 1
799 337 0 1
800 338 0 1
