tech d1 d2 d3 d4 d5 d6 d7 d8 d9 d10 d11 d12 d13 d14 d15 dispo
1 2 2 2 3 2 3 2 3 3 3 3 2 3 2 3 [ 30 ]
2 4 2 3 4 3 3 4 3 0 4 4 3 1 3 3 [ 15 ]
3 2 2 0 3 3 2 3 2 0 3 3 3 3 3 2 [ 10 ]
4 0 1 0 0 1 0 1 0 2 1 0 0 0 0 0 [ 8 9 10 ]
5 3 3 3 2 0 3 3 3 2 3 3 3 3 4 3 [ 4 ]
6 0 0 2 2 0 1 2 2 0 0 0 0 0 0 0 [ 9 13 22 29 ]
7 2 4 3 2 3 2 0 2 3 3 2 2 3 3 2 [ 13 ]
8 2 4 4 4 4 4 3 2 0 1 2 3 4 4 4 [ ]
9 2 2 0 0 0 0 2 1 0 0 0 0 0 0 0 [ 27 ]
10 1 2 2 3 3 3 3 3 2 3 3 2 2 2 3 [ 24 ]
11 3 2 1 3 3 3 0 2 3 3 2 2 3 2 2 [ ]
12 2 3 1 3 2 3 2 3 2 3 2 3 2 2 2 [ ]
13 3 0 3 3 3 2 2 2 3 2 2 2 3 2 3 [ 8 ]
14 2 1 0 0 2 2 0 2 1 0 0 0 0 0 0 [ ]
15 1 2 4 2 4 2 3 4 3 3 3 3 2 2 3 [ 8 ]
16 3 4 0 2 3 2 3 2 2 2 3 3 2 2 3 [ 4 21 ]
17 0 1 3 2 2 2 3 3 3 3 2 2 2 2 2 [ 7 30 ]
18 3 1 2 2 2 2 2 2 2 3 3 3 3 2 3 [ 11 ]
19 4 4 4 2 1 2 2 3 2 3 2 3 2 3 3 [ 8 ]
20 2 0 0 0 2 2 0 1 0 0 0 0 0 0 0 [ 19 ]
21 0 2 0 2 3 3 3 2 3 3 3 2 2 3 3 [ 7 23 ]
22 3 2 2 2 0 0 2 1 2 2 3 3 2 3 2 [ 3 12 15 ]
23 2 2 2 2 2 2 3 2 3 3 2 2 2 4 4 [ 12 ]
24 2 1 0 0 0 0 1 2 0 1 0 0 0 0 0 [ 4 29 ]
25 0 2 1 0 0 0 0 0 2 1 0 2 1 1 2 [ 10 26 ]
26 2 3 2 4 3 2 2 1 1 2 3 3 4 3 4 [ 13 21 29 ]
27 1 0 2 1 2 1 3 2 3 3 3 3 2 3 2 [ ]
28 0 3 1 3 2 3 2 2 2 3 3 3 2 3 2 [ 20 ]
29 1 2 3 2 3 2 2 2 3 3 3 3 2 2 3 [ 7 14 16 ]
30 1 1 0 0 0 2 1 1 0 0 0 0 1 0 0 [ 9 ]
31 1 2 3 0 3 3 3 3 3 2 3 2 2 2 2 [ 20 ]
32 4 2 2 2 2 2 2 2 3 3 4 4 3 4 3 [ ]
33 2 2 2 2 1 3 3 2 3 3 2 3 2 3 3 [ 4 20 ]
34 2 2 2 2 3 3 1 2 3 3 3 2 3 2 3 [ 4 5 ]
35 4 2 3 3 0 1 1 2 3 2 3 3 2 3 3 [ 7 ]
36 3 2 3 3 1 2 2 3 4 4 4 3 4 4 4 [ 5 ]
37 0 3 2 3 2 3 3 3 3 3 3 3 2 3 2 [ 12 ]
38 1 2 2 1 2 0 3 3 3 3 2 2 2 3 3 [ 6 22 ]
39 1 0 2 3 4 3 2 2 2 3 2 2 3 2 2 [ ]
40 3 1 3 4 0 4 3 0 4 4 4 4 0 2 3 [ 5 13 28 ]
