tech d1 d2 d3 d4 d5 d6 dispo
1 1 0 0 0 2 0 [ 13 19 27 ]
2 6 5 4 4 3 5 [ 24 27 28 ]
3 2 3 1 3 3 5 [ 2 5 ]
4 3 3 3 6 4 4 [ 4 20 ]
5 1 2 0 0 0 0 [ 6 23 28 ]
6 4 1 1 3 6 3 [ 9 26 27 ]
7 6 3 1 4 4 3 [ 11 21 27 ]
8 6 4 2 5 5 5 [ ]
9 3 6 4 4 4 4 [ 11 18 23 ]
10 4 4 6 6 5 5 [ 6 22 27 30 ]
11 0 2 0 0 0 0 [ 9 ]
12 1 0 0 0 0 0 [ 14 ]
13 4 1 4 3 3 5 [ 3 22 26 ]
14 4 4 5 5 4 6 [ 7 21 24 ]
15 5 3 5 6 5 5 [ 1 22 25 ]
16 5 5 4 6 5 4 [ 16 ]
17 0 0 0 0 1 0 [ 2 19 22 ]
18 1 1 0 0 0 0 [ 16 29 ]
19 5 6 3 3 4 5 [ ]
20 5 6 3 4 6 5 [ 3 9 29 30 ]
21 3 6 6 5 6 6 [ 1 13 25 ]
22 1 2 0 0 0 0 [ 1 7 10 ]
23 5 3 5 5 3 5 [ 11 ]
24 3 6 4 4 3 3 [ 11 12 ]
25 3 4 3 6 3 6 [ 10 15 ]
26 1 2 1 0 0 0 [ 4 16 23 ]
27 6 4 5 3 3 6 [ 14 26 28 ]
28 4 3 1 3 5 6 [ 21 29 ]
29 0 0 2 1 0 2 [ 2 5 9 ]
30 1 1 2 0 0 0 [ 8 ]
31 0 1 1 1 0 0 [ 6 13 14 27 ]
32 2 6 5 4 6 6 [ 1 10 11 15 23 ]
33 3 1 3 4 6 5 [ 3 7 13 17 26 ]
34 2 6 5 6 6 4 [ 3 24 26 ]
35 4 3 5 3 5 5 [ ]
36 2 0 0 0 0 0 [ 16 21 22 25 30 ]
37 2 2 0 0 2 0 [ 9 10 11 14 ]
38 2 2 0 0 0 0 [ 20 26 ]
39 0 0 0 1 0 2 [ 6 25 ]
40 2 2 0 2 0 0 [ 30 ]
41 0 2 0 0 0 1 [ 5 12 15 ]
42 0 0 0 1 0 2 [ 3 17 24 26 ]
43 1 0 0 0 0 0 [ 16 ]
44 2 1 2 0 0 0 [ 2 30 ]
45 0 0 1 0 0 0 [ 1 11 22 ]
46 1 0 0 0 0 0 [ 17 ]
47 2 1 0 0 0 0 [ 8 26 ]
48 0 0 0 0 1 2 [ 11 12 28 ]
49 0 2 0 2 0 0 [ 5 8 11 ]
50 2 0 0 0 0 0 [ 14 24 ]
51 2 0 1 0 0 0 [ 1 7 ]
52 0 0 0 0 1 2 [ 8 17 21 23 25 ]
53 1 0 0 2 0 0 [ 1 30 ]
54 0 1 0 0 0 0 [ 19 26 ]
55 2 2 0 0 1 0 [ 4 13 19 ]
56 1 2 0 0 0 0 [ 3 11 13 ]
57 2 2 0 0 1 0 [ 3 9 16 22 ]
58 2 0 0 1 0 0 [ 4 10 19 22 23 ]
59 1 0 0 0 0 0 [ 2 7 11 ]
60 2 0 0 0 1 0 [ 29 ]
61 2 0 0 1 0 0 [ 1 2 5 10 24 ]
62 0 2 0 0 2 0 [ 10 23 ]
63 1 0 0 0 0 0 [ 9 18 23 24 ]
64 2 1 0 0 0 0 [ 8 30 ]
65 5 5 3 6 3 6 [ 22 25 ]
66 2 3 4 3 6 5 [ 6 10 29 30 ]
67 1 5 6 3 5 3 [ 23 ]
68 1 6 6 6 5 4 [ 3 4 9 ]
69 1 6 6 6 4 6 [ 8 25 ]
70 4 3 4 4 6 3 [ 3 5 7 30 ]
71 6 3 3 6 4 4 [ 17 25 ]
72 5 2 4 6 4 5 [ 2 20 23 ]
73 1 5 2 4 3 3 [ 10 16 20 21 22 24 ]
74 1 5 3 4 4 4 [ 6 10 17 23 25 ]
75 6 3 4 3 1 5 [ 11 13 17 20 28 30 ]
76 4 1 6 3 2 3 [ 4 ]
77 3 4 3 4 4 5 [ 18 23 25 ]
78 3 5 5 4 5 4 [ ]
79 4 3 4 3 6 3 [ 28 ]
80 3 6 2 6 4 3 [ ]
81 2 4 3 4 3 3 [ 3 4 14 21 24 ]
82 6 6 2 2 4 4 [ 6 ]
83 1 3 3 4 6 4 [ 23 ]
84 5 2 4 6 6 6 [ ]
85 3 1 3 6 3 4 [ 1 7 9 16 19 ]
86 3 2 3 4 4 3 [ 8 17 ]
87 6 2 3 5 5 5 [ 11 22 28 ]
88 1 3 5 6 4 5 [ 9 12 19 23 ]
89 1 3 5 3 5 6 [ 15 ]
90 2 3 6 6 6 5 [ 3 8 ]
91 1 3 3 4 3 6 [ 17 26 ]
92 3 5 3 2 3 6 [ 7 15 22 ]
93 3 2 4 2 3 4 [ ]
94 4 6 3 3 4 3 [ 2 6 13 20 ]
95 2 5 3 5 5 3 [ ]
96 2 4 2 5 3 6 [ 1 2 21 ]
97 3 3 3 2 3 4 [ 7 ]
98 2 3 3 3 5 3 [ 15 23 24 ]
99 3 1 3 5 5 3 [ 16 22 ]
100 3 5 5 6 6 6 [ 8 30 ]
