interv day time team
1 1 0 1
2 1 15 2
3 2 0 1
4 1 75 1
5 1 90 4
6 3 0 1
7 1 105 3
8 3 60 2
9 4 0 1
10 4 60 2
11 5 0 1
12 18 0 1
13 12 75 3
14 5 60 1
15 6 0 1
16 7 0 1
17 5 75 1
18 5 90 3
19 18 60 2
20 6 60 3
21 8 0 1
22 19 0 1
23 20 0 1
24 20 60 2
25 8 60 2
26 15 0 1
27 9 0 1
28 9 60 1
29 10 0 1
30 10 60 1
31 11 0 1
32 16 0 1
33 15 60 2
34 21 0 1
35 21 60 2
36 22 0 1
37 11 60 2
38 22 60 1
39 12 0 1
40 12 60 2
41 13 0 1
42 13 60 2
43 21 75 3
44 14 0 1
45 17 0 1
46 23 0 1
47 14 60 2
48 5 105 1
49 23 60 1
50 17 60 2
