day not_working team1 team2 team3 team4 team5 team6 team7 team8
1 [2 3 4 6] [1] [1 5] [1 5 7 8] [1 9] [1 7] [1 5 7] [1 5 7 8 9] [1 5 8]
2 [] [1 2 3 4] [1 2 3] [1] [1 2] [1 2 3 4 5] [1 9] [1 2 3 4 5 6 8] []
3 [] [1 2 3] [1] [1 2] [1 2 3 4 5] [1 2 3 4] [1 9] [1 2 3 4 5 6 8] []
4 [5 9] [1 2] [1] [1 2 3] [1 2 3 4 6 7] [1 2 3 4] [1 2 3 4 6] [1 2 3 4 6 8] []
5 [1 4 7] [2] [2 3 5] [2 3 5 6 8] [2 3 5 6] [2 3] [2 6] [2 3 6] [2 5 9]
6 [1 2] [3 4] [3 4 5] [3 4 5 6] [3] [3 4 5 6 7] [3 4 6] [3 5 9] []
7 [] [1 2 3] [1 2] [1 2 3 4] [1] [1 2 3 4 5] [1 9] [1 2 3 4 5 6 8] []
8 [7 9 10] [1 2] [1 2 3 4] [1] [1 2 3 4 5] [1 2 3] [1 2 3 4 5 6 8] [] []
9 [3 4 5 6 7] [1] [1 2 8 9 10] [1 2] [1 9] [] [] [] []
10 [] [1] [1 2 3 4] [1 2 3 4 5] [1 2] [1 9] [1 2 3] [1 2 3 4 5 6 8] []
11 [6 7 10] [1 2 3 4] [1 2 3 4 5] [1 2] [1] [1 9] [1 2 3] [] []
12 [4 6 10] [1 2] [1 2 3 5 7] [1] [1 9] [1 2 3] [] [] []
13 [3 4 5 9] [1] [1 2] [1 2 7] [1 2 6 7 8 10] [1 2 6 8] [] [] []
14 [3] [1 9] [1] [1 2 4 7] [1 2] [1 2 4 5 6 8] [1 2 4 8] [] []
15 [7] [1] [1 2 3] [1 2] [1 9] [1 2 3 4 5 6 8] [1 2 3 4 8] [] []
16 [] [1] [1 2] [1 9] [1 2 3 4 5 6 8] [1 2 3 4 8] [] [] []
17 [] [1 2] [1] [1 9] [1 2 3 4 5 6 8] [1 2 3 4 8] [] [] []
18 [] [1 9] [1] [1 2] [1 2 3 4 5 6 8] [1 2 3 4 8] [] [] []
19 [] [1 2] [1] [1 2 3 4 5 6 8] [1 2 3 4 8] [] [] [] []
20 [] [1 2] [1] [1 2 3 4 5 6 8] [1 2 3 4 8] [] [] [] []
21 [] [1] [1 2 3 4 5 6 8] [1 2 3 4 8] [] [] [] [] []
22 [] [1] [] [] [] [] [] [] []
23 [] [1] [] [] [] [] [] [] []
