interv day time team
1 88 15 2
2 88 75 3
3 1 0 1
4 1 15 2
5 75 45 2
6 76 0 1
7 1 75 3
8 108 15 2
9 2 0 1
10 108 30 3
11 108 90 4
12 109 0 1
13 76 30 1
14 109 60 2
15 109 75 2
16 109 90 2
17 2 60 2
18 3 0 1
19 110 0 1
20 110 30 2
21 1 90 7
22 89 0 1
23 89 60 2
24 90 0 1
25 3 60 2
26 76 60 1
27 110 60 3
28 4 0 1
29 111 0 1
30 90 30 2
31 90 90 1
32 4 30 1
33 77 0 1
34 4 60 1
35 91 0 1
36 110 90 3
37 88 105 5
38 91 30 2
39 75 105 4
40 5 0 1
41 111 60 1
42 77 30 2
43 112 0 1
44 112 60 2
45 4 90 2
46 112 90 2
47 113 0 1
48 77 60 3
49 91 45 3
50 77 75 4
51 78 0 1
52 91 105 2
53 5 60 2
54 92 0 1
55 92 30 2
56 92 90 3
57 78 60 2
58 93 0 1
59 93 60 2
60 93 75 3
61 77 90 3
62 109 105 5
63 79 0 1
64 113 30 1
65 113 60 2
66 113 75 3
67 94 0 1
68 94 60 2
69 6 0 1
70 93 90 2
71 114 0 1
72 95 0 1
73 79 60 2
74 95 60 2
75 80 0 1
76 80 30 1
77 96 0 1
78 96 60 2
79 97 0 1
80 97 60 2
81 98 0 1
82 93 105 3
83 95 90 4
84 98 60 2
85 98 90 3
86 114 60 2
87 96 90 4
88 6 30 1
89 6 90 1
90 115 0 1
91 115 60 2
92 80 60 2
93 1 105 1
94 113 105 5
95 81 0 1
96 96 105 4
97 7 0 1
98 116 0 1
99 7 15 2
100 116 60 1
101 7 45 2
102 99 0 1
103 99 60 2
104 99 90 3
105 117 0 1
106 117 60 2
107 7 75 1
108 81 15 2
109 117 75 2
110 81 45 3
111 97 75 2
112 100 0 1
113 7 90 1
114 100 60 2
115 101 0 1
116 8 0 1
117 101 30 1
118 8 30 2
119 81 75 4
120 101 60 2
121 114 90 2
122 8 60 1
123 82 0 1
124 97 90 7
125 101 90 1
126 8 90 2
127 115 90 4
128 9 0 1
129 116 90 2
130 117 90 3
131 118 0 1
132 118 30 1
133 102 0 1
134 118 60 1
135 118 90 2
136 9 30 1
137 119 0 1
138 9 60 2
139 119 30 1
140 102 30 2
141 9 90 1
142 82 30 2
143 82 60 1
144 119 60 1
145 119 90 2
146 102 60 2
147 82 90 3
148 120 0 1
149 120 30 1
150 120 60 2
151 10 0 1
152 10 30 1
153 120 90 3
154 102 90 2
155 10 60 2
156 121 0 1
157 121 30 2
158 121 60 3
159 121 90 1
160 10 90 2
161 11 0 1
162 103 0 1
163 122 0 1
164 83 0 1
165 11 30 2
166 122 30 2
167 122 60 2
168 122 90 1
169 123 0 1
170 123 30 2
171 123 60 3
172 123 90 1
173 124 0 1
174 83 30 1
175 11 60 1
176 11 90 2
177 12 0 1
178 103 30 2
179 124 30 2
180 103 60 2
181 124 60 3
182 124 90 4
183 125 0 1
184 103 90 2
185 12 30 2
186 125 30 2
187 125 60 1
188 125 90 3
189 126 0 1
190 126 30 2
191 126 60 1
192 126 90 3
193 104 0 1
194 127 0 1
195 104 30 1
196 127 30 1
197 127 60 1
198 104 60 1
199 12 60 3
200 127 90 1
201 128 0 1
202 83 60 2
203 104 90 1
204 128 30 1
205 128 60 1
206 83 90 3
207 128 90 2
208 129 0 1
209 84 0 1
210 84 30 1
211 105 0 1
212 105 30 1
213 12 90 4
214 105 60 2
215 13 0 1
216 129 30 2
217 84 60 1
218 13 30 1
219 84 90 2
220 13 60 1
221 105 90 3
222 129 60 2
223 129 90 1
224 130 0 1
225 13 90 2
226 130 30 1
227 106 0 1
228 85 0 1
229 130 60 1
230 130 90 2
231 14 0 1
232 131 0 1
233 81 105 5
234 131 30 2
235 99 105 3
236 131 45 3
237 131 60 2
238 131 75 3
239 131 90 4
240 131 105 3
241 132 0 1
242 85 30 2
243 106 30 2
244 85 45 3
245 106 45 2
246 85 60 3
247 7 105 2
248 106 60 2
249 132 15 1
250 132 30 1
251 132 45 1
252 132 60 1
253 132 75 2
254 132 90 1
255 85 75 4
256 85 90 3
257 14 30 2
258 132 105 3
259 133 0 1
260 14 45 2
261 85 105 3
262 106 75 3
263 133 15 2
264 133 30 2
265 133 45 1
266 133 60 2
267 133 75 2
268 133 90 1
269 14 60 2
270 106 90 2
271 106 105 4
272 86 0 1
273 133 105 2
274 14 75 3
275 107 0 1
276 86 15 1
277 86 30 2
278 107 15 2
279 134 0 1
280 134 15 2
281 107 30 3
282 134 30 1
283 134 45 1
284 107 45 2
285 86 45 2
286 107 60 3
287 134 60 1
288 134 75 1
289 14 90 2
290 134 90 1
291 14 105 2
292 134 105 1
293 135 0 1
294 15 0 1
295 107 75 2
296 107 90 1
297 107 105 2
298 108 0 1
299 135 15 2
300 135 30 1
301 135 45 1
302 135 60 2
303 135 75 1
304 15 15 1
305 15 30 1
306 86 60 3
307 86 75 3
308 135 90 1
309 135 105 3
310 86 90 2
311 86 105 2
312 87 0 1
313 87 15 2
314 87 30 3
315 87 45 1
316 87 60 2
317 87 75 2
318 87 90 1
319 87 105 1
320 88 0 1
321 15 45 1
322 15 60 2
323 15 75 1
324 15 90 3
325 15 105 1
326 16 0 1
327 16 15 1
328 16 30 1
329 16 45 1
330 16 60 1
331 16 75 1
332 16 90 1
333 16 105 1
334 17 0 1
335 17 15 1
336 17 30 2
337 17 45 1
338 17 60 1
339 17 75 3
340 17 90 3
341 17 105 1
342 18 0 1
343 18 15 2
344 18 30 2
345 18 45 1
346 18 60 1
347 18 75 1
348 18 90 1
349 18 105 2
350 19 0 1
351 19 15 1
352 19 30 1
353 19 45 1
354 19 60 1
355 19 75 1
356 19 90 1
357 19 105 1
358 20 0 1
359 20 15 2
360 20 30 2
361 20 45 1
362 20 60 1
363 20 75 1
364 20 90 3
365 20 105 2
366 21 0 1
367 21 15 1
368 21 30 1
369 21 45 2
370 21 60 1
371 21 75 1
372 21 90 1
373 21 105 1
374 22 0 1
375 22 15 1
376 22 30 1
377 22 45 2
378 22 60 1
379 22 75 1
380 22 90 1
381 22 105 1
382 23 0 1
383 23 15 1
384 23 30 2
385 23 45 2
386 23 60 2
387 23 75 3
388 23 90 2
389 23 105 2
390 24 0 1
391 24 15 1
392 24 30 1
393 24 45 1
394 24 60 1
395 24 75 1
396 24 90 1
397 24 105 1
398 25 0 1
399 25 15 1
400 25 30 1
401 25 45 1
402 25 60 1
403 25 75 1
404 25 90 1
405 25 105 2
406 26 0 1
407 26 15 2
408 26 30 1
409 26 45 1
410 26 60 1
411 26 75 1
412 26 90 1
413 26 105 3
414 27 0 1
415 27 15 1
416 27 30 1
417 27 45 1
418 27 60 1
419 27 75 2
420 27 90 1
421 27 105 1
422 28 0 1
423 28 15 2
424 28 30 2
425 28 45 2
426 28 60 2
427 28 75 3
428 28 90 2
429 28 105 2
430 29 0 1
431 29 15 2
432 29 30 3
433 29 45 2
434 29 60 2
435 29 75 2
436 29 90 2
437 29 105 2
438 30 0 1
439 30 15 2
440 30 30 1
441 30 45 1
442 30 60 2
443 30 75 1
444 30 90 1
445 30 105 1
446 31 0 1
447 31 15 1
448 31 30 2
449 31 45 1
450 31 60 1
451 31 75 1
452 31 90 1
453 31 105 1
454 32 0 1
455 32 15 2
456 32 30 2
457 32 45 1
458 32 60 3
459 32 75 3
460 32 90 1
461 32 105 3
462 33 0 1
463 33 15 1
464 33 30 1
465 33 45 1
466 33 60 2
467 33 75 1
468 33 90 1
469 33 105 1
470 34 0 1
471 34 15 2
472 34 30 3
473 34 45 2
474 34 60 1
475 34 75 3
476 34 90 1
477 34 105 1
478 35 0 1
479 35 15 1
480 35 30 1
481 35 45 2
482 35 60 3
483 35 75 1
484 35 90 3
485 35 105 1
486 36 0 1
487 36 15 2
488 36 30 2
489 36 45 2
490 36 60 2
491 36 75 2
492 36 90 1
493 36 105 2
494 37 0 1
495 37 15 1
496 37 30 1
497 37 45 2
498 37 60 1
499 37 75 1
500 37 90 1
501 37 105 1
502 38 0 1
503 38 15 2
504 38 30 1
505 38 45 1
506 38 60 3
507 38 75 1
508 38 90 1
509 38 105 1
510 39 0 1
511 39 15 2
512 39 30 2
513 39 45 1
514 39 60 2
515 39 75 3
516 39 90 2
517 39 105 1
518 40 0 1
519 40 15 2
520 40 30 2
521 40 45 2
522 40 60 1
523 40 75 1
524 40 90 3
525 40 105 2
526 41 0 1
527 41 15 2
528 41 30 1
529 41 45 1
530 41 60 1
531 41 75 3
532 41 90 3
533 41 105 2
534 42 0 1
535 42 15 1
536 42 30 1
537 42 45 2
538 42 60 1
539 42 75 1
540 42 90 1
541 42 105 2
542 43 0 1
543 43 15 2
544 43 30 1
545 43 45 3
546 43 60 3
547 43 75 1
548 43 90 1
549 43 105 3
550 44 0 1
551 44 15 1
552 44 30 1
553 44 45 1
554 44 60 1
555 44 75 1
556 44 90 2
557 44 105 3
558 45 0 1
559 45 15 2
560 45 30 2
561 45 45 1
562 45 60 3
563 45 75 2
564 45 90 2
565 45 105 2
566 46 0 1
567 46 15 2
568 46 30 3
569 46 45 3
570 46 60 2
571 46 75 2
572 46 90 2
573 46 105 1
574 47 0 1
575 47 15 1
576 47 30 1
577 47 45 2
578 47 60 1
579 47 75 1
580 47 90 1
581 47 105 1
582 48 0 1
583 48 15 1
584 48 30 1
585 48 45 1
586 48 60 2
587 48 75 1
588 48 90 1
589 48 105 1
590 49 0 1
591 49 15 1
592 49 30 2
593 49 45 1
594 49 60 1
595 49 75 1
596 49 90 1
597 49 105 3
598 50 0 1
599 50 15 2
600 50 30 2
601 50 45 2
602 50 60 2
603 50 75 2
604 50 90 1
605 50 105 1
606 51 0 1
607 51 15 2
608 51 30 2
609 51 45 2
610 51 60 2
611 51 75 2
612 51 90 2
613 51 105 2
614 52 0 1
615 52 15 1
616 52 30 1
617 52 45 1
618 52 60 1
619 52 75 2
620 52 90 3
621 52 105 2
622 53 0 1
623 53 15 1
624 53 30 1
625 53 45 1
626 53 60 1
627 53 75 1
628 53 90 1
629 53 105 1
630 54 0 1
631 54 15 1
632 54 30 2
633 54 45 3
634 54 60 2
635 54 75 3
636 54 90 2
637 54 105 1
638 55 0 1
639 55 15 2
640 55 30 3
641 55 45 3
642 55 60 1
643 55 75 1
644 55 90 3
645 55 105 2
646 56 0 1
647 56 15 1
648 56 30 1
649 56 45 1
650 56 60 2
651 56 75 1
652 56 90 1
653 56 105 1
654 57 0 1
655 57 15 2
656 57 30 1
657 57 45 1
658 57 60 2
659 57 75 1
660 57 90 3
661 57 105 1
662 58 0 1
663 58 15 2
664 58 30 2
665 58 45 1
666 58 60 1
667 58 75 1
668 58 90 1
669 58 105 1
670 59 0 1
671 59 15 2
672 59 30 1
673 59 45 1
674 59 60 1
675 59 75 3
676 59 90 1
677 59 105 1
678 60 0 1
679 60 15 1
680 60 30 2
681 60 45 1
682 60 60 1
683 60 75 2
684 60 90 1
685 60 105 1
686 61 0 1
687 61 15 1
688 61 30 1
689 61 45 2
690 61 60 1
691 61 75 1
692 61 90 1
693 61 105 1
694 62 0 1
695 62 15 1
696 62 30 2
697 62 45 1
698 62 60 1
699 62 75 1
700 62 90 1
701 62 105 1
702 63 0 1
703 63 15 1
704 63 30 1
705 63 45 1
706 63 60 1
707 63 75 1
708 63 90 1
709 63 105 2
710 64 0 1
711 64 15 1
712 64 30 2
713 64 45 3
714 64 60 2
715 64 75 1
716 64 90 1
717 64 105 1
718 65 0 1
719 65 15 2
720 65 30 1
721 65 45 3
722 65 60 2
723 65 75 2
724 65 90 3
725 65 105 2
726 66 0 1
727 66 15 2
728 66 30 1
729 66 45 1
730 66 60 1
731 66 75 1
732 66 90 1
733 66 105 1
734 67 0 1
735 67 15 1
736 67 30 1
737 67 45 2
738 67 60 1
739 67 75 1
740 67 90 3
741 67 105 1
742 68 0 1
743 68 15 2
744 68 30 1
745 68 45 2
746 68 60 2
747 68 75 3
748 68 90 2
749 68 105 3
750 69 0 1
751 69 15 1
752 69 30 2
753 69 45 1
754 69 60 1
755 69 75 3
756 69 90 1
757 69 105 3
758 70 0 1
759 70 15 2
760 70 30 1
761 70 45 1
762 70 60 3
763 70 75 1
764 70 90 3
765 70 105 1
766 71 0 1
767 71 15 1
768 71 30 1
769 71 45 2
770 71 60 1
771 71 75 3
772 71 90 1
773 71 105 2
774 72 0 1
775 72 15 1
776 72 30 2
777 72 45 2
778 72 60 1
779 72 75 1
780 72 90 3
781 72 105 1
782 73 0 1
783 73 15 2
784 73 30 3
785 73 45 1
786 73 60 1
787 73 75 1
788 73 90 1
789 73 105 1
790 74 0 1
791 74 15 2
792 74 30 1
793 74 45 1
794 74 60 1
795 74 75 2
796 74 90 3
797 74 105 1
798 75 0 1
799 75 15 1
800 75 30 1
