day not_working team1 team2 team3 team4 team5 team6 team7 team8 team9 team10 team11 team12 team13 team14 team15 team16 team17 team18 team19 team20 team21
1 [15 21 22 32 45 51 53 61 85 96] [2] [1 2 3 4] [1] [1 2 3] [1 2 3 10] [1 2 3 9 10] [1 2] [1 2 3 4 9] [1 2 3 8] [1 2 3 4 6 7 10] [1 2 3 4 10] [1 2 3 4 6 9] [1 2 10] [1 2 3 4 9 10 14 67] [1 2 3 4 9 10] [1 2 3 4 8 9] [1 2 3 4 6] [1 2 3 4 8] [] [] []
2 [3 17 29 44 59 61 72 94 96] [1 2 4] [1 2 4 10] [1 2 4 9 10] [1] [1 2] [2] [1 2 4 9] [1 2 4 8] [1 2 4 6 7 10] [1 2 4 6 9] [1 2 10] [1 2 4 9 10 14 21] [1 2 4 8 9] [1 2 4 6] [] [] [] [] [] [] []
3 [13 20 33 34 42 56 57 68 70 81 90] [1 2 3 9 10] [1] [1 2] [1 2 3] [2] [1 2 3 4] [1 2 3 4 9] [1 2 3 8] [1 2 3 4 6 7 10] [1 2 3 4 10] [1 2 3 4 6 9] [1 2 10] [1 2 3 4 9 10 14 21] [1 2 3 4 9 10] [1 2 3 4 8 9] [1 2 3 4 6] [1 2 3 4 8] [] [] [] []
4 [4 26 55 58 68 76 81] [1 2] [1 2 3] [2] [1 2 3 8 9] [1 2 3 6] [1 2 3 8] [1] [1 2 3 6 7 10] [1 2 3 6 8] [1 2 3 8 10] [1 2 3 6 9] [1 2 3 8 9 10] [1 2 10] [1 2 3 8 9 10 14 21] [1 2 3 6 8 9] [] [] [] [] [] []
5 [3 29 41 49 61 70] [1 2 4] [1 2] [2] [1 2 4 9] [1 2 4 8] [1] [1 2 4 6 7 10] [1 2 4 10] [1 2 4 6 9] [1 2 10] [1 2 4 9 10 14 21] [1 2 4 9 10] [1 2 4 8 9] [1 2 4 6] [] [] [] [] [] [] []
6 [5 10 31 39 66 74 82 94] [1 2 3] [2] [1 2] [1 2 3 4] [1 2 3 4 9] [1 2 3 8] [1] [1 2 3 4 6 7 14] [1 2 3 4 14 21] [1 2 3 4 6 9] [1 2 3 4 14] [1 2 14] [1 2 3 4 9 14 15 21 67] [1 2 3 4 9 14] [1 2 3 4 8 9] [1 2 3 4 6] [1 2 3 4 8] [] [] [] []
7 [14 22 33 51 59 70 85 92 97] [2] [1 2] [1 2 3 4] [1 2 3] [1 2 3 4 9] [1 2 3 8] [1] [1 2 3 4 6 7 10] [1 2 3 4 10] [1 2 3 4 6 9] [1 2 10] [1 2 3 4 9 10 15 21] [1 2 3 4 9 10] [1 2 3 4 8 9] [1 2 3 4 6] [1 2 3 4 8] [] [] [] [] []
8 [30 47 49 52 64 69 86 90 100] [1 2 3 4] [1 2 3] [1 2] [1 2 3 4 9] [1 2 3 8] [2] [1] [1 2 3 4 6 7 10] [1 2 3 4 10] [1 2 3 4 6 9] [1 2 10] [1 2 3 4 9 10 14 21] [1 2 3 4 9 10] [1 2 3 4 8 9] [1 2 3 4 6] [1 2 3 4 8] [] [] [] [] []
9 [6 11 20 29 37 57 63 68 85 88] [1 2 3] [1 2] [1 2 3 4 9] [1 2 3 8] [2] [1] [1 2 3 4] [1 2 3 4 7 10] [1 2 3 4 10] [1 2 3 4 7 9] [1 2 10] [1 2 3 4 9 10 14 21] [1 2 3 4 9 10] [1 2 3 4 8 9] [1 2 3 4 7] [1 2 3 4 8] [] [] [] [] []
10 [22 25 32 37 58 61 62 66 73 74] [1 2 3] [1 2] [1 2 3 4 9] [1 2 3 8] [2] [1] [1 2 3 4] [1 2 3 4 6 7 10] [1 2 3 4 10] [1 2 3 4 6 9] [1 2 10] [1 2 3 4 9 10 14 21] [1 2 3 4 9 10] [1 2 3 4 8 9] [1 2 3 4 6] [1 2 3 4 8] [] [] [] [] []
11 [7 9 23 24 32 37 45 48 49 56 59 75 87] [1 2] [1 2 3] [1 2 3 4 10] [1 2 3 8] [2] [1] [1 2 3 4] [1 2 3 4 6 8 10] [1 2 3 4 6 19] [1 2 10] [1 2 3 4 10 14 21] [1 2 3 4 10 19] [1 2 3 4 8 16 19] [1 2 3 4 6] [1 2 3 4 6 10] [1 2 3 4 8] [] [] [] [] []
12 [24 41 48 88] [1 2] [1 2 3 4 9] [1 2 3 8] [1 2 3] [2] [1] [1 2 3 4] [1 2 3 4 6 7 10] [1 2 3 4 10] [1 2 3 4 6 9] [1 2 10] [1 2 3 4 9 10 14 21] [1 2 3 4 9 10] [1 2 3 4 8 9] [1 2 3 4 6] [1 2 3 4 8] [] [] [] [] []
13 [1 21 31 33 55 56 75 94] [2 3] [2] [2 3 4] [2 3 4 6 7 10] [2 3 4 10] [2 3 4 6 9] [2 10] [2 3 4 9 10 14 67] [2 3 4 9 10] [2 3 4 8 9] [2 3 4 6] [2 3 4 8] [] [] [] [] [] [] [] [] []
14 [12 27 31 37 50 81] [1 2 3] [2] [1] [1 2] [1 2 3 4] [1 2 3 4 6 7 10] [1 2 3 4 10] [1 2 3 4 6 9] [1 2 10] [1 2 3 4 9 10 14 21] [1 2 3 4 9 10] [1 2 3 4 8 9] [1 2 3 4 6] [1 2 3 4 8] [] [] [] [] [] [] []
15 [25 32 41 89 92 98] [2] [1] [1 2] [1 2 3] [1 2 3 4] [1 2 3 4 6 7 10] [1 2 3 4 10] [1 2 3 4 6 9] [1 2 10] [1 2 3 4 9 10 14 21] [1 2 3 4 9 10] [1 2 3 4 8 9] [1 2 3 4 6] [1 2 3 4 8] [] [] [] [] [] [] []
16 [16 18 26 36 43 57 73 85 99] [2] [1 2] [1] [1 2 3] [1 2 3 4] [1 2 3 4 6 7 10] [1 2 3 4 10] [1 2 3 4 6 9] [1 2 10] [1 2 3 4 9 10 14 21] [1 2 3 4 9 10] [1 2 3 4 8 9] [1 2 3 4 6] [1 2 3 4 8] [] [] [] [] [] [] []
17 [33 42 46 52 71 74 75 86 91] [2] [1 2] [1] [1 2 3] [1 2 3 4] [1 2 3 4 6 7 10] [1 2 3 4 10] [1 2 3 4 6 9] [1 2 10] [1 2 3 4 9 10 14 21] [1 2 3 4 9 10] [1 2 3 4 8 9] [1 2 3 4 6] [1 2 3 4 8] [] [] [] [] [] [] []
18 [9 63 77] [2] [1] [1 2] [1 2 3] [1 2 3 4] [1 2 3 4 6 7 10] [1 2 3 4 10] [1 2 3 4 6 19] [1 2 10] [1 2 3 4 10 14 21] [1 2 3 4 10 19] [1 2 3 4 8 16 19] [1 2 3 4 6] [1 2 3 4 6 10] [1 2 3 4 8] [] [] [] [] [] []
19 [1 17 54 55 58 85 88] [2] [2 3] [2 3 4] [2 3 4 6 7 10] [2 3 4 10] [2 3 4 6 9] [2 10] [2 3 4 9 10 14 21] [2 3 4 9 10] [2 3 4 8 9] [2 3 4 6] [2 3 4 8] [] [] [] [] [] [] [] [] []
20 [4 38 72 73 75 94] [2] [1] [1 2] [1 2 3] [1 2 3 6] [1 2 3 6 7 10] [1 2 3 8] [1 2 3 8 9] [1 2 3 6 8] [1 2 3 8 10] [1 2 3 6 9] [1 2 3 8 9 10] [1 2 10] [1 2 3 8 9 10 14 21] [1 2 3 6 8 9] [] [] [] [] [] []
21 [7 14 28 36 52 73 81 96] [2] [1 2] [1] [1 2 3] [1 2 3 4] [1 2 3 4 6 8 10] [1 2 3 4 10] [1 2 3 4 6 9] [1 2 10] [1 2 3 4 9 10 15 21] [1 2 3 4 9 10] [1 2 3 4 8 9] [1 2 3 4 6] [1 2 3 4 8] [] [] [] [] [] [] []
22 [10 13 15 17 36 45 57 58 65 73 87 92 99] [2] [1 2] [1] [1 2 3] [1 2 3 4] [1 2 3 4 6 7 14] [1 2 3 4 14 21] [1 2 3 4 6 9] [1 2 3 4 14] [1 2 14] [1 2 3 4 9 14 21 67] [1 2 3 4 9 14] [1 2 3 4 8 9] [1 2 3 4 6] [1 2 3 4 8] [] [] [] [] [] []
23 [5 9 26 32 52 58 62 63 67 72 74 77 83 88 98] [1 2] [2] [1] [1 2 3] [1 2 3 4] [1 2 3 4 6 7 10] [1 2 3 4 10] [1 2 3 4 6 19] [1 2 10] [1 2 3 4 10 14 21] [1 2 3 4 10 19] [1 2 3 4 8 16 19] [1 2 3 4 6] [1 2 3 4 6 10] [1 2 3 4 8] [] [] [] [] [] []
24 [2 14 34 42 50 61 63 73 81 98] [3] [1] [1 3 4] [3 4] [1 3] [1 3 4 8 9] [1 3 4 6] [1 3 4 6 7] [1 3 4 6 7 8 9 10] [1 3 4 8] [1 3 4 6 8] [1 3 4 6 7 8] [1 3 4 9 10] [1 3 4 6 7 8 9] [1 3 4 8 9 10] [1 3 4 6 7 9 10] [1 3 4 8 9 10 15 21] [1 3 4 6 8 9 16] [1 3 4 9] [1 3 4 6 8 9] [1 3 8]
25 [15 21 36 39 52 65 69 71 74 77] [2] [1] [1 2] [1 2 3] [1 2 3 4] [1 2 3 4 6 7 10] [1 2 3 4 10] [1 2 3 4 6 9] [1 2 10] [1 2 3 4 9 10 14 67] [1 2 3 4 9 10] [1 2 3 4 8 9] [1 2 3 4 6] [1 2 3 4 8] [] [] [] [] [] [] []
26 [6 13 27 33 34 38 42 47 54 91] [2] [1] [1 2] [1 2 3] [1 2 3 4] [1 2 3 4 7 10] [1 2 3 4 10] [1 2 3 4 7 9] [1 2 10] [1 2 3 4 9 10 14 21] [1 2 3 4 9 10] [1 2 3 4 8 9] [1 2 3 4 7] [1 2 3 4 8] [] [] [] [] [] [] []
27 [1 2 6 7 10 31] [3] [3 4] [3 4 8 9] [3 4 8] [3 4 8 9 13 14 15 27] [3 4 9 14 21] [3 4 8 9 13] [3 4 8 9 14] [3 4 8 9 13 14 15 21 67] [3 4 8 9 16] [3 4 9] [3 4 8 13] [3 4 8 9 14 21] [3 8] [] [] [] [] [] [] []
28 [2 5 27 48 75 79 87] [1 3] [3] [3 4] [1] [1 3 4] [1 3 4 8 9] [1 3 4 6] [1 3 4 6 7] [1 3 4 6 7 8 9 10] [1 3 4 8] [1 3 4 6 8] [1 3 4 6 7 8] [1 3 4 9 10] [1 3 4 6 7 8 9] [1 3 4 8 9 10] [1 3 4 6 7 9 10] [1 3 4 8 9 10 14 21] [1 3 4 6 8 9 16] [1 3 4 9] [1 3 4 6 8 9] [1 3 8]
29 [18 20 28 60 66] [1] [2] [1 2] [1 2 3] [1 2 3 4] [1 2 3 4 6 7 10] [1 2 3 4 10] [1 2 3 4 6 9] [1 2 10] [1 2 3 4 9 10 14 21] [1 2 3 4 9 10] [1 2 3 4 8 9] [1 2 3 4 6] [1 2 3 4 8] [] [] [] [] [] [] []
30 [10 20 36 40 44 53 64 66 70 75 100] [2] [1 2] [1] [1 2 3] [1 2 3 4] [1 2 3 4 6 7 14] [1 2 3 4 14 21] [1 2 3 4 6 9] [1 2 3 4 14] [1 2 14] [1 2 3 4 9 14 15 21 67] [1 2 3 4 9 14] [1 2 3 4 8 9] [1 2 3 4 6] [1 2 3 4 8] [] [] [] [] [] []
31 [] [2] [1 2] [1] [1 2 3] [1 2 3 4] [1 2 3 4 6 7 10] [1 2 3 4 10] [1 2 3 4 6 9] [1 2 10] [1 2 3 4 9 10 14 21] [1 2 3 4 9 10] [1 2 3 4 8 9] [1 2 3 4 6] [1 2 3 4 8] [] [] [] [] [] [] []
32 [] [2] [1 2] [1] [1 2 3] [1 2 3 4] [1 2 3 4 6 7 10] [1 2 3 4 10] [1 2 3 4 6 9] [1 2 10] [1 2 3 4 9 10 14 21] [1 2 3 4 9 10] [1 2 3 4 8 9] [1 2 3 4 6] [1 2 3 4 8] [] [] [] [] [] [] []
33 [] [2] [1 2] [1] [1 2 3] [1 2 3 4] [1 2 3 4 6 7 10] [1 2 3 4 10] [1 2 3 4 6 9] [1 2 10] [1 2 3 4 9 10 14 21] [1 2 3 4 9 10] [1 2 3 4 8 9] [1 2 3 4 6] [1 2 3 4 8] [] [] [] [] [] [] []
34 [] [2] [1] [1 2] [1 2 3] [1 2 3 4] [1 2 3 4 6 7 10] [1 2 3 4 10] [1 2 3 4 6 9] [1 2 10] [1 2 3 4 9 10 14 21] [1 2 3 4 9 10] [1 2 3 4 8 9] [1 2 3 4 6] [1 2 3 4 8] [] [] [] [] [] [] []
35 [] [2] [1] [1 2] [1 2 3] [1 2 3 4] [1 2 3 4 6 7 10] [1 2 3 4 10] [1 2 3 4 6 9] [1 2 10] [1 2 3 4 9 10 14 21] [1 2 3 4 9 10] [1 2 3 4 8 9] [1 2 3 4 6] [1 2 3 4 8] [] [] [] [] [] [] []
36 [] [1] [2] [1 2] [1 2 3] [1 2 3 4] [1 2 3 4 6 7 10] [1 2 3 4 10] [1 2 3 4 6 9] [1 2 10] [1 2 3 4 9 10 14 21] [1 2 3 4 9 10] [1 2 3 4 8 9] [1 2 3 4 6] [1 2 3 4 8] [] [] [] [] [] [] []
37 [] [2] [1 2] [1] [1 2 3] [1 2 3 4] [1 2 3 4 6 7 10] [1 2 3 4 10] [1 2 3 4 6 9] [1 2 10] [1 2 3 4 9 10 14 21] [1 2 3 4 9 10] [1 2 3 4 8 9] [1 2 3 4 6] [1 2 3 4 8] [] [] [] [] [] [] []
38 [] [2] [1 2] [1] [1 2 3] [1 2 3 4] [1 2 3 4 6 7 10] [1 2 3 4 10] [1 2 3 4 6 9] [1 2 10] [1 2 3 4 9 10 14 21] [1 2 3 4 9 10] [1 2 3 4 8 9] [1 2 3 4 6] [1 2 3 4 8] [] [] [] [] [] [] []
39 [] [1] [2] [1 2] [1 2 3] [1 2 3 4] [1 2 3 4 6 7 10] [1 2 3 4 10] [1 2 3 4 6 9] [1 2 10] [1 2 3 4 9 10 14 21] [1 2 3 4 9 10] [1 2 3 4 8 9] [1 2 3 4 6] [1 2 3 4 8] [] [] [] [] [] [] []
40 [] [1] [2] [1 2] [1 2 3] [1 2 3 4] [1 2 3 4 6 7 10] [1 2 3 4 10] [1 2 3 4 6 9] [1 2 10] [1 2 3 4 9 10 14 21] [1 2 3 4 9 10] [1 2 3 4 8 9] [1 2 3 4 6] [1 2 3 4 8] [] [] [] [] [] [] []
41 [] [1] [2] [1 2] [1 2 3] [1 2 3 4] [1 2 3 4 6 7 10] [1 2 3 4 10] [1 2 3 4 6 9] [1 2 10] [1 2 3 4 9 10 14 21] [1 2 3 4 9 10] [1 2 3 4 8 9] [1 2 3 4 6] [1 2 3 4 8] [] [] [] [] [] [] []
42 [] [2] [1] [1 2] [1 2 3] [1 2 3 4] [1 2 3 4 6 7 10] [1 2 3 4 10] [1 2 3 4 6 9] [1 2 10] [1 2 3 4 9 10 14 21] [1 2 3 4 9 10] [1 2 3 4 8 9] [1 2 3 4 6] [1 2 3 4 8] [] [] [] [] [] [] []
43 [] [2] [1] [1 2] [1 2 3] [1 2 3 4] [1 2 3 4 6 7 10] [1 2 3 4 10] [1 2 3 4 6 9] [1 2 10] [1 2 3 4 9 10 14 21] [1 2 3 4 9 10] [1 2 3 4 8 9] [1 2 3 4 6] [1 2 3 4 8] [] [] [] [] [] [] []
44 [] [2] [1 2] [1] [1 2 3] [1 2 3 4] [1 2 3 4 6 7 10] [1 2 3 4 10] [1 2 3 4 6 9] [1 2 10] [1 2 3 4 9 10 14 21] [1 2 3 4 9 10] [1 2 3 4 8 9] [1 2 3 4 6] [1 2 3 4 8] [] [] [] [] [] [] []
45 [] [1 2] [2] [1] [1 2 3] [1 2 3 4] [1 2 3 4 6 7 10] [1 2 3 4 10] [1 2 3 4 6 9] [1 2 10] [1 2 3 4 9 10 14 21] [1 2 3 4 9 10] [1 2 3 4 8 9] [1 2 3 4 6] [1 2 3 4 8] [] [] [] [] [] [] []
46 [] [1 2] [2] [1] [1 2 3] [1 2 3 4] [1 2 3 4 6 7 10] [1 2 3 4 10] [1 2 3 4 6 9] [1 2 10] [1 2 3 4 9 10 14 21] [1 2 3 4 9 10] [1 2 3 4 8 9] [1 2 3 4 6] [1 2 3 4 8] [] [] [] [] [] [] []
47 [] [2] [1 2] [1] [1 2 3] [1 2 3 4] [1 2 3 4 6 7 10] [1 2 3 4 10] [1 2 3 4 6 9] [1 2 10] [1 2 3 4 9 10 14 21] [1 2 3 4 9 10] [1 2 3 4 8 9] [1 2 3 4 6] [1 2 3 4 8] [] [] [] [] [] [] []
48 [] [2] [1] [1 2] [1 2 3] [1 2 3 4] [1 2 3 4 6 7 10] [1 2 3 4 10] [1 2 3 4 6 9] [1 2 10] [1 2 3 4 9 10 14 21] [1 2 3 4 9 10] [1 2 3 4 8 9] [1 2 3 4 6] [1 2 3 4 8] [] [] [] [] [] [] []
49 [] [2] [1 2] [1] [1 2 3] [1 2 3 4] [1 2 3 4 6 7 10] [1 2 3 4 10] [1 2 3 4 6 9] [1 2 10] [1 2 3 4 9 10 14 21] [1 2 3 4 9 10] [1 2 3 4 8 9] [1 2 3 4 6] [1 2 3 4 8] [] [] [] [] [] [] []
50 [] [1 2] [2] [1] [1 2 3] [1 2 3 4] [1 2 3 4 6 7 10] [1 2 3 4 10] [1 2 3 4 6 9] [1 2 10] [1 2 3 4 9 10 14 21] [1 2 3 4 9 10] [1 2 3 4 8 9] [1 2 3 4 6] [1 2 3 4 8] [] [] [] [] [] [] []
51 [] [1 2] [2] [1] [1 2 3] [1 2 3 4] [1 2 3 4 6 7 10] [1 2 3 4 10] [1 2 3 4 6 9] [1 2 10] [1 2 3 4 9 10 14 21] [1 2 3 4 9 10] [1 2 3 4 8 9] [1 2 3 4 6] [1 2 3 4 8] [] [] [] [] [] [] []
52 [] [2] [1] [1 2] [1 2 3] [1 2 3 4] [1 2 3 4 6 7 10] [1 2 3 4 10] [1 2 3 4 6 9] [1 2 10] [1 2 3 4 9 10 14 21] [1 2 3 4 9 10] [1 2 3 4 8 9] [1 2 3 4 6] [1 2 3 4 8] [] [] [] [] [] [] []
53 [] [2] [1 2] [1] [1 2 3] [1 2 3 4] [1 2 3 4 6 7 10] [1 2 3 4 10] [1 2 3 4 6 9] [1 2 10] [1 2 3 4 9 10 14 21] [1 2 3 4 9 10] [1 2 3 4 8 9] [1 2 3 4 6] [1 2 3 4 8] [] [] [] [] [] [] []
54 [] [1 2] [2] [1] [1 2 3] [1 2 3 4] [1 2 3 4 6 7 10] [1 2 3 4 10] [1 2 3 4 6 9] [1 2 10] [1 2 3 4 9 10 14 21] [1 2 3 4 9 10] [1 2 3 4 8 9] [1 2 3 4 6] [1 2 3 4 8] [] [] [] [] [] [] []
55 [] [1 2] [1] [2] [1 2 3] [1 2 3 4] [1 2 3 4 6 7 10] [1 2 3 4 10] [1 2 3 4 6 9] [1 2 10] [1 2 3 4 9 10 14 21] [1 2 3 4 9 10] [1 2 3 4 8 9] [1 2 3 4 6] [1 2 3 4 8] [] [] [] [] [] [] []
56 [] [2] [1] [1 2] [1 2 3] [1 2 3 4] [1 2 3 4 6 7 10] [1 2 3 4 10] [1 2 3 4 6 9] [1 2 10] [1 2 3 4 9 10 14 21] [1 2 3 4 9 10] [1 2 3 4 8 9] [1 2 3 4 6] [1 2 3 4 8] [] [] [] [] [] [] []
57 [] [2] [1] [1 2] [1 2 3] [1 2 3 4] [1 2 3 4 6 7 10] [1 2 3 4 10] [1 2 3 4 6 9] [1 2 10] [1 2 3 4 9 10 14 21] [1 2 3 4 9 10] [1 2 3 4 8 9] [1 2 3 4 6] [1 2 3 4 8] [] [] [] [] [] [] []
58 [] [2] [1 2] [1] [1 2 3] [1 2 3 4] [1 2 3 4 6 7 10] [1 2 3 4 10] [1 2 3 4 6 9] [1 2 10] [1 2 3 4 9 10 14 21] [1 2 3 4 9 10] [1 2 3 4 8 9] [1 2 3 4 6] [1 2 3 4 8] [] [] [] [] [] [] []
59 [] [2] [1] [1 2] [1 2 3] [1 2 3 4] [1 2 3 4 6 7 10] [1 2 3 4 10] [1 2 3 4 6 9] [1 2 10] [1 2 3 4 9 10 14 21] [1 2 3 4 9 10] [1 2 3 4 8 9] [1 2 3 4 6] [1 2 3 4 8] [] [] [] [] [] [] []
60 [] [2] [1] [1 2] [1 2 3] [1 2 3 4] [1 2 3 4 6 7 10] [1 2 3 4 10] [1 2 3 4 6 9] [1 2 10] [1 2 3 4 9 10 14 21] [1 2 3 4 9 10] [1 2 3 4 8 9] [1 2 3 4 6] [1 2 3 4 8] [] [] [] [] [] [] []
61 [] [2] [1] [1 2] [1 2 3] [1 2 3 4] [1 2 3 4 6 7 10] [1 2 3 4 10] [1 2 3 4 6 9] [1 2 10] [1 2 3 4 9 10 14 21] [1 2 3 4 9 10] [1 2 3 4 8 9] [1 2 3 4 6] [1 2 3 4 8] [] [] [] [] [] [] []
62 [] [2] [1] [1 2] [1 2 3] [1 2 3 4] [1 2 3 4 6 7 10] [1 2 3 4 10] [1 2 3 4 6 9] [1 2 10] [1 2 3 4 9 10 14 21] [1 2 3 4 9 10] [1 2 3 4 8 9] [1 2 3 4 6] [1 2 3 4 8] [] [] [] [] [] [] []
63 [] [2] [1 2] [1] [1 2 3] [1 2 3 4] [1 2 3 4 6 7 10] [1 2 3 4 10] [1 2 3 4 6 9] [1 2 10] [1 2 3 4 9 10 14 21] [1 2 3 4 9 10] [1 2 3 4 8 9] [1 2 3 4 6] [1 2 3 4 8] [] [] [] [] [] [] []
64 [] [2] [1 2] [1] [1 2 3] [1 2 3 4] [1 2 3 4 6 7 10] [1 2 3 4 10] [1 2 3 4 6 9] [1 2 10] [1 2 3 4 9 10 14 21] [1 2 3 4 9 10] [1 2 3 4 8 9] [1 2 3 4 6] [1 2 3 4 8] [] [] [] [] [] [] []
65 [] [1] [2] [1 2] [1 2 3] [1 2 3 4] [1 2 3 4 6 7 10] [1 2 3 4 10] [1 2 3 4 6 9] [1 2 10] [1 2 3 4 9 10 14 21] [1 2 3 4 9 10] [1 2 3 4 8 9] [1 2 3 4 6] [1 2 3 4 8] [] [] [] [] [] [] []
66 [] [2] [1] [1 2] [1 2 3] [1 2 3 4] [1 2 3 4 6 7 10] [1 2 3 4 10] [1 2 3 4 6 9] [1 2 10] [1 2 3 4 9 10 14 21] [1 2 3 4 9 10] [1 2 3 4 8 9] [1 2 3 4 6] [1 2 3 4 8] [] [] [] [] [] [] []
67 [] [2] [1 2] [1] [1 2 3] [1 2 3 4] [1 2 3 4 6 7 10] [1 2 3 4 10] [1 2 3 4 6 9] [1 2 10] [1 2 3 4 9 10 14 21] [1 2 3 4 9 10] [1 2 3 4 8 9] [1 2 3 4 6] [1 2 3 4 8] [] [] [] [] [] [] []
68 [] [1] [2] [1 2] [1 2 3] [1 2 3 4] [1 2 3 4 6 7 10] [1 2 3 4 10] [1 2 3 4 6 9] [1 2 10] [1 2 3 4 9 10 14 21] [1 2 3 4 9 10] [1 2 3 4 8 9] [1 2 3 4 6] [1 2 3 4 8] [] [] [] [] [] [] []
69 [] [2] [1 2] [1] [1 2 3] [1 2 3 4] [1 2 3 4 6 7 10] [1 2 3 4 10] [1 2 3 4 6 9] [1 2 10] [1 2 3 4 9 10 14 21] [1 2 3 4 9 10] [1 2 3 4 8 9] [1 2 3 4 6] [1 2 3 4 8] [] [] [] [] [] [] []
70 [] [2] [1] [1 2] [1 2 3] [1 2 3 4] [1 2 3 4 6 7 10] [1 2 3 4 10] [1 2 3 4 6 9] [1 2 10] [1 2 3 4 9 10 14 21] [1 2 3 4 9 10] [1 2 3 4 8 9] [1 2 3 4 6] [1 2 3 4 8] [] [] [] [] [] [] []
71 [] [2] [1 2] [1] [1 2 3] [1 2 3 4] [1 2 3 4 6 7 10] [1 2 3 4 10] [1 2 3 4 6 9] [1 2 10] [1 2 3 4 9 10 14 21] [1 2 3 4 9 10] [1 2 3 4 8 9] [1 2 3 4 6] [1 2 3 4 8] [] [] [] [] [] [] []
72 [] [2] [1 2] [1] [1 2 3] [1 2 3 4] [1 2 3 4 6 7 10] [1 2 3 4 10] [1 2 3 4 6 9] [1 2 10] [1 2 3 4 9 10 14 21] [1 2 3 4 9 10] [1 2 3 4 8 9] [1 2 3 4 6] [1 2 3 4 8] [] [] [] [] [] [] []
73 [] [2] [1] [1 2] [1 2 3] [1 2 3 4] [1 2 3 4 6 7 10] [1 2 3 4 10] [1 2 3 4 6 9] [1 2 10] [1 2 3 4 9 10 14 21] [1 2 3 4 9 10] [1 2 3 4 8 9] [1 2 3 4 6] [1 2 3 4 8] [] [] [] [] [] [] []
74 [] [2] [1 2] [1] [1 2 3] [1 2 3 4] [1 2 3 4 6 7 10] [1 2 3 4 10] [1 2 3 4 6 9] [1 2 10] [1 2 3 4 9 10 14 21] [1 2 3 4 9 10] [1 2 3 4 8 9] [1 2 3 4 6] [1 2 3 4 8] [] [] [] [] [] [] []
75 [] [2] [1 2 3] [1 2 3 4] [1] [1 2] [1 2 3 4 6 7 10] [1 2 3 4 10] [1 2 3 4 6 9] [1 2 10] [1 2 3 4 9 10 14 21] [1 2 3 4 9 10] [1 2 3 4 8 9] [1 2 3 4 6] [1 2 3 4 8] [] [] [] [] [] [] []
76 [] [1 2 3] [1 2 3 4] [1 2] [2] [1 2 3 4 6 7 10] [1] [1 2 3 4 10] [1 2 3 4 6 9] [1 2 10] [1 2 3 4 9 10 14 21] [1 2 3 4 9 10] [1 2 3 4 8 9] [1 2 3 4 6] [1 2 3 4 8] [] [] [] [] [] [] []
77 [] [1 2 3 4] [1 2 3] [1 2] [2] [1 2 3 4 9 10 14] [1 2 3 4 6 7 10] [1] [1 2 3 4 10] [1 2 3 4 6 9] [1 2 10] [1 2 3 4 9 10 14 21] [1 2 3 4 9 10] [1 2 3 4 8 9] [1 2 3 4 6] [1 2 3 4 8] [] [] [] [] [] []
78 [] [1 2 3 4 9 10 14] [1 2] [1 2 3 4 6 7 10] [1 2 3 4] [1 2 3] [1] [2] [1 2 3 4 10] [1 2 3 4 6 9] [1 2 10] [1 2 3 4 9 10 14 21] [1 2 3 4 9 10] [1 2 3 4 8 9] [1 2 3 4 6] [1 2 3 4 8] [] [] [] [] [] []
79 [] [1 2 3 4 6 7 10] [1 2 3 4] [1 2 3] [1 2] [1] [2] [1 2 3 4 10] [1 2 3 4 6 9] [1 2 10] [1 2 3 4 9 10 14 21] [1 2 3 4 9 10] [1 2 3 4 8 9] [1 2 3 4 6] [1 2 3 4 8] [] [] [] [] [] [] []
80 [] [1 2 3] [1 2] [1] [1 2 3 4] [2] [1 2 3 4 10] [1 2 3 4 6 9] [1 2 10] [1 2 3 4 9 10 14 21] [1 2 3 4 9 10] [1 2 3 4 8 9] [1 2 3 4 6] [1 2 3 4 8] [] [] [] [] [] [] [] []
81 [] [1] [1 2] [1 2 3] [1 2 3 4] [2] [1 2 3 4 10] [1 2 3 4 6 9] [1 2 10] [1 2 3 4 9 10 14 21] [1 2 3 4 9 10] [1 2 3 4 8 9] [1 2 3 4 6] [1 2 3 4 8] [] [] [] [] [] [] [] []
82 [] [1 2] [1 2 3 4] [1 2 3] [2] [1] [1 2 3 4 10] [1 2 3 4 6 9] [1 2 10] [1 2 3 4 9 10 14 21] [1 2 3 4 9 10] [1 2 3 4 8 9] [1 2 3 4 6] [1 2 3 4 8] [] [] [] [] [] [] [] []
83 [] [1 2 3 4] [1 2 3] [1 2] [2] [1] [1 2 3 4 10] [1 2 3 4 6 9] [1 2 10] [1 2 3 4 9 10 14 21] [1 2 3 4 9 10] [1 2 3 4 8 9] [1 2 3 4 6] [1 2 3 4 8] [] [] [] [] [] [] [] []
84 [] [1 2 3] [1 2] [2] [1] [1 2 3 4] [1 2 3 4 10] [1 2 3 4 6 9] [1 2 10] [1 2 3 4 9 10 14 21] [1 2 3 4 9 10] [1 2 3 4 8 9] [1 2 3 4 6] [1 2 3 4 8] [] [] [] [] [] [] [] []
85 [] [1 2 3] [1 2] [2] [1] [1 2 3 4] [1 2 3 4 10] [1 2 3 4 6 9] [1 2 10] [1 2 3 4 9 10 14 21] [1 2 3 4 9 10] [1 2 3 4 8 9] [1 2 3 4 6] [1 2 3 4 8] [] [] [] [] [] [] [] []
86 [] [1 2] [2] [1] [1 2 3 4] [1 2 3] [1 2 3 4 10] [1 2 3 4 6 9] [1 2 10] [1 2 3 4 9 10 14 21] [1 2 3 4 9 10] [1 2 3 4 8 9] [1 2 3 4 6] [1 2 3 4 8] [] [] [] [] [] [] [] []
87 [] [2] [1] [1 2] [1 2 3 4] [1 2 3] [1 2 3 4 10] [1 2 3 4 6 9] [1 2 10] [1 2 3 4 9 10 14 21] [1 2 3 4 9 10] [1 2 3 4 8 9] [1 2 3 4 6] [1 2 3 4 8] [] [] [] [] [] [] [] []
88 [] [1 2] [1 2 3 4] [1 2 3] [1 2 3 4 10] [2] [1 2 3 4 6 9] [1 2 10] [1 2 3 4 9 10 14 21] [1 2 3 4 9 10] [1 2 3 4 8 9] [1] [1 2 3 4 6] [1 2 3 4 8] [] [] [] [] [] [] [] []
89 [] [1 2 3] [1 2 3 8 9 10] [1 2 3 4 10] [1 2] [2] [1 2 3 4 6 9] [1 2 3 4] [1 2 10] [1 2 3 4 9 10 14 21] [1 2 3 4 9 10] [1 2 3 4 8 9] [1] [1 2 3 4 6] [1 2 3 4 8] [] [] [] [] [] [] []
90 [] [1 2 3] [1 2 3 4 10] [1 2] [2] [1 2 3 4 6 9] [1 2 3 4] [1 2 10] [1 2 3 4 9 10 14 21] [1 2 3 4 9 10] [1 2 3 4 8 9] [1] [1 2 3 4 6] [1 2 3 4 8] [] [] [] [] [] [] [] []
91 [] [1 2] [2] [1 2 3 4 6 9] [1 2 3] [1 2 3 4 10] [1 2 3 4] [1 2 10] [1 2 3 4 9 10 14 21] [1 2 3 4 9 10] [1 2 3 4 8 9] [1] [1 2 3 4 6] [1 2 3 4 8] [] [] [] [] [] [] [] []
92 [] [1 2 3] [1 2 3 4 9 10 14] [1 2] [1 2 3 4] [1 2 3 4 10] [1 2 10] [2] [1 2 3 4 9 10 14 21] [1 2 3 4 9 10] [1 2 3 4 8 9] [1] [1 2 3 4 6] [1 2 3 4 6 9] [1 2 3 4 8] [] [] [] [] [] [] []
93 [] [1 2 3 4] [1 2] [2] [1 2 3 4 10] [1 2 3] [1 2 10] [1 2 3 4 9 10 14 21] [1 2 3 4 9 10] [1 2 3 4 8 9] [1] [1 2 3 4 6] [1 2 3 4 6 9] [1 2 3 4 8] [] [] [] [] [] [] [] []
94 [] [1 2 3 4 10] [1 2 3 9] [1 2 3 4] [1 2 3] [1 2 10] [1 2] [2] [1 2 3 4 9 10 14 21] [1 2 3 4 9 10] [1 2 3 4 8 9] [1] [1 2 3 4 6] [1 2 3 4 6 9] [1 2 3 4 8] [] [] [] [] [] [] []
95 [] [1 2 3 4] [1 2 3] [1 2 10] [1 2] [2] [1 2 3 4 9 10 14 21] [1 2 3 4 9 10] [1 2 3 4 8 9] [1] [1 2 3 4 6] [1 2 3 4 10] [1 2 3 4 6 9] [1 2 3 4 8] [] [] [] [] [] [] [] []
96 [] [1 2 10] [1 2 3 4] [1 2 3 4 6 7 8] [2] [1 2 3 4 9 10 14 21] [1 2 3 4 9 10] [1 2 3 4 8 9] [1 2 3] [1] [1 2] [1 2 3 4 6] [1 2 3 4 10] [1 2 3 4 6 9] [1 2 3 4 8] [] [] [] [] [] [] []
97 [] [1 2 3 4 6 7 8] [2] [1] [1 2 3 4 9 10 14 21] [1 2 3 4 9 10] [1 2 3 4 8 9] [1 2 3] [1 2 3 4] [1 2] [1 2 3 4 6] [1 2 3 4 10] [1 2 3 4 6 9] [1 2 3 4 8] [] [] [] [] [] [] [] []
98 [] [1] [1 2 3] [1 2 3 4] [1 2 3 4 9 10 14 21] [1 2 3 4 9 10] [1 2 3 4 8 9] [2] [1 2] [1 2 3 4 6] [1 2 3 4 10] [1 2 3 4 6 9] [1 2 3 4 8] [] [] [] [] [] [] [] [] []
99 [] [1 2 3 4 9 10 14 21] [1 2 3] [2] [1 2 3 4 9 10] [1 2 3 4 8 9] [1 2 3 4] [1] [1 2] [1 2 3 4 6] [1 2 3 4 10] [1 2 3 4 6 9] [1 2 3 4 8] [] [] [] [] [] [] [] [] []
100 [] [1 2 3 4 9 10] [1 2 3 4 8 9] [1 2 3] [1 2 3 4] [2] [1] [1 2] [1 2 3 4 6] [1 2 3 4 10] [1 2 3 4 6 9] [1 2 3 4 8] [] [] [] [] [] [] [] [] [] []
101 [] [1 2 3] [1 2 3 4] [2] [1] [1 2] [1 2 3 4 6] [1 2 3 4 10] [1 2 3 4 6 9] [1 2 3 4 8] [] [] [] [] [] [] [] [] [] [] [] []
102 [] [1 2 3 4] [1 2 3] [2] [1] [1 2] [1 2 3 4 6] [1 2 3 4 10] [1 2 3 4 6 9] [1 2 3 4 8] [] [] [] [] [] [] [] [] [] [] [] []
103 [] [1 2 3 4] [1 2 3] [2] [1] [1 2] [1 2 3 4 6] [1 2 3 4 10] [1 2 3 4 6 9] [1 2 3 4 8] [] [] [] [] [] [] [] [] [] [] [] []
104 [] [1 2 3] [1 2 3 4] [2] [1] [1 2] [1 2 3 4 6] [1 2 3 4 10] [1 2 3 4 6 9] [1 2 3 4 8] [] [] [] [] [] [] [] [] [] [] [] []
105 [] [1 2 3] [1 2] [1 2 3 4] [2] [1] [1 2 3 4 6] [1 2 3 4 10] [1 2 3 4 6 9] [1 2 3 4 8] [] [] [] [] [] [] [] [] [] [] [] []
106 [] [1 2 3] [2] [1] [1 2] [1 2 3 4 6] [1 2 3 4 10] [1 2 3 4] [1 2 3 4 6 9] [1 2 3 4 8] [] [] [] [] [] [] [] [] [] [] [] []
107 [] [1] [2] [1 2] [1 2 3 4 6] [1 2 3] [1 2 3 4 10] [1 2 3 4] [1 2 3 4 6 9] [1 2 3 4 8] [] [] [] [] [] [] [] [] [] [] [] []
108 [] [1] [1 2] [1 2 3 9] [1 2 3 8] [1 2 3 4 6] [2] [1 2 3] [1 2 3 4 10] [1 2 3 4] [1 2 3 4 6 9] [1 2 3 4 8] [] [] [] [] [] [] [] [] [] []
109 [] [1 2 3 4 6] [2] [1 2] [1 2 3] [1] [1 2 3 4 10] [1 2 3 4] [1 2 3 4 6 9] [1 2 3 4 8] [] [] [] [] [] [] [] [] [] [] [] []
110 [] [1 2] [1 2 3 4 6] [1 2 3] [2] [1 2 3 4 10] [1] [1 2 3 4] [1 2 3 4 6 9] [1 2 3 4 8] [] [] [] [] [] [] [] [] [] [] [] []
111 [] [1 2] [1 2 3 4 6] [1 2 3] [2] [1 2 3 4 10] [1] [1 2 3 4] [1 2 3 4 6 9] [1 2 3 4 8] [] [] [] [] [] [] [] [] [] [] [] []
112 [] [1 2 3 4 6] [1 2 3] [1 2] [2] [1 2 3 4 10] [1] [1 2 3 4] [1 2 3 4 6 9] [1 2 3 4 8] [] [] [] [] [] [] [] [] [] [] [] []
113 [] [1 2] [2] [1 2 3] [1 2 3 4 10] [1] [1 2 3 4] [1 2 3 4 6 9] [1 2 3 4 8] [1 2 3 4 6] [] [] [] [] [] [] [] [] [] [] [] []
114 [] [1 2] [1 2 3] [1 2 3 4 10] [1 2 3 4] [1 2 3 4 6 9] [1 2 3 4 8] [1 2 3 4 6] [2] [] [] [] [] [] [] [] [] [] [] [] [] []
115 [] [1 2 3 4 10] [1 2 3] [1 2 3 4] [1 2 3 4 6 9] [1 2] [1 2 3 4 8] [1 2 3 4 6] [2] [] [] [] [] [] [] [] [] [] [] [] [] []
116 [] [1 2 3] [1 2 3 4] [1 2] [1 2 3 4 8] [1 2 3 4 6] [2] [] [] [] [] [] [] [] [] [] [] [] [] [] [] []
117 [] [1 2 3 4] [2] [1 2 3] [1 2] [1 2 3 4 8] [1 2 3 4 6] [] [] [] [] [] [] [] [] [] [] [] [] [] [] []
118 [] [1 2 3] [1 2 3 4] [1 2] [1 2 3 4 8] [1 2 3 4 6] [2] [] [] [] [] [] [] [] [] [] [] [] [] [] [] []
119 [] [1 2 3] [1 2 3 4 8] [1 2 3 4] [1 2] [1 2 3 4 6] [2] [] [] [] [] [] [] [] [] [] [] [] [] [] [] []
120 [] [1 2 3 4] [1 2] [1 2 3] [1 2 3 4 8] [1 2 3 4 6] [2] [] [] [] [] [] [] [] [] [] [] [] [] [] [] []
121 [] [1 2 3] [1 2 3 4] [1 2] [1 2 3 4 8] [1 2 3 4 6] [2] [] [] [] [] [] [] [] [] [] [] [] [] [] [] []
122 [] [1 2] [1 2 3] [1 2 3 4] [1 2 3 4 8] [1 2 3 4 6] [2] [] [] [] [] [] [] [] [] [] [] [] [] [] [] []
123 [] [1 2 3 4] [1 2 3] [1 2] [1 2 3 4 8] [1 2 3 4 6] [2] [] [] [] [] [] [] [] [] [] [] [] [] [] [] []
124 [] [1 2 3 4] [1 2 3 4 8] [1 2] [1 2 3] [1 2 3 4 6] [2] [] [] [] [] [] [] [] [] [] [] [] [] [] [] []
125 [] [1 2] [1 2 3 4 8] [1 2 3] [1 2 3 4] [1 2 3 4 6] [2] [] [] [] [] [] [] [] [] [] [] [] [] [] [] []
126 [] [1 2 3] [1 2 3 4] [1 2 3 4 6] [1 2] [2] [] [] [] [] [] [] [] [] [] [] [] [] [] [] [] []
127 [] [1 2 3] [1 2] [2] [] [] [] [] [] [] [] [] [] [] [] [] [] [] [] [] [] []
128 [] [1 2 3] [1 2] [2] [] [] [] [] [] [] [] [] [] [] [] [] [] [] [] [] [] []
129 [] [1 2 3] [1 2] [2] [] [] [] [] [] [] [] [] [] [] [] [] [] [] [] [] [] []
130 [] [1 2] [1 2 3] [2] [] [] [] [] [] [] [] [] [] [] [] [] [] [] [] [] [] []
131 [] [1 2 3] [1 2] [2] [1] [] [] [] [] [] [] [] [] [] [] [] [] [] [] [] [] []
132 [] [2] [1] [1 2] [] [] [] [] [] [] [] [] [] [] [] [] [] [] [] [] [] []
133 [] [1 2] [2] [] [] [] [] [] [] [] [] [] [] [] [] [] [] [] [] [] [] []
134 [] [2] [1 2] [] [] [] [] [] [] [] [] [] [] [] [] [] [] [] [] [] [] []
135 [] [2] [1 2] [1] [] [] [] [] [] [] [] [] [] [] [] [] [] [] [] [] [] []
