interv day time team
1 1 0 1
2 2 0 1
3 68 0 1
4 69 0 1
5 70 0 1
6 3 0 1
7 3 30 2
8 3 45 3
9 93 0 1
10 4 0 1
11 5 0 1
12 71 0 1
13 72 0 1
14 73 0 1
15 74 0 1
16 6 0 1
17 7 0 1
18 8 0 1
19 84 0 1
20 85 0 1
21 86 0 1
22 87 0 1
23 94 0 1
24 95 0 1
25 96 0 1
26 97 0 1
27 3 60 5
28 9 0 1
29 10 0 1
30 11 0 1
31 12 0 1
32 13 0 1
33 14 0 1
34 15 0 1
35 16 0 1
36 17 0 1
37 18 0 1
38 19 0 1
39 20 0 1
40 21 0 1
41 22 0 1
42 23 0 1
43 24 0 1
44 88 30 5
45 3 75 6
46 64 105 9
47 25 0 1
48 26 0 1
49 27 0 1
50 28 0 1
51 29 0 1
52 30 0 1
53 75 0 1
54 76 0 1
55 77 0 1
56 78 0 1
57 31 0 1
58 32 0 1
59 33 0 1
60 34 0 1
61 3 105 7
62 35 0 1
63 64 75 11
64 64 30 6
65 88 0 1
66 36 0 1
67 37 0 1
68 38 0 1
69 39 0 1
70 35 15 3
71 35 30 3
72 40 0 1
73 35 45 5
74 35 75 6
75 89 0 1
76 90 0 1
77 91 0 1
78 92 0 1
79 41 0 1
80 35 105 7
81 41 30 2
82 41 60 3
83 41 75 1
84 42 0 1
85 43 0 1
86 41 105 3
87 44 0 1
88 45 0 1
89 46 0 1
90 47 0 1
91 48 0 1
92 49 0 1
93 50 0 1
94 51 0 1
95 52 0 1
96 53 0 1
97 46 30 3
98 54 0 1
99 55 0 1
100 56 0 1
101 57 0 1
102 46 60 6
103 79 0 1
104 80 0 1
105 81 0 1
106 58 0 1
107 46 90 7
108 46 105 8
109 59 0 1
110 82 0 1
111 83 0 1
112 60 0 1
113 61 0 1
114 62 0 1
115 63 0 1
116 64 0 1
117 64 45 9
118 65 0 1
119 66 0 1
120 67 0 1
