day not_working team1 team2 team3 team4 team5 team6 team7 team8 team9 team10 team11 team12 team13 team14 team15 team16 team17 team18 team19 team20 team21 team22 team23 team24 team25 team26
1 [16 30 31] [1 2 3] [1 2 3 4] [1 2 4 5] [1 2 4] [1 2 3 4 5 6] [1 4] [1 2 3 4 5] [1 4 5 6] [1 2 4 5 6 7] [1 2 3 4 5 6 8] [2 3 4 5] [1 2] [1 2 3 4 6] [1 2 3 4 5 6 7] [1 2 4 5 7 9] [2 3 5] [2 3 4 5 6] [1 2 4 5 6 11] [1 2 4 7] [1 2 3 4 5 6 8 11] [1 2 3 4 5 6 7 9] [1 2 3 4 5 6 9] [2 3 4 5 6 8 11] [] [] []
2 [4 8 16 24] [1 2 3] [1 2 3 6] [1 2 5 6] [1 2 5] [1 2 3 5 6 7] [1 5] [1 2 3 5 6] [1 5 6 7] [1 2 5 6 7] [1 2 3 5] [1 2 3 5 6 11] [2 3 5] [2 3 5 6] [1 2] [1 2 3 6 7] [1 2 3 5 6 7 11] [1 2 5 6 7 9] [2 3 5 6 7] [1 2 5 6 7 11] [1 2 5 7] [1 2 3 5 6 7 11 12 13] [1 2 3 5 6 7 9] [1 2 3 5 6 7 9 11] [2 3 5 6 7 11 13] [1 2 3 5 11] [2 3 5 6 11]
3 [25 31] [1 2 3 4] [1 2 4 5] [1 2 4] [1 2 3 4 5 6] [1 4] [1 2 3 4 5] [1 2 3] [1 4 5 6] [1 2 4 5 6 7] [1 2 3 4 5 6 8] [2 3 4 5] [1 2] [1 2 3 4 6] [1 2 3 4 5 6 7] [1 2 4 5 7 9] [2 3 5] [2 3 4 5 6] [1 2 4 5 6 11] [1 2 4 7] [1 2 3 4 5 6 8 11] [1 2 3 4 5 6 7 9] [1 2 3 4 5 6 9] [2 3 4 5 6 8 11] [] [] []
4 [15] [1 2 3 4] [1 2 3 4 5 6] [1 2 3 4 5] [1 2 3] [1 4 5 6] [1 2 4 5 6 7] [1 2 4] [1 2 3 4 5 6 8] [2 3 4 5] [1 2 4 5] [1 2] [1 4] [1 2 3 4 6] [1 2 3 4 5 6 7] [1 2 4 5 7 9] [2 3 5] [2 3 4 5 6] [1 2 4 5 6 11] [1 2 4 7] [1 2 3 4 5 6 8 11] [1 2 3 4 5 6 7 9] [1 2 3 4 5 6 9] [2 3 4 5 6 8 11] [] [] []
5 [6] [1 2 3 4] [1 2 3 4 5 7] [1 2 3 4 5] [1 2 3] [1 4 5 7] [1 2 4 5 7] [1 2 4] [1 2 3 4 5 8 11] [2 3 4 5] [1 2 4 5] [1 2] [1 4] [1 2 3 4 7] [1 2 3 4 5 7 8 11] [1 2 4 5 7 9] [2 3 5] [2 3 4 5 7] [1 2 4 5 7 11] [1 2 4 7] [1 2 3 4 5 7 9] [1 2 3 4 5 8] [2 3 4 5 7 8 11 13] [2 3 4 5 8 11 13] [] [] []
6 [11] [1 2 3 4 5 6] [1 2 3 4 5] [1 2 3] [1 4 5 6] [1 2 4 5 6 7] [1 2 3 4] [1 2 4] [1 2 3 4 5 6 8] [2 3 4 5] [1 2 4 5] [1 2] [1 4] [1 2 3 4 6] [1 2 3 4 5 6 7] [1 2 4 5 7 9] [2 3 5] [2 3 4 5 6] [1 2 4 5 6 12] [1 2 4 7] [1 2 3 4 5 6 8 12] [1 2 3 4 5 6 7 9] [1 2 3 4 5 6 9] [2 3 4 5 6 8 13] [] [] []
7 [20] [1 2 3 4 5 6] [1 2 3 4 5] [1 2 3] [1 4 5 6] [1 2 4 5 6 7] [1 2 3 4] [1 2 4] [1 2 3 4 5 6 8] [2 3 4 5] [1 2 4 5] [1 2] [1 4] [1 2 3 4 6] [1 2 3 4 5 6 7] [1 2 4 5 7 9] [2 3 5] [2 3 4 5 6] [1 2 4 5 6 11] [1 2 4 7] [1 2 3 4 5 6 8 11] [1 2 3 4 5 6 7 9] [1 2 3 4 5 6 9] [2 3 4 5 6 8 11] [] [] []
8 [12 22 23 28] [1 2 3 4 5 6] [1 2 3 4 5] [1 2 3] [1 4 5 6] [1 2 4 5 6 7] [1 2 3 4] [1 2 4] [1 2 3 4 5 6 8] [2 3 4 5] [1 2 4 5] [1 2] [1 4] [1 2 3 4 6] [1 2 3 4 5 6 7] [1 2 4 5 7 9] [2 3 5] [2 3 4 5 6] [1 2 4 5 6 11] [1 2 4 7] [1 2 3 4 5 6 8 11] [1 2 3 4 5 6 7 9] [1 2 3 4 5 6 9] [2 3 4 5 6 8 11] [] [] []
9 [] [1 2 3 4 5] [1 2 3] [1 4 5 6] [1 2 4 5 6 7] [1 2 3 4] [1 2 4] [1 2 3 4 5 6 8] [1 2 3 4 5 6] [2 3 4 5] [1 2 4 5] [1 2] [1 4] [1 2 3 4 6] [1 2 3 4 5 6 7] [1 2 4 5 7 9] [2 3 5] [2 3 4 5 6] [1 2 4 5 6 11] [1 2 4 7] [1 2 3 4 5 6 8 11] [1 2 3 4 5 6 7 9] [1 2 3 4 5 6 9] [2 3 4 5 6 8 11] [] [] []
10 [11] [1 2 3] [1 4 5 6] [1 2 3 4 5] [1 2 4 5 6 7] [1 2 3 4] [1 2 4] [1 2 3 4 5 6 8] [1 2 3 4 5 6] [2 3 4 5] [1 2 4 5] [1 2] [1 4] [1 2 3 4 6] [1 2 3 4 5 6 7] [1 2 4 5 7 9] [2 3 5] [2 3 4 5 6] [1 2 4 5 6 12] [1 2 4 7] [1 2 3 4 5 6 8 12] [1 2 3 4 5 6 7 9] [1 2 3 4 5 6 9] [2 3 4 5 6 8 13] [] [] []
11 [] [1 2 3] [1 4 5 6] [1 2 3 4 5] [1 2 4 5 6 7] [1 2 3 4] [1 2 4] [1 2 3 4 5 6 8] [1 2 3 4 5 6] [2 3 4 5] [1 2 4 5] [1 2] [1 4] [1 2 3 4 6] [1 2 3 4 5 6 7] [1 2 4 5 7 9] [2 3 5] [2 3 4 5 6] [1 2 4 5 6 11] [1 2 4 7] [1 2 3 4 5 6 8 11] [1 2 3 4 5 6 7 9] [1 2 3 4 5 6 9] [2 3 4 5 6 8 11] [] [] []
12 [] [1 2 3] [1 4 5 6] [1 2 3 4 5] [1 2 4 5 6 7] [1 2 3 4] [1 2 4] [1 2 3 4 5 6 8] [1 2 3 4 5 6] [2 3 4 5] [1 2 4 5] [1 2] [1 4] [1 2 3 4 6] [1 2 3 4 5 6 7] [1 2 4 5 7 9] [2 3 5] [2 3 4 5 6] [1 2 4 5 6 11] [1 2 4 7] [1 2 3 4 5 6 8 11] [1 2 3 4 5 6 7 9] [1 2 3 4 5 6 9] [2 3 4 5 6 8 11] [] [] []
13 [13] [1 2 3] [1 4 5 6] [1 2 3 4 5] [1 2 4 5 6 7] [1 2 3 4] [1 2 4] [1 2 3 4 5 6 8] [1 2 3 4 5 6] [2 3 4 5] [1 2 4 5] [1 2] [1 4] [1 2 3 4 6] [1 2 3 4 5 6 7] [1 2 4 5 7 9] [2 3 5] [2 3 4 5 6] [1 2 4 5 6 11] [1 2 4 7] [1 2 3 4 5 6 8 11] [1 2 3 4 5 6 7 9] [1 2 3 4 5 6 9] [2 3 4 5 6 8 11] [] [] []
14 [] [1 4 5 6] [1 2 3 4 5] [1 2 4 5 6 7] [1 2 3 4] [1 2 4] [1 2 3 4 5 6 8] [1 2 3 4 5 6] [2 3 4 5] [1 2 4 5] [1 2] [1 4] [1 2 3 4 6] [1 2 3 4 5 6 7] [1 2 4 5 7 9] [2 3 5] [2 3 4 5 6] [1 2 4 5 6 11] [1 2 4 7] [1 2 3 4 5 6 8 11] [1 2 3 4 5 6 7 9] [1 2 3 4 5 6 9] [2 3 4 5 6 8 11] [] [] [] []
15 [8 14 29] [1 2 3 4 5] [1 2 4 5 6 7] [1 2 3 4] [1 2 4] [1 2 3 4 5 6 11] [1 2 3 4 5 6] [2 3 4 5] [1 2 4 5] [1 2] [1 4] [1 2 3 4 6] [1 2 3 4 5 6 7] [1 2 4 5 7 9] [2 3 5] [2 3 4 5 6] [1 2 4 5 6 11] [1 2 4 7] [1 2 3 4 5 6 11 12] [1 2 3 4 5 6 7 9] [1 2 3 4 5 6 9] [2 3 4 5 6 11 13] [1 4 5 6] [2 3 4 5 6 11] [] [] []
16 [37 38] [1 2 3 4 5] [1 2 4 5 6 7] [1 2 3 4] [1 2 4] [1 2 3 4 5 6 8] [1 2 3 4 5 6] [2 3 4 5] [1 2 4 5] [1 2] [1 4] [1 2 3 4 6] [1 2 3 4 5 6 7] [1 2 4 5 7 9] [2 3 5] [2 3 4 5 6] [1 2 4 5 6 11] [1 2 4 7] [1 2 3 4 5 6 8 11] [1 2 3 4 5 6 7 9] [1 2 3 4 5 6 9] [2 3 4 5 6 8 11] [1 4 5 6] [] [] [] []
17 [24 35] [1 2 4 5 6 7] [1 2 3 4] [1 2 4] [1 2 3 4 5] [1 2 3 4 5 6 8] [1 2 3 4 5 6] [2 3 4 5] [1 2 4 5] [1 2] [1 4] [1 2 3 4 6] [1 2 3 4 5 6 7] [1 2 4 5 7 9] [2 3 5] [2 3 4 5 6] [1 2 4 5 6 11] [1 2 4 7] [1 2 3 4 5 6 8 11] [1 2 3 4 5 6 7 9] [1 2 3 4 5 6 9] [2 3 4 5 6 8 11] [1 4 5 6] [] [] [] []
18 [23] [1 2 4 5 6 7] [1 2 3 4] [1 2 4] [1 2 3 4 5] [1 2 3 4 5 6 8] [1 2 3 4 5 6] [2 3 4 5] [1 2 4 5] [1 2] [1 4] [1 2 3 4 6] [1 2 3 4 5 6 7] [1 2 4 5 7 9] [2 3 5] [2 3 4 5 6] [1 2 4 5 6 11] [1 2 4 7] [1 2 3 4 5 6 8 11] [1 2 3 4 5 6 7 9] [1 2 3 4 5 6 9] [2 3 4 5 6 8 11] [1 4 5 6] [] [] [] []
19 [9 15 40] [1 2 4 5 6 7] [1 2 3 4] [1 2 4] [1 2 3 4 5] [1 2 3 4 5 6 8] [1 2 3 4 5 6] [2 3 4 5] [1 2 4 5] [1 2] [1 4] [1 2 3 4 6] [1 2 3 4 5 6 7] [1 2 4 5 7 12] [2 3 5] [2 3 4 5 6] [1 2 4 5 6 11] [1 2 4 7] [1 2 3 4 5 6 8 11] [1 2 3 4 5 6 7 12] [1 2 3 4 5 6 12] [2 3 4 5 6 8 11] [1 4 5 6] [] [] [] []
20 [] [1 2 4 5 6 7] [1 2 3 4] [1 2 4] [1 2 3 4 5] [1 2 3 4 5 6 8] [1 2 3 4 5 6] [2 3 4 5] [1 2 4 5] [1 2] [1 4] [1 2 3 4 6] [1 2 3 4 5 6 7] [1 2 4 5 7 9] [2 3 5] [2 3 4 5 6] [1 2 4 5 6 11] [1 2 4 7] [1 2 3 4 5 6 8 11] [1 2 3 4 5 6 7 9] [1 2 3 4 5 6 9] [2 3 4 5 6 8 11] [1 4 5 6] [] [] [] []
21 [21 28] [1 2 3 4] [1 2 4] [1 2 3 4 5] [1 2 3 4 5 6 8] [1 2 3 4 5 6] [2 3 4 5] [1 2 4 5] [1 2] [1 4] [1 2 3 4 6] [1 2 3 4 5 6 7] [1 2 4 5 7 9] [2 3 5] [2 3 4 5 6] [1 2 4 5 6 11] [1 2 4 7] [1 2 3 4 5 6 8 11] [1 2 3 4 5 6 7 9] [1 2 3 4 5 6 9] [2 3 4 5 6 8 11] [1 4 5 6] [] [] [] [] []
22 [1] [2 3 4 5] [2 4 5] [2 3 4 5 6] [2 3 4 5 6 8] [2 3 4 5 6 7 12] [2 4 5 6] [2 3] [4 5] [2 3 4 5 6 7] [2 4] [2 3 4 6 7 11] [2 3 4 5 6 8 11] [2 3 4 5 6 7 9 11] [2 3 4 5 6 7 9 12] [2 3 4 5 6 7 11] [2 3 5] [2 3 4 5 6 7 8 11 12] [2 3 4 5 7 9] [2 3 4 5 6 7 8 9 11] [4 5 6 7] [2 3 4 5 8] [2 3 4 6 7] [2 3 4 5 11 12] [] [] []
23 [4] [1 2 3 5] [1 2 5] [1 2 3 5 6] [1 2 3 5 6 8] [1 2 3 5 6 7] [2 3 5] [2 3 5 6] [1 2 5 6] [1 2] [1 5] [1 2 3 6 7] [1 2 3 5 6 7 8] [1 2 5 6 7 9] [2 3 5 6 7] [1 2 5 6 7 8 11] [1 2 5 7] [1 2 3 5 6 7 8 11 12] [1 2 3 5 6 7 9] [1 2 3 5 6 7 8 9] [2 3 5 6 7 8 11] [1 5 6 7] [1 2 3 5 8] [2 3 5 6 8 11] [] [] []
24 [] [1 2 3 4] [1 2 4] [1 2 3 4 5] [1 2 3 4 5 6 8] [1 2 3 4 5 6] [2 3 4 5] [1 2 4 5] [1 2] [1 4] [1 2 3 4 6] [1 2 3 4 5 6 7] [1 2 4 5 7 9] [2 3 5] [2 3 4 5 6] [1 2 4 5 6 11] [1 2 4 7] [1 2 3 4 5 6 8 11] [1 2 3 4 5 6 7 9] [1 2 3 4 5 6 9] [2 3 4 5 6 8 11] [1 4 5 6] [] [] [] [] []
25 [] [1 2 4] [1 2 3 4 5] [1 2 3 4 5 6 8] [1 2 3 4 5 6] [2 3 4 5] [1 2 4 5] [1 2] [1 4] [1 2 3 4] [1 2 3 4 6] [1 2 3 4 5 6 7] [1 2 4 5 7 9] [2 3 5] [2 3 4 5 6] [1 2 4 5 6 11] [1 2 4 7] [1 2 3 4 5 6 8 11] [1 2 3 4 5 6 7 9] [1 2 3 4 5 6 9] [2 3 4 5 6 8 11] [1 4 5 6] [] [] [] [] []
26 [33 34 39] [1 2 4] [1 2 3 4 5] [1 2 3 4 5 6 8] [1 2 3 4 5 6] [2 3 4 5] [1 2 4 5] [1 2] [1 4] [1 2 3 4] [1 2 3 4 6] [1 2 3 4 5 6 7] [1 2 4 5 7 9] [2 3 5] [2 3 4 5 6] [1 2 4 5 6 11] [1 2 4 7] [1 2 3 4 5 6 8 11] [1 2 3 4 5 6 7 9] [1 2 3 4 5 6 9] [2 3 4 5 6 8 11] [1 4 5 6] [] [] [] [] []
27 [31] [1 2 3 4 5] [1 2 3 4 5 6 8] [1 2 3 4 5 6] [2 3 4 5] [1 2 4 5] [1 2] [1 4] [1 2 3 4] [1 2 3 4 6] [1 2 3 4 5 6 7] [1 2 4 5 7 9] [2 3 5] [2 3 4 5 6] [1 2 4 5 6 11] [1 2 4] [1 2 4 7] [1 2 3 4 5 6 8 11] [1 2 3 4 5 6 7 9] [1 2 3 4 5 6 9] [2 3 4 5 6 8 11] [1 4 5 6] [] [] [] [] []
28 [18 39] [1 2 3 4 5] [1 2 3 4 5 6 8] [1 2 3 4 5 6] [2 3 4 5] [1 2 4 5] [1 2] [1 4] [1 2 3 4] [1 2 3 4 6] [1 2 3 4 5 6 7] [1 2 4 5 7 9] [2 3 5] [2 3 4 5 6] [1 2 4 5 6 11] [1 2 4] [1 2 4 7] [1 2 3 4 5 6 8 11] [1 2 3 4 5 6 7 9] [1 2 3 4 5 6 9] [2 3 4 5 6 8 11] [1 4 5 6] [] [] [] [] []
29 [] [1 2 3 4 5 6 8] [1 2 3 4 5 6] [2 3 4 5] [1 2 4 5] [1 2] [1 4] [1 2 3 4] [1 2 3 4 6] [1 2 3 4 5 6 7] [1 2 4 5 7 9] [2 3 5] [2 3 4 5 6] [1 2 4 5 6 11] [1 2 4] [1 2 4 7] [1 2 3 4 5 6 8 11] [1 2 3 4 5 6 7 9] [1 2 3 4 5 6 9] [2 3 4 5 6 8 11] [1 4 5 6] [1 2 3 4 5] [] [] [] [] []
30 [34] [1 2 3 4 5 6 8] [1 2 3 4 5 6] [2 3 4 5] [1 2 4 5] [1 2] [1 4] [1 2 3 4] [1 2 3 4 6] [1 2 3 4 5 6 7] [1 2 4 5 7 9] [2 3 5] [2 3 4 5 6] [1 2 4 5 6 11] [1 2 4] [1 2 4 7] [1 2 3 4 5 6 8 11] [1 2 3 4 5 6 7 9] [1 2 3 4 5 6 9] [2 3 4 5 6 8 11] [1 4 5 6] [1 2 3 4 5] [] [] [] [] []
31 [] [1 2 3 4 5 6] [2 3 4 5] [1 2 4 5] [1 2] [1 4] [1 2 3 4] [1 2 3 4 6] [1 2 3 4 5 6 8] [1 2 3 4 5 6 7] [1 2 4 5 7 9] [2 3 5] [2 3 4 5 6] [1 2 4 5 6 11] [1 2 4] [1 2 4 7] [1 2 3 4 5 6 8 11] [1 2 3 4 5 6 7 9] [1 2 3 4 5 6 9] [2 3 4 5 6 8 11] [1 4 5 6] [1 2 3 4 5] [] [] [] [] []
32 [] [2 3 4 5] [1 2 4 5] [1 2] [1 4] [1 2 3 4] [1 2 3 4 5 6] [1 2 3 4 6] [1 2 3 4 5 6 8] [1 2 3 4 5 6 7] [1 2 4 5 7 9] [2 3 5] [2 3 4 5 6] [1 2 4 5 6 11] [1 2 4] [1 2 4 7] [1 2 3 4 5 6 8 11] [1 2 3 4 5 6 7 9] [1 2 3 4 5 6 9] [2 3 4 5 6 8 11] [1 4 5 6] [1 2 3 4 5] [] [] [] [] []
33 [] [2 3 4 5] [1 2 4 5] [1 2] [1 4] [1 2 3 4] [1 2 3 4 5 6] [1 2 3 4 6] [1 2 3 4 5 6 8] [1 2 3 4 5 6 7] [1 2 4 5 7 9] [2 3 5] [2 3 4 5 6] [1 2 4 5 6 11] [1 2 4] [1 2 4 7] [1 2 3 4 5 6 8 11] [1 2 3 4 5 6 7 9] [1 2 3 4 5 6 9] [2 3 4 5 6 8 11] [1 4 5 6] [1 2 3 4 5] [] [] [] [] []
34 [] [2 3 4 5] [1 2 4 5] [1 2] [1 4] [1 2 3 4] [1 2 3 4 5 6] [1 2 3 4 6] [1 2 3 4 5 6 8] [1 2 3 4 5 6 7] [1 2 4 5 7 9] [2 3 5] [2 3 4 5 6] [1 2 4 5 6 11] [1 2 4] [1 2 4 7] [1 2 3 4 5 6 8 11] [1 2 3 4 5 6 7 9] [1 2 3 4 5 6 9] [2 3 4 5 6 8 11] [1 4 5 6] [1 2 3 4 5] [] [] [] [] []
35 [] [2 3 4 5] [1 2 4 5] [1 2] [1 4] [1 2 3 4] [1 2 3 4 5 6] [1 2 3 4 6] [1 2 3 4 5 6 8] [1 2 3 4 5 6 7] [1 2 4 5 7 9] [2 3 5] [2 3 4 5 6] [1 2 4 5 6 11] [1 2 4] [1 2 4 7] [1 2 3 4 5 6 8 11] [1 2 3 4 5 6 7 9] [1 2 3 4 5 6 9] [2 3 4 5 6 8 11] [1 4 5 6] [1 2 3 4 5] [] [] [] [] []
36 [] [1 2 4 5] [1 4] [1 2] [2 3 4 5] [1 2 3 4 5 6] [1 2 3 4 5 6 8] [1 2 3 4 5 6 7] [1 2 4 5 7 9] [2 3 5] [2 3 4 5 6] [1 2 3 4] [1 2 4 5 6 11] [1 2 4] [1 2 4 7] [1 2 3 4 5 6 8 11] [1 2 3 4 5 6 7 9] [1 2 3 4 5 6 9] [2 3 4 5 6 8 11] [1 4 5 6] [1 2 3 4 6] [1 2 3 4 5] [] [] [] [] []
37 [] [1 2 4 5] [1 4] [1 2] [2 3 4 5] [1 2 3 4 5 6] [1 2 3 4 5 6 8] [1 2 3 4 5 6 7] [1 2 4 5 7 9] [2 3 5] [2 3 4 5 6] [1 2 3 4] [1 2 4 5 6 11] [1 2 4] [1 2 4 7] [1 2 3 4 5 6 8 11] [1 2 3 4 5 6 7 9] [1 2 3 4 5 6 9] [2 3 4 5 6 8 11] [1 4 5 6] [1 2 3 4 6] [1 2 3 4 5] [] [] [] [] []
38 [] [1 2 4 5] [1 4] [1 2] [2 3 4 5] [1 2 3 4 5 6] [1 2 3 4 5 6 8] [1 2 3 4 5 6 7] [1 2 4 5 7 9] [2 3 5] [2 3 4 5 6] [1 2 3 4] [1 2 4 5 6 11] [1 2 4] [1 2 4 7] [1 2 3 4 5 6 8 11] [1 2 3 4 5 6 7 9] [1 2 3 4 5 6 9] [2 3 4 5 6 8 11] [1 4 5 6] [1 2 3 4 6] [1 2 3 4 5] [] [] [] [] []
39 [] [1 2 4 5] [1 4] [1 2] [2 3 4 5] [1 2 3 4 5 6] [1 2 3 4 5 6 8] [1 2 3 4 5 6 7] [1 2 4 5 7 9] [2 3 5] [2 3 4 5 6] [1 2 3 4] [1 2 4 5 6 11] [1 2 4] [1 2 4 7] [1 2 3 4 5 6 8 11] [1 2 3 4 5 6 7 9] [1 2 3 4 5 6 9] [2 3 4 5 6 8 11] [1 4 5 6] [1 2 3 4 6] [1 2 3 4 5] [] [] [] [] []
40 [] [1 4] [1 2] [2 3 4 5] [1 2 3 4 5 6] [1 2 3 4 5 6 8] [1 2 4 5] [1 2 3 4 5 6 7] [1 2 4 5 7 9] [2 3 5] [2 3 4 5 6] [1 2 3 4] [1 2 4 5 6 11] [1 2 4] [1 2 4 7] [1 2 3 4 5 6 8 11] [1 2 3 4 5 6 7 9] [1 2 3 4 5 6 9] [2 3 4 5 6 8 11] [1 4 5 6] [1 2 3 4 6] [1 2 3 4 5] [] [] [] [] []
41 [] [1 2] [2 3 4 5] [1 2 3 4 5 6] [1 2 3 4 5 6 8] [1 2 4 5] [1 2 3 4 5 6 7] [1 2 4 5 7 9] [2 3 5] [2 3 4 5 6] [1 2 3 4] [1 2 4 5 6 11] [1 2 4] [1 2 4 7] [1 2 3 4 5 6 8 11] [1 2 3 4 5 6 7 9] [1 2 3 4 5 6 9] [2 3 4 5 6 8 11] [1 4 5 6] [1 2 3 4 6] [1 2 3 4 5] [] [] [] [] [] []
42 [] [1 2 3 4 5 6 8] [1 2 4 5] [1 2 3 4 5 6 7] [1 2 4 5 7 9] [1 2 3 4 5 6] [2 3 4 5] [2 3 5] [2 3 4 5 6] [1 2 3 4] [1 2 4 5 6 11] [1 2 4] [1 2 4 7] [1 2 3 4 5 6 8 11] [1 2 3 4 5 6 7 9] [1 2 3 4 5 6 9] [2 3 4 5 6 8 11] [1 4 5 6] [1 2 3 4 6] [1 2 3 4 5] [] [] [] [] [] [] []
43 [] [1 2 3 4 5 6 8] [1 2 4 5] [1 2 3 4 5 6 7] [1 2 4 5 7 9] [1 2 3 4 5 6] [2 3 4 5] [2 3 5] [2 3 4 5 6] [1 2 3 4] [1 2 4 5 6 11] [1 2 4] [1 2 4 7] [1 2 3 4 5 6 8 11] [1 2 3 4 5 6 7 9] [1 2 3 4 5 6 9] [2 3 4 5 6 8 11] [1 4 5 6] [1 2 3 4 6] [1 2 3 4 5] [] [] [] [] [] [] []
44 [] [1 2 4 5] [1 2 3 4 5 6 7] [1 2 4 5 7 9] [1 2 3 4 5 6] [2 3 4 5] [2 3 5] [2 3 4 5 6] [1 2 3 4] [1 2 4 5 6 11] [1 2 4] [1 2 4 7] [1 2 3 4 5 6 8 11] [1 2 3 4 5 6 8] [1 2 3 4 5 6 7 9] [1 2 3 4 5 6 9] [2 3 4 5 6 8 11] [1 4 5 6] [1 2 3 4 6] [1 2 3 4 5] [] [] [] [] [] [] []
45 [] [1 2 4 5] [1 2 3 4 5 6 7] [1 2 4 5 7 9] [1 2 3 4 5 6] [2 3 4 5] [2 3 5] [2 3 4 5 6] [1 2 3 4] [1 2 4 5 6 11] [1 2 4] [1 2 4 7] [1 2 3 4 5 6 8 11] [1 2 3 4 5 6 8] [1 2 3 4 5 6 7 9] [1 2 3 4 5 6 9] [2 3 4 5 6 8 11] [1 4 5 6] [1 2 3 4 6] [1 2 3 4 5] [] [] [] [] [] [] []
46 [] [1 2 3 4 5 6 7] [1 2 4 5 7 9] [1 2 3 4 5 6] [1 2 4 5] [2 3 4 5] [2 3 5] [2 3 4 5 6] [1 2 3 4] [1 2 4 5 6 11] [1 2 4] [1 2 4 7] [1 2 3 4 5 6 8 11] [1 2 3 4 5 6 8] [1 2 3 4 5 6 7 9] [1 2 3 4 5 6 9] [2 3 4 5 6 8 11] [1 4 5 6] [1 2 3 4 6] [1 2 3 4 5] [] [] [] [] [] [] []
47 [] [1 2 4 5 7 9] [1 2 3 4 5 6] [1 2 4 5] [2 3 4 5] [1 2 4 5 6 11] [1 2 4] [1 2 4 7] [1 2 3 4 5 6 8 11] [1 2 3 4 5 6 8] [1 2 3 4 5 6 7 9] [1 2 3 4 5 6 9] [2 3 4 5 6 8 11] [1 4 5 6] [1 2 3 4] [1 2 3 4 6] [1 2 3 4 5] [] [] [] [] [] [] [] [] [] []
48 [] [1 2 4 5 7 9] [1 2 3 4 5 6] [1 2 4 5] [2 3 4 5] [1 2 4 5 6 11] [1 2 4] [1 2 4 7] [1 2 3 4 5 6 8 11] [1 2 3 4 5 6 8] [1 2 3 4 5 6 7 9] [1 2 3 4 5 6 9] [2 3 4 5 6 8 11] [1 4 5 6] [1 2 3 4] [1 2 3 4 6] [1 2 3 4 5] [] [] [] [] [] [] [] [] [] []
49 [] [1 2 4 5 7 9] [1 2 3 4 5 6] [1 2 4 5] [2 3 4 5] [1 2 4 5 6 11] [1 2 4] [1 2 4 7] [1 2 3 4 5 6 8 11] [1 2 3 4 5 6 8] [1 2 3 4 5 6 7 9] [1 2 3 4 5 6 9] [2 3 4 5 6 8 11] [1 4 5 6] [1 2 3 4] [1 2 3 4 6] [1 2 3 4 5] [] [] [] [] [] [] [] [] [] []
50 [] [1 2 3 4 5 6] [1 2 4 5] [2 3 4 5] [1 2 4 5 6 11] [1 2 4] [1 2 4 7] [1 2 3 4 5 6 8 11] [1 2 3 4 5 6 8] [1 2 3 4 5 6 7 9] [1 2 3 4 5 6 9] [2 3 4 5 6 8 11] [1 4 5 6] [1 2 3 4] [1 2 3 4 6] [1 2 3 4 5] [] [] [] [] [] [] [] [] [] [] []
51 [] [1 2 3 4 5 6] [1 2 4 5] [2 3 4 5] [1 2 4 5 6 11] [1 2 4] [1 2 4 7] [1 2 3 4 5 6 8 11] [1 2 3 4 5 6 8] [1 2 3 4 5 6 7 9] [1 2 3 4 5 6 9] [2 3 4 5 6 8 11] [1 4 5 6] [1 2 3 4] [1 2 3 4 6] [1 2 3 4 5] [] [] [] [] [] [] [] [] [] [] []
52 [] [1 2 3 4 5 6] [1 2 4 5] [2 3 4 5] [1 2 4 5 6 11] [1 2 4] [1 2 4 7] [1 2 3 4 5 6 8 11] [1 2 3 4 5 6 8] [1 2 3 4 5 6 7 9] [1 2 3 4 5 6 9] [2 3 4 5 6 8 11] [1 4 5 6] [1 2 3 4] [1 2 3 4 6] [1 2 3 4 5] [] [] [] [] [] [] [] [] [] [] []
53 [] [1 2 4 5] [2 3 4 5] [1 2 3 4 5 6] [1 2 4 5 6 11] [1 2 4] [1 2 4 7] [1 2 3 4 5 6 8 11] [1 2 3 4 5 6 8] [1 2 3 4 5 6 7 9] [1 2 3 4 5 6 9] [2 3 4 5 6 8 11] [1 4 5 6] [1 2 3 4] [1 2 3 4 6] [1 2 3 4 5] [] [] [] [] [] [] [] [] [] [] []
54 [] [2 3 4 5] [1 2 3 4 5 6] [1 2 4 5 6 11] [1 2 4] [1 2 4 7] [1 2 3 4 5 6 8 11] [1 2 3 4 5 6 8] [1 2 3 4 5 6 7 9] [1 2 3 4 5 6 9] [2 3 4 5 6 8 11] [1 2 4 5] [1 4 5 6] [1 2 3 4] [1 2 3 4 6] [1 2 3 4 5] [] [] [] [] [] [] [] [] [] [] []
55 [] [2 3 4 5] [1 2 3 4 5 6] [1 2 4 5 6 11] [1 2 4] [1 2 4 7] [1 2 3 4 5 6 8 11] [1 2 3 4 5 6 8] [1 2 3 4 5 6 7 9] [1 2 3 4 5 6 9] [2 3 4 5 6 8 11] [1 2 4 5] [1 4 5 6] [1 2 3 4] [1 2 3 4 6] [1 2 3 4 5] [] [] [] [] [] [] [] [] [] [] []
56 [] [2 3 4 5] [1 2 3 4 5 6] [1 2 4 5 6 11] [1 2 4] [1 2 4 7] [1 2 3 4 5 6 8 11] [1 2 3 4 5 6 8] [1 2 3 4 5 6 7 9] [1 2 3 4 5 6 9] [2 3 4 5 6 8 11] [1 2 4 5] [1 4 5 6] [1 2 3 4] [1 2 3 4 6] [1 2 3 4 5] [] [] [] [] [] [] [] [] [] [] []
57 [] [2 3 4 5] [1 2 3 4 5 6] [1 2 4 5 6 11] [1 2 4] [1 2 4 7] [1 2 3 4 5 6 8 11] [1 2 3 4 5 6 8] [1 2 3 4 5 6 7 9] [1 2 3 4 5 6 9] [2 3 4 5 6 8 11] [1 2 4 5] [1 4 5 6] [1 2 3 4] [1 2 3 4 6] [1 2 3 4 5] [] [] [] [] [] [] [] [] [] [] []
58 [] [2 3 4 5] [1 2 3 4 5 6] [1 2 4 5 6 11] [1 2 4] [1 2 4 7] [1 2 3 4 5 6 8 11] [1 2 3 4 5 6 8] [1 2 3 4 5 6 7 9] [1 2 3 4 5 6 9] [2 3 4 5 6 8 11] [1 2 4 5] [1 4 5 6] [1 2 3 4] [1 2 3 4 6] [1 2 3 4 5] [] [] [] [] [] [] [] [] [] [] []
59 [] [2 3 4 5] [1 2 3 4 5 6] [1 2 4 5 6 11] [1 2 4] [1 2 4 7] [1 2 3 4 5 6 8 11] [1 2 3 4 5 6 8] [1 2 3 4 5 6 7 9] [1 2 3 4 5 6 9] [2 3 4 5 6 8 11] [1 2 4 5] [1 4 5 6] [1 2 3 4] [1 2 3 4 6] [1 2 3 4 5] [] [] [] [] [] [] [] [] [] [] []
60 [] [1 2 3 4 5 6] [1 2 4 5 6 11] [1 2 4] [1 2 4 7] [1 2 3 4 5 6 8 11] [1 2 3 4 5 6 8] [1 2 3 4 5 6 7 9] [1 2 3 4 5 6 9] [2 3 4 5 6 8 11] [1 2 4 5] [1 4 5 6] [1 2 3 4] [1 2 3 4 6] [1 2 3 4 5] [] [] [] [] [] [] [] [] [] [] [] []
61 [] [1 2 3 4 5 6] [1 2 4 5 6 11] [1 2 4] [1 2 4 7] [1 2 3 4 5 6 8 11] [1 2 3 4 5 6 8] [1 2 3 4 5 6 7 9] [1 2 3 4 5 6 9] [2 3 4 5 6 8 11] [1 2 4 5] [1 4 5 6] [1 2 3 4] [1 2 3 4 6] [1 2 3 4 5] [] [] [] [] [] [] [] [] [] [] [] []
62 [] [1 2 3 4 5 6] [1 2 4 5 6 11] [1 2 4] [1 2 4 7] [1 2 3 4 5 6 8 11] [1 2 3 4 5 6 8] [1 2 3 4 5 6 7 9] [1 2 3 4 5 6 9] [2 3 4 5 6 8 11] [1 2 4 5] [1 4 5 6] [1 2 3 4] [1 2 3 4 6] [1 2 3 4 5] [] [] [] [] [] [] [] [] [] [] [] []
63 [] [1 2 3 4 5 6] [1 2 4 5 6 11] [1 2 4] [1 2 4 7] [1 2 3 4 5 6 8 11] [1 2 3 4 5 6 8] [1 2 3 4 5 6 7 9] [1 2 3 4 5 6 9] [2 3 4 5 6 8 11] [1 2 4 5] [1 4 5 6] [1 2 3 4] [1 2 3 4 6] [1 2 3 4 5] [] [] [] [] [] [] [] [] [] [] [] []
64 [] [1 2 4 5 6 11] [1 2 4] [1 2 4 7] [1 2 3 4 5 6 8 11] [1 2 3 4 5 6 8] [1 2 3 4 5 6 7 9] [1 2 3 4 5 6] [1 2 3 4 5 6 9] [2 3 4 5 6 8 11] [1 2 4 5] [1 4 5 6] [1 2 3 4] [1 2 3 4 6] [1 2 3 4 5] [] [] [] [] [] [] [] [] [] [] [] []
65 [] [1 2 4] [1 2 4 7] [1 2 3 4 5 6 8 11] [1 2 3 4 5 6 8] [1 2 3 4 5 6] [1 2 3 4 5 6 9] [1 2 4 5] [1 2 3 4] [1 2 3 4 6] [1 2 3 4 5] [] [] [] [] [] [] [] [] [] [] [] [] [] [] [] []
66 [] [1 2 4] [1 2 4 7] [1 2 3 4 5 6 8 11] [1 2 3 4 5 6 8] [1 2 3 4 5 6] [1 2 3 4 5 6 9] [1 2 4 5] [1 2 3 4] [1 2 3 4 6] [1 2 3 4 5] [] [] [] [] [] [] [] [] [] [] [] [] [] [] [] []
67 [] [1 2 4] [1 2 4 7] [1 2 3 4 5 6 8 11] [1 2 3 4 5 6 8] [1 2 3 4 5 6] [1 2 3 4 5 6 9] [1 2 4 5] [1 2 3 4] [1 2 3 4 6] [1 2 3 4 5] [] [] [] [] [] [] [] [] [] [] [] [] [] [] [] []
68 [] [1 2 4 7] [1 2 3 4 5 6 8 11] [1 2 3 4 5 6 8] [1 2 3 4 5 6] [1 2 3 4 5 6 9] [1 2 4 5] [1 2 3 4] [1 2 3 4 6] [1 2 3 4 5] [] [] [] [] [] [] [] [] [] [] [] [] [] [] [] [] []
69 [] [1 2 4 7] [1 2 3 4 5 6 8 11] [1 2 3 4 5 6 8] [1 2 3 4 5 6] [1 2 3 4 5 6 9] [1 2 4 5] [1 2 3 4] [1 2 3 4 6] [1 2 3 4 5] [] [] [] [] [] [] [] [] [] [] [] [] [] [] [] [] []
70 [] [1 2 4 7] [1 2 3 4 5 6 8 11] [1 2 3 4 5 6 8] [1 2 3 4 5 6] [1 2 3 4 5 6 9] [1 2 4 5] [1 2 3 4] [1 2 3 4 6] [1 2 3 4 5] [] [] [] [] [] [] [] [] [] [] [] [] [] [] [] [] []
71 [] [1 2 3 4 5 6 8 11] [1 2 3 4 5 6 8] [1 2 3 4 5 6] [1 2 3 4 5 6 9] [1 2 4 5] [1 2 3 4] [1 2 3 4 6] [1 2 3 4 5] [] [] [] [] [] [] [] [] [] [] [] [] [] [] [] [] [] []
72 [] [1 2 3 4 5 6 8 11] [1 2 3 4 5 6 8] [1 2 3 4 5 6] [1 2 3 4 5 6 9] [1 2 4 5] [1 2 3 4] [1 2 3 4 6] [1 2 3 4 5] [] [] [] [] [] [] [] [] [] [] [] [] [] [] [] [] [] []
73 [] [1 2 3 4 5 6 8 11] [1 2 3 4 5 6 8] [1 2 3 4 5 6] [1 2 3 4 5 6 9] [1 2 4 5] [1 2 3 4] [1 2 3 4 6] [1 2 3 4 5] [] [] [] [] [] [] [] [] [] [] [] [] [] [] [] [] [] []
74 [] [1 2 3 4 5 6 8 11] [1 2 3 4 5 6 8] [1 2 3 4 5 6] [1 2 3 4 5 6 9] [1 2 4 5] [1 2 3 4] [1 2 3 4 6] [1 2 3 4 5] [] [] [] [] [] [] [] [] [] [] [] [] [] [] [] [] [] []
75 [] [1 2 3 4 5 6 8] [1 2 3 4 5 6] [1 2 3 4 5 6 9] [1 2 4 5] [1 2 3 4] [1 2 3 4 6] [1 2 3 4 5] [] [] [] [] [] [] [] [] [] [] [] [] [] [] [] [] [] [] []
76 [] [1 2 3 4 5 6 8] [1 2 3 4 5 6] [1 2 3 4 5 6 9] [1 2 4 5] [1 2 3 4] [1 2 3 4 6] [1 2 3 4 5] [] [] [] [] [] [] [] [] [] [] [] [] [] [] [] [] [] [] []
77 [] [1 2 3 4 5 6 8] [1 2 3 4 5 6] [1 2 3 4 5 6 9] [1 2 4 5] [1 2 3 4] [1 2 3 4 6] [1 2 3 4 5] [] [] [] [] [] [] [] [] [] [] [] [] [] [] [] [] [] [] []
78 [] [1 2 3 4 5 6 8] [1 2 3 4 5 6] [1 2 3 4 5 6 9] [1 2 4 5] [1 2 3 4] [1 2 3 4 6] [1 2 3 4 5] [] [] [] [] [] [] [] [] [] [] [] [] [] [] [] [] [] [] []
79 [] [1 2 3 4 5 6] [1 2 3 4 5 6 9] [1 2 4 5] [1 2 3 4] [1 2 3 4 6] [1 2 3 4 5] [] [] [] [] [] [] [] [] [] [] [] [] [] [] [] [] [] [] [] []
80 [] [1 2 3 4 5 6] [1 2 3 4 5 6 9] [1 2 4 5] [1 2 3 4] [1 2 3 4 6] [1 2 3 4 5] [] [] [] [] [] [] [] [] [] [] [] [] [] [] [] [] [] [] [] []
81 [] [1 2 3 4 5 6] [1 2 3 4 5 6 9] [1 2 4 5] [1 2 3 4] [1 2 3 4 6] [1 2 3 4 5] [] [] [] [] [] [] [] [] [] [] [] [] [] [] [] [] [] [] [] []
82 [] [1 2 3 4 5 6 9] [1 2 4 5] [1 2 3 4] [1 2 3 4 5 6] [1 2 3 4 6] [1 2 3 4 5] [] [] [] [] [] [] [] [] [] [] [] [] [] [] [] [] [] [] [] []
83 [] [1 2 3 4 5 6 9] [1 2 4 5] [1 2 3 4] [1 2 3 4 5 6] [1 2 3 4 6] [1 2 3 4 5] [] [] [] [] [] [] [] [] [] [] [] [] [] [] [] [] [] [] [] []
84 [] [1 2 4 5] [1 2 3 4] [1 2 3 4 5 6] [1 2 3 4 6] [1 2 3 4 5] [] [] [] [] [] [] [] [] [] [] [] [] [] [] [] [] [] [] [] [] []
85 [] [1 2 4 5] [1 2 3 4] [1 2 3 4 5 6] [1 2 3 4 6] [1 2 3 4 5] [] [] [] [] [] [] [] [] [] [] [] [] [] [] [] [] [] [] [] [] []
86 [] [1 2 4 5] [1 2 3 4] [1 2 3 4 5 6] [1 2 3 4 6] [1 2 3 4 5] [] [] [] [] [] [] [] [] [] [] [] [] [] [] [] [] [] [] [] [] []
87 [] [1 2 4 5] [1 2 3 4] [1 2 3 4 5 6] [1 2 3 4 6] [1 2 3 4 5] [] [] [] [] [] [] [] [] [] [] [] [] [] [] [] [] [] [] [] [] []
88 [] [1 2 3 4] [1 2 4 5] [1 2 3 4 5 6] [1 2 3 4 6] [1 2 3 4 5] [] [] [] [] [] [] [] [] [] [] [] [] [] [] [] [] [] [] [] [] []
89 [] [1 2 4 5] [1 2 3 4 5 6] [1 2 3 4 6] [] [] [] [] [] [] [] [] [] [] [] [] [] [] [] [] [] [] [] [] [] [] []
90 [] [1 2 4 5] [1 2 3 4 5 6] [1 2 3 4 6] [] [] [] [] [] [] [] [] [] [] [] [] [] [] [] [] [] [] [] [] [] [] []
91 [] [1 2 4 5] [1 2 3 4 5 6] [1 2 3 4 6] [] [] [] [] [] [] [] [] [] [] [] [] [] [] [] [] [] [] [] [] [] [] []
92 [] [1 2 4 5] [1 2 3 4 5 6] [1 2 3 4 6] [] [] [] [] [] [] [] [] [] [] [] [] [] [] [] [] [] [] [] [] [] [] []
93 [] [1 2 3 4 5 6] [1 2 3 4 6] [] [] [] [] [] [] [] [] [] [] [] [] [] [] [] [] [] [] [] [] [] [] [] []
94 [] [1 2 3 4 5 6] [1 2 3 4 6] [] [] [] [] [] [] [] [] [] [] [] [] [] [] [] [] [] [] [] [] [] [] [] []
95 [] [1 2 3 4 6] [] [] [] [] [] [] [] [] [] [] [] [] [] [] [] [] [] [] [] [] [] [] [] [] []
96 [] [1 2 3 4 6] [] [] [] [] [] [] [] [] [] [] [] [] [] [] [] [] [] [] [] [] [] [] [] [] []
97 [] [1 2 3 4 6] [] [] [] [] [] [] [] [] [] [] [] [] [] [] [] [] [] [] [] [] [] [] [] [] []
